0 15 45.92
0 10 69.24
0 7 82.81
0 4 21.09
0 18 52.25
0 1 73.8
0 9 86.33
0 19 92.82
1 14 94.75
1 6 80.92
1 4 92.62
1 9 68.54
1 7 92.35
1 5 78.88
2 8 61.42
2 11 69.03
2 12 48.33
2 4 60.29
3 14 55.17
3 17 102.19
3 8 11.06
3 6 72.71
3 12 70.07
3 19 91.86
3 16 56.87
4 12 18.63
4 10 71.65
4 19 111.63
4 6 19.31
5 19 91.01
5 9 40.11
5 8 52.76
5 11 79.15
5 14 32.4
6 16 60.48
6 7 41.36
6 10 57.05
6 19 131.21
7 9 28.43
7 15 119.01
7 13 32.85
7 14 68.89
7 16 84.72
8 12 67.39
8 19 106.85
8 10 25.12
8 17 98.97
9 11 109.17
9 12 68.36
9 18 70.57
10 19 87.92
10 18 49.47
10 12 69.42
10 15 107.35
10 16 61.33
11 16 58.5
11 14 103.72
11 15 33.08
11 13 86.46
11 19 96.6
12 15 87.77
13 16 72.44
13 15 123.27
14 19 94.58
14 16 94.12
14 15 131.35
14 17 103.47
15 17 59.56
16 18 38.96
18 19 63.91
