0 11 87.92
0 17 55.19
0 6 43.66
0 13 42.57
1 3 87.74
1 4 33.89
1 16 51.18
1 12 30.56
1 5 12.32
1 19 40.22
1 17 59.1
2 15 44.14
2 19 62.04
3 12 97.77
3 14 92.56
3 4 90.63
3 10 56.65
4 5 23.94
4 10 77.67
4 19 22.08
4 8 84.51
5 16 58.88
5 11 42.17
5 6 27.97
5 13 8.84
5 10 70.54
5 9 30.59
6 19 70.35
6 10 36.84
6 14 82.21
6 18 61.09
6 9 48.08
7 18 80.68
7 15 78.75
7 19 48.8
8 13 65.25
8 18 109.48
8 14 90.26
9 18 35.7
9 15 39.94
9 16 73.15
9 17 41.53
9 19 35.9
10 12 81.22
10 13 59.79
11 13 53.41
11 16 67.99
11 19 86.55
12 14 23.07
12 19 29.56
12 17 42.76
13 15 5
13 17 58.05
14 16 43.04
14 19 18.93
14 18 69.48
14 17 31.99
15 17 62.06
15 18 61.33
15 19 64.73
16 19 59.32
