0 13 32.28
0 5 75.01
0 11 68.92
0 2 40.63
0 10 74.8
0 16 28.58
1 12 53.68
1 5 59.83
1 10 94.41
1 14 77.98
1 19 91.26
1 6 54.13
2 10 95.04
2 17 92.79
2 9 49.62
2 11 89.26
3 13 67.42
3 7 41.68
3 8 75.32
3 18 45.43
3 17 74.72
3 4 108.34
3 10 75.18
4 19 87.46
4 9 51.92
4 12 35.85
5 18 70.35
5 6 39.6
5 8 83.36
5 15 131.39
5 11 48.8
6 12 26.53
6 15 97.18
6 18 65.3
6 14 83.54
7 10 82.51
7 17 66.88
7 11 90.22
7 8 91.45
8 18 85.55
8 15 105.09
9 15 62.56
9 13 46.17
9 10 40.87
9 12 56.95
10 14 80.01
10 16 83.41
10 13 54.91
10 17 18.57
10 19 85.16
11 12 66.25
12 16 32.39
12 19 70.65
12 15 117.6
12 17 90.54
13 17 63.3
13 18 39.69
13 16 49.92
14 18 57.64
15 16 74.76
15 19 88.09
16 19 66.94
16 17 89.37
17 18 61.98
18 19 102.04
