0 16 23.53
0 18 51.58
1 24 39.14
1 20 90.95
1 46 59.68
1 35 59.2
1 30 103.51
1 4 82.29
1 36 64.67
2 38 56
2 34 20.06
2 40 31.88
2 31 73.5
2 7 51.18
2 10 60.3
2 18 66.73
2 13 41.69
2 42 16.77
2 41 80.59
2 36 111.63
2 3 77.36
2 35 94.95
2 28 85.9
3 26 43.36
3 39 19.2
3 42 70.62
3 15 113.29
3 36 96.29
3 14 52.39
3 46 81.38
4 40 67.77
4 25 72.41
4 43 29.81
4 5 68.69
4 18 60.98
4 34 41.49
4 8 68.97
4 46 51.84
4 30 64.53
4 9 81.42
4 11 44.68
5 42 39.2
5 24 76.76
5 23 81.03
5 6 70.87
6 46 83.08
6 25 41.73
6 10 50.91
6 45 72.83
6 19 138.51
6 21 40.23
6 14 82.68
6 47 33.64
7 48 95.13
7 31 45.64
7 34 77.97
7 27 23.02
7 24 59.81
7 39 41.51
8 25 59.62
8 44 64.13
9 33 26.66
9 41 62.64
9 46 103.46
10 48 73.43
10 35 78.05
10 37 59.75
10 29 71.04
10 26 25.5
11 49 94.11
11 32 38.88
11 24 83.11
11 48 62.46
11 21 71.5
11 44 76.04
11 25 109.87
11 47 72.56
11 38 101.38
12 42 46.08
12 30 79.69
12 49 83.63
12 19 127.27
12 31 60.94
12 36 108.71
12 16 53.2
13 20 37.88
13 18 91.37
13 33 24.84
13 35 106.01
13 39 44.08
13 36 133.04
13 34 52.92
13 48 97.85
13 37 67.78
14 45 65.13
14 36 89.2
14 16 92.73
14 33 53.94
14 37 84.92
14 28 93.35
14 46 103.19
14 41 87.98
14 38 59.86
14 35 89.56
15 35 33.86
15 21 91.8
15 42 117.32
15 49 120.39
15 41 68.18
15 22 98.25
15 39 103.77
15 18 63.48
15 48 52.11
15 26 126.53
15 34 92.12
15 28 52.94
15 23 68.75
16 21 37.66
16 29 77.69
16 36 75.31
16 30 84.94
16 37 45.57
16 24 28.74
17 49 85
17 21 87.1
17 36 91.73
17 23 85.93
17 30 29.58
17 33 79.59
17 28 80.8
17 19 118.42
17 22 63.05
17 27 71.5
18 45 3.85
18 38 67.28
18 32 45.67
18 20 65.37
18 35 40.01
18 24 61.91
18 43 74.4
19 38 119.74
19 36 8.82
19 25 129.16
19 22 133.68
19 48 37.51
19 21 125.71
19 39 104.97
19 42 129.81
19 49 104.94
19 41 88.39
19 40 108.57
19 37 70.46
19 44 46.28
20 40 25.89
20 48 72.35
20 46 92.22
20 26 43.69
20 24 89.76
20 32 31.89
20 39 47.58
20 28 78.1
20 47 19.88
21 32 69.89
21 36 99.8
21 29 62.29
21 46 59.2
21 47 58.81
22 35 95.08
22 44 80.05
22 47 14.63
22 42 20.6
23 38 110.22
23 30 73.17
23 48 13.45
23 43 101.48
23 25 121.3
23 42 103.08
23 36 20.11
23 45 27.77
23 40 86.2
23 27 93.36
24 42 79.87
24 38 45.41
25 28 95.77
25 29 58.16
25 33 28.41
25 45 93.16
25 43 53.09
25 27 15.94
26 46 108.85
26 48 86.18
26 30 110.89
27 44 72.82
27 48 86.53
27 49 22.1
27 28 93.8
27 36 110.86
28 47 72.23
28 45 6.41
28 44 40.85
28 39 68.5
28 30 51.38
29 48 103.26
29 36 112.65
29 35 94.64
29 38 78.1
29 34 12.91
29 31 92.7
29 49 61.61
30 38 107.77
30 37 41.06
30 36 70.15
30 42 76.15
31 33 35.37
31 41 24.11
31 39 6.65
31 47 40.34
32 36 74.71
32 42 36.93
32 43 46.62
32 46 59.63
32 44 41.39
32 37 33.3
32 33 35.67
32 48 36.22
32 45 36.24
33 46 85.74
33 42 28.46
33 40 24.69
33 44 64.55
33 41 51.91
33 35 73.44
33 43 29.73
34 49 60.84
34 46 95.2
34 36 111.99
34 42 37.63
34 41 86.78
35 42 93.89
35 43 75.12
35 48 33.68
35 39 85.53
35 46 6.45
35 45 19.67
36 38 122.2
36 42 117.05
37 39 63.22
37 43 42.74
37 41 47.92
38 43 41.43
38 44 91.36
38 42 54.59
38 46 92.05
38 45 71.4
38 39 28.11
38 40 46
39 41 36.82
39 45 60.81
39 44 63.48
40 47 32.47
40 43 42.94
41 49 84.4
41 46 41.78
41 48 55.69
41 42 75.96
41 47 62.28
42 44 87.77
43 48 73.93
43 47 20.43
43 44 85.86
43 46 80.74
44 47 65.98
44 48 22.57
45 46 22.67
45 48 29.19
46 48 40.33
46 47 86.06
47 49 44.56
