0 36 77.41
0 2 51.54
0 5 56.68
0 35 38.72
0 17 48.55
0 25 35.05
0 38 50.11
0 34 58.52
0 42 91.96
0 29 81.44
0 31 16.19
0 21 90.39
0 3 61.14
1 6 59.18
1 34 12.19
1 48 25.8
1 19 41.04
1 8 91.83
1 14 57.68
1 2 59.49
1 15 25.49
1 11 34.82
2 25 48.43
2 48 71.35
2 24 86.78
2 5 73.45
2 31 40.64
2 37 44.04
2 49 90.76
2 10 53.61
2 21 75.14
2 13 52.43
3 5 91.35
3 7 71.38
3 37 63.46
3 32 86.4
3 48 107.08
3 25 84.11
3 31 62.74
3 15 79.45
4 46 50.74
4 11 65.58
4 33 58.85
4 40 62.44
4 48 26.79
4 32 70.25
4 29 66.63
4 16 62.34
4 35 67.81
4 5 21.78
4 41 85.57
4 47 71.47
4 23 63.45
4 39 110.73
4 45 64.21
4 19 36.82
4 20 72.72
5 8 87.3
5 34 29.45
5 21 52.75
5 41 91.75
5 11 59.55
6 19 64.4
6 11 51.34
6 33 45.07
6 49 37.09
6 48 65.97
6 30 68.72
6 17 78.03
6 27 68.71
7 24 102.92
7 27 80.77
7 34 59.32
7 23 28.8
7 8 64.33
7 30 82.92
7 32 95.6
8 34 84.11
8 18 103.35
8 22 41.51
8 24 63.99
8 35 65.67
8 40 76.76
8 39 77.88
9 24 54.05
9 46 53.98
9 34 51.6
10 16 108.08
10 45 101.58
10 31 41.48
10 17 67.68
10 47 114.03
10 27 84.61
10 35 50.34
10 22 8.83
10 19 71.23
10 37 76.91
10 28 93.09
10 26 68.66
10 18 78.67
11 47 95.72
11 24 84.32
11 15 34.06
11 38 72.57
11 42 39.68
11 36 73.59
11 21 24.95
11 34 42.28
12 49 100.44
12 47 42.88
12 36 64.7
12 26 40.31
12 39 85.75
12 19 27.65
13 29 69.32
13 34 17.96
13 35 73.29
13 24 50.67
14 25 36.27
14 40 42.46
14 44 47.7
14 18 78.35
14 21 93.44
15 32 34.38
15 19 64.33
15 26 47.03
16 43 52.37
16 17 62.04
16 31 83.2
16 42 23.13
16 49 127.86
16 47 19.66
16 41 111.3
16 26 44.04
16 33 87.95
16 45 37.82
16 39 79.82
17 20 57.74
17 47 70.96
17 43 18.17
17 32 86.89
17 39 86.57
17 48 55.99
17 37 56.27
17 44 27.43
18 41 115.55
18 46 69.68
18 48 28.63
18 21 98.74
18 38 31.33
18 28 40.8
18 26 97.08
18 23 78.86
18 37 101.7
19 30 61.38
19 47 61.1
19 40 39.8
19 49 94.82
19 23 26.75
19 39 106.24
19 43 33.93
19 42 64.79
20 42 97.13
20 36 86.48
20 47 120.57
20 25 72.76
20 33 29.31
20 32 62.41
20 40 62.09
20 39 88.76
20 27 83.93
20 44 68.6
20 28 101.33
21 47 102.37
21 27 43.1
21 35 108.71
21 39 89.81
21 37 50.21
21 31 93.96
21 25 80.39
21 48 94.24
21 23 109.45
22 45 101.1
22 30 109.58
22 47 120.77
22 27 89.84
22 49 22.43
23 42 99.09
23 31 51.58
23 38 48.74
23 29 34.21
24 34 85.36
25 45 69.31
25 27 67.68
25 28 54.1
25 32 73.34
25 39 98.02
26 49 93.49
26 38 57.56
26 42 38.02
26 29 77.07
27 47 70.49
27 45 61.23
27 44 79.5
27 34 27.97
27 46 78.61
28 49 98.85
28 38 35.02
28 30 15.81
28 46 70.18
28 43 91.05
28 48 27.93
28 37 74.28
28 42 49.91
29 40 34.08
29 48 51.95
29 32 111.62
29 45 32.17
30 36 35.24
30 37 60.55
30 39 125.7
31 38 56.95
31 40 39.81
31 43 69.37
31 39 94.08
31 32 73.75
31 37 74.55
31 45 91.35
31 44 51.36
32 40 94.84
32 37 62.49
32 45 117.24
32 34 50.41
32 49 32.42
33 48 79.28
33 37 69.74
33 40 26.23
33 43 66.45
33 47 96.65
33 39 93.15
33 38 42.18
34 36 39.91
34 47 54.32
35 46 34.73
35 38 47.57
35 37 79.43
35 36 82.11
35 39 102.24
36 48 16.88
36 46 67.47
36 41 103.09
37 40 66.6
37 48 59.44
37 49 102.05
37 47 55.97
37 43 65.53
37 44 52.03
37 46 76.6
37 45 41.33
38 44 51.42
38 39 99.94
38 41 69.1
38 45 64.47
39 42 75.4
39 44 70.22
39 47 86.42
39 46 106.27
39 48 108.88
40 41 35.06
40 42 94.94
40 43 30.52
40 48 65.2
41 43 65.51
41 44 57.57
41 47 116.11
41 45 94.42
42 47 56.87
42 43 79.28
43 46 29.94
43 49 119.22
43 45 35.6
43 47 53.39
44 45 37.8
45 47 16.07
45 46 61.35
46 48 61.86
46 49 114.6
48 49 98.3
