0 34 100.36
0 16 41.99
0 12 61.94
0 43 66.01
0 13 85.22
0 42 75.18
0 35 88.87
0 14 33.96
0 30 17.67
0 2 31.53
0 23 57.72
0 36 51.59
0 46 117.33
0 19 70.5
0 47 91.27
1 28 53.71
1 33 36.48
1 48 69.32
1 31 67.82
1 12 71.78
1 11 50.73
1 25 61.28
1 2 34.24
1 27 23.13
1 10 62.77
1 42 87.2
1 39 12.61
1 36 44.95
1 44 44.64
1 5 48.45
1 21 66.88
2 21 88.62
2 25 90.95
2 44 53.74
2 12 72.22
2 20 65.88
2 4 46.12
3 30 94.52
3 4 76.46
3 23 98.04
3 34 42.19
3 32 89.11
3 26 86.51
3 37 45.37
3 45 102.2
3 39 54.12
4 29 98.98
4 47 78.47
4 9 8.52
5 19 27.04
5 9 65.27
5 10 66.15
5 44 65.88
5 27 42.77
5 11 68.6
6 40 60.27
6 34 54.14
6 48 82.87
6 36 49.44
7 24 96.87
7 39 21.39
7 15 54.52
7 16 63.69
7 29 91.98
7 10 61.08
7 38 91.26
7 14 60.26
7 23 87.88
7 21 70.92
7 32 2.7
7 26 100.44
8 26 106.5
8 10 63.54
8 45 92.81
8 37 33.38
8 30 86.26
9 28 66.05
9 36 36.43
9 44 32.02
9 29 89.52
9 38 71.51
9 31 74.86
9 25 44.23
9 22 69.19
9 19 75.45
9 32 34.61
9 37 48.5
9 18 60.97
9 16 41.98
9 24 107.09
10 48 27.46
10 32 60.54
10 38 30.28
10 30 82.55
10 12 64.35
10 36 43.74
10 29 87.52
10 39 60.19
10 22 63.14
10 26 114.45
11 41 33.99
11 33 83.59
11 25 95.61
11 28 88.36
12 31 29.93
12 34 66.62
12 22 35.5
12 17 76.44
12 32 83.9
12 30 66.81
13 24 126.46
13 28 52.2
13 49 86.98
13 17 36.19
13 45 90.03
13 48 59.54
14 38 77.02
14 35 83.17
14 32 56.8
14 23 49.26
14 34 83.18
14 21 49.4
14 41 41.83
14 17 75.58
14 39 55.04
15 41 100.69
15 18 19.46
15 21 72.91
15 37 18.84
15 17 38.81
15 23 71.28
15 49 71.02
16 30 32.26
16 22 97.82
16 34 114.15
16 41 103.79
16 44 48.52
16 47 108.67
16 24 95.12
16 29 97.96
16 26 89.13
16 25 82.56
16 45 29.01
16 28 93.2
16 49 92.49
16 31 81.51
17 37 32.37
17 43 34.02
17 27 60.58
17 46 71.51
17 33 57.87
17 48 49.93
17 26 103.16
17 49 57.72
17 30 54.16
17 20 46.57
17 29 79.3
17 31 82.06
18 28 43.8
18 46 60.38
18 24 114.83
18 41 106.79
19 38 66.76
19 23 99.83
19 31 80.72
19 33 80.4
19 28 25.58
19 24 77.11
19 32 58.33
19 34 61.47
19 25 47.74
20 39 40.91
20 29 62.95
20 49 49.5
20 34 74.57
21 24 39.85
21 33 95.36
21 47 44.04
21 45 84.95
21 30 67.55
22 43 66.72
22 40 97.56
22 44 48.37
22 28 50.62
22 23 65.32
22 38 30.8
22 46 65.81
22 30 74.35
22 41 90.33
22 36 34.27
22 35 110.08
22 24 89.17
22 48 40.73
22 42 27.13
22 47 47.33
22 45 102.62
23 31 49.48
23 42 42.13
23 28 91.41
23 47 95.46
24 34 90.63
24 38 110.38
24 36 73.23
24 43 87.51
24 33 103.81
24 27 76.08
24 48 108.09
25 48 54.9
25 46 90.95
25 45 97.76
25 26 133.62
25 36 51.7
25 30 82.31
25 34 61.71
25 39 59.66
26 42 64.39
26 29 49
26 28 97.59
26 32 90.22
26 35 112.78
26 27 87.04
26 33 100.74
26 44 94.99
26 48 98.16
27 41 72.1
27 43 30.15
27 30 26.11
27 35 57.99
28 29 67.02
28 30 80.28
28 48 52.69
28 33 78.93
28 39 47.67
28 42 68.36
28 36 44.23
29 47 56.65
29 30 93.19
29 31 24.79
29 45 104.67
29 46 53.98
30 48 63.5
30 38 89.72
30 43 38.67
30 36 53.67
31 44 60.58
31 47 63.45
32 42 78.15
32 44 33.86
32 41 75.37
32 47 74.14
33 43 48.95
33 37 74.33
33 49 93.33
33 48 70.1
33 46 129.02
33 34 100.92
34 36 52.46
34 37 39.1
34 43 75.02
34 45 129.23
34 44 79.87
35 41 87.67
35 48 113.79
36 40 64.75
36 48 30.91
36 47 41.66
36 45 64.2
37 45 86.1
37 41 96.01
37 46 63.83
37 49 38.15
37 38 36.93
37 44 42.11
38 44 57.63
38 45 112.66
38 42 51.14
38 48 30.5
38 40 95.23
38 39 81.06
39 46 91.72
39 47 56.47
40 42 92.64
40 44 65.26
40 48 81.65
40 45 67.04
41 45 76.03
41 47 92.25
41 49 53.38
42 43 72.52
42 45 86.39
42 48 33.31
43 46 84.88
43 47 45.76
44 45 59.33
44 47 65.18
44 46 101.06
45 48 78.91
45 46 130.11
45 49 95.6
46 47 27.98
47 48 57.03
48 49 60.05
