0 5 46.69
0 33 96.37
0 19 99.06
0 46 115.93
0 16 102.41
1 12 103.43
1 18 21.88
1 43 57.03
1 9 72.95
1 6 77.59
1 38 81.7
1 19 80.66
1 31 75.79
1 16 78.36
1 27 52.6
1 21 24.59
1 49 75.18
1 33 71.34
1 10 63.08
2 38 77.4
2 18 85.75
2 9 86.63
2 12 92.96
2 43 93.11
2 3 92.77
2 19 112.07
2 32 70.45
2 7 58.18
2 36 20.72
2 31 72.94
2 23 69.08
2 26 46.36
3 30 91.53
3 26 74.79
3 11 66.05
3 5 46.33
3 44 50
3 22 63.9
3 45 29.6
3 35 22.85
3 10 24.7
3 29 71.16
4 5 76.02
4 15 89.18
4 12 101.56
4 44 101.9
4 16 40.05
4 34 100.35
4 21 91.61
4 13 86.49
4 22 42.74
4 18 84.84
4 47 100.95
5 36 87.23
5 13 55.11
5 24 112.64
5 20 44.95
5 42 83.99
5 19 56.59
5 6 81.15
6 27 77.87
6 16 73.84
7 34 42.57
7 12 83.05
7 8 90.12
7 17 71.81
7 19 126.78
7 31 41.79
7 27 90.15
8 32 46.81
8 35 31.12
8 24 117.56
8 40 87.38
8 12 65.09
8 17 71.03
8 16 58.6
8 27 77.21
8 10 17.06
8 34 71.06
8 39 60.32
8 22 68.67
8 43 34.11
8 41 68.66
9 29 65.31
9 38 49.89
9 40 51.03
9 42 108.56
9 47 73.2
9 12 83.17
9 25 79.07
9 31 41.86
10 12 80.3
10 14 75.55
10 19 22.86
10 42 67.08
10 25 40.04
10 20 28.69
10 18 69.71
10 46 53.95
11 46 80.13
11 27 85.43
11 12 71.28
11 24 90.18
11 30 85.94
12 38 47.77
12 28 37.12
12 24 87.27
12 14 128.15
12 33 48.56
12 20 70.13
12 13 56.76
12 47 31.56
13 34 52.91
13 44 29.16
13 30 100.24
13 43 1.23
14 44 95.15
14 29 66.37
14 17 29.92
14 15 37.43
15 33 62.11
15 46 92.74
15 34 88.97
15 42 86.9
16 46 63.23
16 19 33.3
16 40 99.98
16 21 85.36
16 47 99.43
16 45 88.55
16 22 61.38
16 18 89.35
16 49 62.66
16 42 43.78
16 24 108.17
17 39 24.8
17 22 50.56
17 37 49.07
17 44 90.95
17 26 63.6
17 43 69
17 20 57.7
17 47 97.21
17 36 84.55
17 48 62.99
17 23 37.01
18 36 83.25
18 41 78.49
18 48 77.2
18 32 69.05
18 31 74.69
18 26 77.57
18 35 71.53
18 46 105.77
18 30 113.13
19 42 64.96
19 32 90.67
19 36 102.65
19 30 111.27
19 46 63.6
20 32 69.52
20 45 53.72
20 36 76.09
20 47 72.26
20 28 59.42
20 22 20.49
20 43 53.39
20 24 79.85
21 46 108.34
21 40 67.73
21 24 123.72
21 32 58.88
21 37 58.69
21 41 83.17
21 48 69.45
21 38 73
21 25 68.66
22 26 59.99
22 29 54.53
22 24 70.8
22 41 35.69
22 40 61.89
22 47 74.89
22 37 22.57
22 42 34.76
22 35 55.21
22 38 64.22
23 24 86.2
23 25 68.96
23 39 46.13
24 47 97.79
24 36 47.03
24 40 68.6
24 37 54.5
24 31 94.37
24 42 65.01
24 30 7.98
24 41 83.1
24 43 99.35
24 26 65.21
24 39 112.97
24 46 83.55
24 35 77.41
24 28 100.24
25 49 67.89
25 38 75.39
25 30 69.33
25 34 64.97
25 36 70.69
25 37 42.44
26 48 67.41
26 33 64.41
26 32 47.25
26 27 81.51
26 29 3.59
26 36 28.69
26 35 70.89
26 31 61.03
27 36 69.26
27 44 79.78
27 41 1.17
27 42 23.48
27 40 71.76
27 28 72.62
28 49 112.95
28 46 15.5
28 33 34.53
28 47 38.47
28 39 101.7
29 36 22.07
29 30 53.77
30 40 56.83
30 32 86.09
30 45 121.47
30 33 66.41
30 31 86.66
30 43 101.25
30 48 62.45
30 39 103.39
31 42 95.07
31 37 62.62
32 41 85.58
32 40 47.01
32 42 83.13
32 36 72.43
32 35 46.21
32 33 39.39
32 34 29.48
32 37 62.31
33 48 14.02
33 44 45.58
34 43 43.53
34 49 123.31
34 46 65.29
34 40 52.27
34 41 101.37
34 47 46.31
34 36 55.23
34 37 48.82
35 44 37.67
35 47 29.98
35 45 58.65
35 40 65.73
36 43 73.13
37 48 27.99
37 39 71.67
37 45 63.66
37 42 38.12
37 40 36.28
38 46 68.71
38 41 88.5
38 43 41.96
38 48 54.97
38 47 49.6
39 48 67.64
39 45 40.86
40 42 83.36
40 45 72.37
41 43 74.51
42 48 25.32
42 44 88.39
42 45 86.81
42 49 43.8
42 46 51.57
43 44 44.74
43 48 50.19
43 49 103.59
44 47 36.32
44 48 59.95
44 46 49.06
45 46 92.35
45 47 64.74
46 47 54.07
47 49 129.53
47 48 46.83
