0 24 61.11
0 17 55.98
0 14 93.4
0 96 72.86
0 32 52.02
0 57 57.76
0 20 60.7
0 73 49.99
0 5 68.11
0 38 73.2
0 42 72.35
0 60 63.88
0 30 49.93
0 48 43.31
1 14 98.76
1 88 27.02
1 53 68.69
1 13 104.1
1 2 107.22
1 27 88.99
1 12 96.27
1 71 58.47
1 32 86.98
1 83 100.49
1 10 72.65
1 90 32.74
1 39 65.43
1 94 84.82
2 67 91.54
2 26 65.96
2 21 70.25
2 73 87.54
2 23 94.89
2 27 36.88
2 8 76.05
2 59 86.06
2 82 81.13
2 20 18.54
2 38 47.99
2 39 59.29
2 92 59.6
3 80 45.85
3 95 49
3 25 51.82
3 89 63.33
3 11 88.42
3 74 38.88
3 6 74.1
3 39 15.68
3 91 61.56
3 52 81.47
3 45 45.13
3 56 41.89
3 84 52.3
3 5 39.11
3 9 20.55
3 60 70.85
3 14 49.3
3 64 46.52
3 83 78.64
3 40 46.72
3 99 65.66
3 50 76.92
3 38 31.37
3 98 20.18
3 19 94.45
3 41 42.2
3 55 38.84
4 65 58.72
4 39 60.36
4 48 70.84
4 13 56.65
4 22 41.15
4 57 67.99
4 78 97.31
4 70 63.78
4 47 47.41
4 29 47.15
4 98 101.67
4 93 52.73
5 77 43.51
5 31 59.77
5 20 14.96
5 47 23.28
5 62 75.2
5 41 66.89
5 22 49.2
5 69 45.06
5 58 70.92
5 39 57.51
5 86 56.29
5 60 24.21
5 56 25.18
6 92 81.26
6 80 36.8
6 85 50.17
6 74 50.97
6 93 56.77
6 65 46.77
6 56 62.11
6 13 37.13
6 44 86.17
7 20 42.55
7 15 130.35
7 43 48.57
7 22 43.62
7 95 36.2
7 44 88.59
8 95 61.84
8 17 92.1
8 11 103.91
8 94 93.95
8 62 83.04
8 83 90.45
8 36 102.37
8 91 61.32
8 87 62.35
8 59 82.8
8 90 40.41
8 24 37.94
9 78 67.69
9 68 48.64
9 44 74.93
9 99 82.66
9 98 15.4
9 92 51.09
9 85 59.97
9 94 82.06
9 52 92.87
9 11 105.48
9 81 87.9
9 60 60.61
9 48 80.51
9 71 101.59
9 63 72.13
10 62 78.89
10 68 20.83
10 44 57.4
10 69 55.55
10 60 43.62
10 89 61.23
10 74 30.47
10 23 79.69
10 91 63.77
10 71 70.85
10 49 36.07
10 94 72.67
10 92 25.73
10 14 48.52
10 63 46.3
11 29 54.69
11 28 45.88
11 46 40.16
11 43 65.89
11 72 85.1
12 25 60.7
12 40 64.4
12 48 82.19
12 50 55.32
12 36 109.07
12 55 85.76
12 43 23.22
12 91 57.1
12 49 77.48
12 27 36.78
12 37 63.92
12 79 65.56
12 29 40.54
12 81 66.4
12 34 47.95
12 31 65.95
13 28 98.72
13 22 17.69
13 84 103.29
13 58 60.36
13 45 83.74
13 43 32.79
13 55 80.17
14 24 86.54
14 25 73.73
14 86 72.14
14 73 91.21
14 21 102.84
14 29 86.11
15 40 105.2
15 42 106.31
15 98 124.63
15 43 87.75
15 25 132.4
15 69 83.23
16 77 60.77
16 20 76.04
16 41 14.85
16 90 48.15
16 29 86.21
16 73 69.19
16 58 22.38
16 36 86.88
16 74 65.75
16 82 65.64
16 71 63.37
16 54 49.24
17 50 39.81
17 94 13.29
17 41 90.6
17 49 84.59
17 44 95.91
17 80 78.43
18 83 63.71
18 60 65.58
18 70 66.72
18 82 24.51
18 91 44.82
18 20 68.98
18 71 43.23
18 46 36.39
18 29 76.84
18 94 63.48
18 90 63.46
18 44 30.68
18 99 66.44
18 27 70.22
18 97 46.26
19 94 83.52
19 46 79.9
19 35 63.77
19 56 78.86
19 58 110.01
20 43 34.05
20 60 19.06
20 36 102.69
20 87 76.08
20 77 62.42
20 38 49.15
21 81 50.93
21 31 34.63
21 24 38.3
21 44 76.72
21 58 20.71
22 92 67.93
22 40 33.02
22 45 76.19
22 93 28.77
22 26 46.12
23 67 107.47
23 77 32.37
23 45 38.27
23 34 98.06
23 78 60.85
23 60 97.42
23 75 93.25
24 59 90.18
24 60 89.78
24 90 24.24
24 91 38.58
24 53 36.69
24 33 62.51
24 36 101.03
24 49 85.19
24 63 59.47
24 71 80.13
24 67 35.43
24 80 21.22
24 62 84
24 40 69.52
24 78 36.34
24 73 88.92
25 95 30.1
25 92 71.29
25 62 49.11
25 87 72.24
25 70 52.06
25 73 110.68
25 45 90.95
25 93 60.6
26 62 71.81
26 55 39.18
26 63 81.16
26 31 52.84
26 75 62.33
26 33 31.43
26 68 63.01
26 39 36.02
26 41 68.54
26 47 43.38
26 78 94.76
26 67 88.37
26 64 81.49
27 76 87.32
27 33 18.34
27 48 91.81
27 39 45.18
27 63 50.31
27 53 27.46
27 88 77.76
27 98 51.02
27 37 64.98
28 70 69.64
28 64 21.14
28 55 63.44
28 99 65.72
28 75 65.38
28 47 84.96
28 79 59.59
28 50 48.12
28 76 38.02
28 94 51.24
28 83 62.6
28 66 104.39
29 99 49.67
29 98 101.85
29 40 69.71
29 81 74.92
29 38 70.2
29 96 62.93
29 63 27.72
29 31 91.98
30 70 64.07
30 71 54.84
30 44 83.56
30 67 96.96
30 49 80.92
31 68 20.98
31 77 47.01
31 52 83.4
31 84 41.73
31 90 31.1
31 45 50.32
31 89 67.06
31 82 40.92
31 88 25.79
31 49 60.27
31 69 76.35
31 63 66.85
31 73 79.68
31 33 29.4
31 87 56.33
31 55 62.78
31 32 68.47
31 67 53.61
32 56 7.96
32 66 74.35
32 98 74.06
32 92 31.42
32 33 43.55
32 54 38.87
32 52 55.81
32 58 50.47
33 34 56.29
33 38 29.37
33 76 79.6
33 98 35.43
33 45 63.12
33 69 57.73
33 47 3.42
33 42 22.17
33 84 84.4
33 81 77.32
33 54 57.58
33 71 94.98
33 39 40.41
33 90 73.15
33 50 55.1
33 61 68.56
33 48 84.67
33 97 44.84
33 36 92.41
33 83 59.41
33 67 58.94
33 88 55.43
33 62 62.75
33 80 43.54
33 56 26.98
33 75 32.62
33 55 42.34
33 58 61.52
33 43 42.17
34 75 96.01
34 50 54.79
34 51 107.49
34 97 83.2
34 40 74.35
34 88 113.77
34 81 75.52
34 92 75.37
34 69 93.61
34 37 67.27
34 98 105.77
34 45 76.41
34 59 84.99
34 52 91.21
35 64 35.23
35 49 103.66
35 77 41.39
35 80 58.95
35 88 52.66
35 89 31.53
35 56 55.78
35 97 81.85
35 45 19.13
35 38 100.57
35 94 57.49
36 72 41.7
36 96 111.49
36 98 100.19
36 46 65.54
37 63 21.23
37 90 83.58
37 81 21.2
37 74 70.26
37 96 62.86
37 94 32.77
37 85 25.55
37 77 50.72
37 40 73.1
37 56 27.71
37 51 69.38
37 55 68.75
37 65 53.25
37 83 27.19
38 70 53.34
38 71 92.21
38 56 65.98
38 77 69.87
38 74 15.34
39 42 57.76
39 68 29.63
39 73 94.51
39 64 41.72
39 57 74.03
39 52 83.05
39 80 28.13
39 62 66.33
39 49 54.24
39 93 50.36
39 90 46.87
39 61 58.72
39 75 3.77
39 92 55.29
39 69 73.26
39 96 64.83
39 86 70.32
39 55 51.04
39 99 49.26
40 81 78.38
40 68 37.59
40 70 14.12
40 82 54.12
40 72 61.7
40 46 92.72
40 78 87.88
40 76 75.76
41 66 75.63
41 98 58.19
41 76 78.47
41 62 84.35
41 79 7.45
41 89 53.82
41 55 74.21
41 91 44.18
41 57 54.25
42 98 68.79
42 80 65.15
42 78 105.27
42 48 89.87
42 84 104.19
42 82 75.13
42 89 109.81
42 43 26.89
42 83 60.88
42 46 103.46
42 73 99.28
42 92 53.68
42 90 105.25
42 95 34.71
43 83 41.19
43 89 86.3
43 65 19.39
43 76 83.76
44 51 71.2
44 62 117.06
44 61 94.15
44 88 51.51
45 87 78.03
45 94 55.6
45 47 64.83
45 52 33.6
45 54 9.67
45 75 68.69
46 71 38.23
46 76 69.24
46 77 63.54
46 80 56.42
46 73 37.41
46 54 34.47
46 58 53.22
46 82 67.56
46 79 57.94
46 72 68.49
46 61 38.39
47 49 42.75
47 99 59.79
47 69 65.47
47 58 45.09
47 91 67.95
47 82 47.55
47 52 84.58
47 83 63.04
47 51 83.56
47 62 47.01
47 93 18.94
48 90 76.56
48 53 82.16
48 87 87.76
48 65 73.55
48 51 88.04
49 82 54.91
49 87 102.16
49 66 50.95
49 57 56.5
50 74 86.97
50 86 54.53
50 60 45.62
50 52 46.39
50 77 53.04
50 80 55.99
50 63 35.78
50 72 82.69
50 51 79.46
51 91 49.52
51 93 82.8
51 90 36.72
51 72 71.75
51 89 67.03
51 79 33.76
51 85 64.93
52 63 74.2
52 68 60.98
52 88 67.58
52 87 88.02
52 99 76.98
52 54 42.77
52 89 20.81
52 75 94.13
52 95 94.91
52 92 70.86
52 77 38.18
53 58 34.19
53 90 56.8
53 79 38.45
53 72 69.47
54 81 42.6
54 82 37.61
54 67 68.43
54 62 90.13
54 94 51.63
54 68 33.14
54 64 12.2
54 70 60.47
54 63 55.71
54 92 35.01
54 86 19.28
55 78 88.17
55 81 75.55
55 88 60.36
55 64 56.08
55 71 69.94
55 97 11.99
55 58 80.97
55 63 67.78
55 94 72.02
55 76 44.48
55 60 37.64
55 59 61.76
55 66 46.96
55 89 68.26
55 84 83.4
56 85 30.34
56 65 34.83
56 98 64.47
56 68 21.53
56 84 84.28
56 76 53.51
56 82 53.13
56 70 32.39
56 64 53.47
56 94 44.74
56 87 81.69
56 72 56.77
56 79 49.46
57 80 67.07
57 63 52.08
57 85 47.25
57 64 48.28
57 82 50.68
57 65 49.9
58 74 58.92
58 69 76.5
58 59 82.1
58 66 104.06
58 98 72.22
58 81 25.37
58 68 34.7
58 62 58.19
58 63 42.86
58 96 80.84
59 60 80.94
59 80 71.28
59 85 57.56
59 61 90.08
59 71 18.07
59 84 90.57
59 78 75.34
60 71 86.59
60 87 103.29
60 64 86.94
60 65 29.98
60 70 16.73
60 76 73.22
60 81 93.11
60 90 101.75
61 69 96.41
62 66 93.94
63 85 25.99
63 94 35.49
63 71 67.08
63 90 88.68
63 78 88.27
63 69 67.22
63 64 45.06
64 83 60.24
64 73 53.78
64 74 69.86
64 84 41.37
64 96 76.72
64 68 25.25
64 66 85.09
64 89 31.36
64 75 47.64
64 86 17.69
65 88 84.33
65 80 44.06
65 85 37.36
65 74 44.08
65 90 86.02
65 98 66.74
65 76 76.44
65 86 75.7
65 77 66.25
65 68 41.22
65 96 26.28
66 98 24.79
66 96 54.22
66 81 100.09
66 68 72.53
66 72 70.26
66 73 120.32
66 83 112.25
67 85 56.22
67 93 78.77
67 89 84.67
67 73 99.5
67 92 101.81
67 77 83.3
67 76 115.95
68 84 51
68 94 58.63
69 91 73.69
69 72 47.95
69 83 57.64
69 82 41.44
69 79 75.21
70 76 85.94
70 95 37.19
70 78 106.53
71 89 40.45
71 90 86.65
71 78 68.44
71 82 56.01
71 88 65.36
72 85 66.05
72 84 38.65
73 93 50.99
73 80 81.95
73 77 41.61
73 99 78.25
73 98 93.47
73 76 43.26
73 79 72.81
73 89 49.61
74 81 74.87
74 75 34.89
74 96 49.54
74 83 96.2
74 97 51.87
74 86 96.24
74 91 71.37
74 92 67.01
74 99 62.67
75 99 52.11
75 81 62.58
75 86 72.27
75 79 18.72
75 83 79.65
75 97 56.97
75 90 35.92
75 89 68.62
75 88 31.57
75 84 46.86
75 78 52.39
75 91 59.15
76 95 98.98
76 89 46.96
77 78 55.83
78 89 47.04
78 90 32.31
78 79 28.74
78 87 76.65
78 98 61.48
78 80 55.71
79 93 57.75
79 82 26.78
79 96 70.86
79 99 49.69
79 89 55.08
80 99 36.17
80 84 64.7
80 81 34.2
80 87 30.51
80 97 45.8
81 91 11.29
81 99 29.32
81 87 47
81 92 84.72
81 85 37.21
82 87 78.27
82 90 42.24
82 85 44.49
83 90 96.82
83 96 59.32
83 87 73.32
83 88 85.24
83 98 101.9
83 91 64.95
84 92 77.53
84 93 85.9
84 95 89.63
84 97 51.09
84 96 95.22
84 99 74.58
85 98 55.84
85 93 22.21
85 97 37.79
86 88 41.07
86 97 47.36
86 91 51.46
87 95 54.54
87 89 99.34
88 98 40.43
88 97 52.96
88 94 92.69
88 92 62.64
89 99 73.44
89 94 71.87
89 98 82.62
89 95 89.29
90 94 97.35
90 92 68.96
90 97 58.66
90 95 86.97
90 93 80.64
91 97 80.64
91 96 80.57
92 98 45.01
92 95 71.28
92 93 43.25
93 94 43.18
93 98 71.18
93 99 65.54
94 96 75.12
94 97 70.67
95 97 69.27
95 99 45.78
97 98 33.7
97 99 70.84
98 99 82.14
