0 42 80.32
0 82 85.75
0 61 75.03
0 72 36.69
0 3 93.49
0 81 50.65
0 60 16.84
1 28 54.9
1 59 52.16
1 11 39.88
1 15 54.48
1 9 58.3
1 84 49.41
1 39 8.07
1 88 57.12
1 95 88.03
1 3 67.49
1 29 79.51
1 61 77.68
1 77 63.75
2 43 42.83
2 61 79.79
2 4 55.17
2 54 39.76
2 21 83.85
2 79 80.23
2 47 97.75
2 45 4.44
2 94 114.14
2 22 92.32
2 11 72.85
2 86 37.66
2 93 14.34
2 38 104.75
3 63 83.73
3 22 51.41
3 66 77.84
3 42 71.24
3 85 91.48
3 64 19.5
3 73 56.07
4 27 36.02
4 34 90.28
4 38 69.98
4 88 28.66
4 53 98.3
4 85 62.94
4 71 93.77
4 74 25.7
4 23 66.26
4 84 68.91
4 91 96.52
4 98 56.88
4 75 91.87
4 28 47.32
4 61 65.6
4 87 44.87
4 21 86.13
5 49 84.2
5 76 48.21
5 98 66.69
5 63 65.08
5 10 73.02
5 72 76.12
5 87 52.43
5 46 87.99
5 42 103.21
5 8 43.31
6 92 80.54
6 83 39.45
6 82 23.21
6 41 40.23
7 50 60.67
7 65 57.44
7 23 72.86
7 9 45.83
7 33 34.16
7 53 92.02
7 40 39.21
7 62 36.72
7 95 107.2
7 91 94.01
7 31 82.75
7 15 61.39
7 27 23.12
7 35 67.69
7 47 72.14
8 77 92.08
8 44 63.39
8 46 54.31
8 65 49.01
8 40 52.07
8 31 64.33
8 45 88.42
8 81 69.41
8 36 48.52
8 70 62.23
8 35 40.71
8 62 34.67
8 95 62.1
8 41 98.12
8 13 55.24
8 15 62.11
8 93 82
8 99 38.5
8 43 31.47
8 78 42.79
8 25 55.6
9 79 88.18
9 88 40.82
9 34 83.04
9 27 42.45
9 65 82.56
9 14 58.83
9 49 78.13
9 52 40.35
9 60 50.06
9 57 73.03
9 41 94.87
9 21 80.23
9 42 79.67
9 92 52.03
9 69 59.28
10 69 71.61
10 12 61.73
10 33 71.57
10 14 86.07
10 16 90.86
10 22 58.76
10 49 84
10 47 61.2
10 20 92.94
10 92 93.69
10 36 46.36
10 81 45.2
10 45 85.19
11 55 97.38
11 51 107.9
11 95 71.47
11 85 98.53
11 35 58.75
11 71 66.22
11 67 40.55
11 39 55.44
11 46 90.27
11 21 49.28
11 38 121.31
11 99 84.87
11 47 80.38
11 29 77.7
11 88 104.34
11 81 80.11
11 16 106.11
11 94 109.36
11 23 102.27
11 87 75.71
11 96 39.16
12 33 83.24
12 92 71.28
12 63 68.47
12 50 75.51
12 29 47.9
12 66 31.65
12 26 66.14
12 48 33.53
12 40 95.17
12 73 55.96
12 55 12.84
13 73 61.52
13 19 41.2
13 42 98.64
13 65 81.14
13 95 108.73
13 20 77.15
13 52 87.77
13 57 98.17
13 34 66.11
13 58 64.38
13 46 99.96
13 51 16.51
13 22 79.81
13 66 56.8
13 78 46.86
14 70 74.84
14 72 35.35
14 67 41.52
14 47 69.26
14 39 42.68
15 51 23.73
15 54 42.92
15 56 93.24
16 77 62.33
16 75 122.29
16 36 71.91
16 18 103.75
16 40 100.48
16 55 78.7
16 85 51.93
16 94 108.24
16 32 56.43
16 46 128.62
16 74 66.33
16 21 102.56
16 44 51.25
16 91 100.95
16 65 94.35
17 97 84.26
17 66 65.39
18 63 93.95
18 54 69.4
18 58 37.43
18 41 112.44
18 19 63.96
18 98 24.83
18 34 31.39
18 89 73.05
18 59 117.01
18 30 83.6
18 29 76.15
18 65 79.73
19 26 100.31
19 68 63.27
19 73 33.52
20 35 35.73
21 89 71.7
21 40 63.8
21 76 62.21
21 59 79.49
21 85 56.93
21 49 0.29
21 96 86.75
21 90 31.47
21 93 84.24
22 35 113.76
22 77 68.64
22 82 52.16
22 71 64.96
22 38 30.35
22 39 75.02
23 84 58.91
23 47 101.96
23 26 70.22
23 90 94.14
23 74 88.3
24 85 75.86
24 96 49.59
24 36 80.54
24 32 86.99
24 89 83
25 56 89.37
25 94 53.65
25 89 87.54
25 86 96.92
25 28 44.19
25 91 108.25
25 78 37.9
25 55 115.12
25 32 48.34
25 39 45.37
26 48 100.25
26 42 62.22
26 28 99.36
26 80 103.74
26 75 67.02
26 54 92.33
26 88 146.87
26 73 60.38
26 85 60.5
26 45 91.72
26 89 73.37
26 93 83.07
26 57 30.95
26 39 95.9
26 79 54.59
26 84 76.97
26 37 98.01
27 82 98.58
28 40 59.57
28 89 83.3
28 83 58.92
28 32 59.89
28 63 72.11
28 86 93.76
28 90 51.76
29 75 27.42
29 65 43.04
29 87 103.31
29 76 82.96
29 83 50.58
29 98 68.04
29 66 70.5
29 42 38.1
29 32 87.92
29 49 17.08
29 40 82.74
29 78 80.96
29 35 88.82
29 59 94.68
29 81 60.81
30 84 18.76
30 93 18.8
30 39 27.19
30 45 16.66
30 76 86.87
30 80 57.91
30 98 70.84
30 72 49.42
30 60 6.52
30 69 37.7
30 31 79.23
30 86 42.02
30 44 43.43
30 63 12.3
30 36 51.42
30 64 109.84
30 46 112.71
30 95 109.18
30 48 66.63
31 77 56.6
31 61 26.5
31 39 72.37
31 66 42.09
31 91 54.22
31 36 45.96
31 52 74.52
31 87 85.93
31 54 83.2
31 83 65.74
32 86 47.1
32 74 19.11
32 62 51.28
32 42 76.54
32 68 102.33
32 48 61.6
32 33 30.89
32 70 109.91
32 71 86.81
32 41 90.05
32 89 88.43
32 85 52.77
32 57 67.89
32 36 38.22
32 38 86.41
32 75 88.64
33 38 102.23
33 76 84.44
33 39 37.4
33 37 80.83
33 66 55.76
33 42 103.79
33 61 87.49
33 48 69.31
33 88 48.28
34 45 116.46
34 96 136.69
34 95 49.5
34 73 73.07
34 68 27.34
34 99 69.58
34 58 22.75
34 46 46.22
34 60 95.29
34 74 101.41
34 37 37.81
34 75 48.03
34 63 96.82
35 48 107.53
35 58 62.35
35 68 85.19
35 55 128.38
35 94 101.94
35 52 105.91
35 65 46.1
35 66 97.08
36 91 54.02
36 85 41.86
36 75 64.42
36 47 39.78
36 78 36.95
36 45 75.83
36 43 31.24
37 89 58.45
37 90 56.59
37 45 90.03
37 70 60.87
37 55 77.5
37 93 70.1
37 74 55.36
37 94 38.63
37 92 83.86
37 95 77.12
38 50 50.67
38 98 21.38
38 44 60.05
38 74 95.68
38 94 4.75
38 53 124.54
38 88 104.1
38 68 58.36
38 79 74.41
38 85 46
38 95 83.74
38 76 120.5
38 70 70.24
38 81 55.57
38 57 61.63
38 43 66.92
39 63 36.22
39 68 89.81
40 57 76.53
40 97 67.17
40 50 76.96
41 52 102.63
41 62 80.43
42 85 31.81
42 58 64.18
42 89 27.31
42 61 34.1
42 80 88.24
42 70 75.06
43 81 42.41
43 62 36.21
43 49 69.51
43 91 79.95
43 59 67.32
43 85 57.95
43 73 22.7
44 51 52.46
44 85 25.89
44 97 66.14
44 61 47.58
44 46 98.6
44 86 48.08
44 65 59.63
44 95 99.35
44 74 41.25
44 77 52.58
45 88 63.89
45 73 54.62
45 95 120.33
45 68 132.78
45 49 87.09
45 80 83.33
45 83 120.57
45 81 65.05
45 97 90.79
45 59 99.62
45 64 129.09
45 74 59.27
45 89 72.92
45 82 108.28
46 89 117.25
46 75 35.59
46 99 70.51
46 72 91.39
46 77 101.38
46 65 62.64
46 50 76.2
47 65 50.1
47 69 54.62
47 74 68.45
47 54 77.9
47 52 111.5
47 63 76.11
47 98 39.47
47 56 96.2
47 91 67.92
47 80 54.55
47 53 101.38
47 48 61.51
47 85 70.88
48 52 61.18
48 78 51.55
48 88 79.37
48 59 109.11
48 66 27.87
48 55 50.24
48 90 83.02
48 92 74.73
48 71 86.89
48 91 83.37
48 65 73.96
48 84 72.55
48 53 107.76
48 57 51.61
48 81 36.13
49 93 75.24
49 82 31.52
49 97 25.93
49 68 49.2
49 76 73.46
50 91 106.27
50 62 57.78
50 77 93.53
50 79 85.55
50 71 89.41
51 97 110.74
51 53 118.35
51 98 30.62
51 82 101.67
51 93 55.74
51 75 89.47
51 90 74.23
52 86 41.47
52 82 124.25
52 53 95.77
52 93 29.89
52 77 68.8
52 72 78.7
52 70 123.08
52 65 79.73
53 83 96.71
53 57 67.97
53 75 90.67
53 61 102.05
53 72 22
53 74 115.53
53 89 96.8
53 77 32.39
53 84 52.43
54 93 17.04
54 56 43.94
54 91 79.71
54 69 58.07
54 88 36.77
54 83 100.62
54 75 91.62
54 71 90.93
54 99 40.69
54 95 115.11
54 76 78.01
54 89 80.38
54 65 55.15
55 96 111.88
55 92 83.26
55 61 62.02
55 72 88.68
55 56 100.25
55 66 48.46
55 89 18.31
55 81 50.15
55 58 88.73
55 76 138.5
55 87 95.38
55 63 73.35
55 99 102.29
55 85 38.95
55 83 98.99
55 59 142.4
55 68 98.32
55 77 58.73
56 77 52.97
56 62 76.72
56 78 95.19
56 99 86.43
57 95 59.9
57 83 54.53
57 72 50.53
57 59 95.14
58 72 82.44
58 61 29.56
58 85 58.92
58 90 41.93
59 78 96.63
59 86 101.85
59 65 61.66
59 81 99.25
59 93 102.27
59 89 137.75
59 69 65.37
59 74 74.88
59 96 89.1
59 64 89.23
59 99 59.74
59 62 31.86
60 92 15.09
60 69 44.42
60 75 97.21
60 88 79.07
60 63 5.11
60 85 55.7
60 84 22.06
60 79 78.41
60 83 103.94
61 77 73.33
61 86 82.91
61 98 42.33
61 81 37.3
61 62 70.73
61 72 83.17
61 99 64.83
61 87 87.58
61 79 46.51
61 88 92.44
61 97 58
61 75 44.23
62 92 89.19
62 93 70.64
62 97 84.62
62 90 29.87
62 70 77.84
62 85 87.44
62 89 106.15
62 72 73.39
62 99 49.26
62 79 64.25
62 65 45.17
62 80 13.26
62 63 73.56
62 71 67.91
62 66 87.71
62 82 85.54
62 95 72.92
63 82 95.58
63 64 108.49
63 74 59.67
63 78 82.35
64 73 64.22
64 79 47.27
64 92 109.91
64 82 53.13
64 89 97.57
64 98 61.88
64 69 70.16
65 79 22.76
65 87 66.65
65 92 67.33
65 98 60.4
65 75 48.36
65 67 15.53
65 77 52.19
66 77 56.68
66 83 99.11
66 91 96.02
66 75 87.08
66 85 23.64
66 87 56.41
66 68 94.85
66 80 92.06
66 74 68.09
67 81 53.32
67 91 25.39
67 71 33.17
67 94 85.42
68 84 112.95
68 89 103.3
68 99 79.16
68 80 74.88
68 73 78.64
68 95 36.81
68 92 127.87
68 70 10.85
69 80 47.03
69 91 37.79
69 72 34.1
69 90 22.96
69 98 70.19
69 77 43.24
69 73 15.59
69 92 54.8
69 75 60.67
70 89 109.14
70 88 134.74
70 77 86.53
70 87 114.63
70 95 17.89
70 86 116.99
71 81 73.41
71 89 103.73
71 95 20.14
71 82 39.47
72 82 64.66
72 76 50.14
72 75 74.96
72 91 47.48
72 86 32.9
73 75 52.06
73 82 57.97
73 78 54.61
73 98 57.29
74 96 103.42
74 88 12.53
74 83 111.11
74 85 66.46
74 92 63.9
75 79 24.67
75 93 100.64
75 96 107.14
75 86 100.61
75 90 43.42
75 88 109.08
75 83 31.01
75 77 69.76
76 78 87.43
76 79 61.73
77 90 65.44
77 80 72.49
77 79 55.77
77 81 44.82
77 95 92.6
77 92 34.48
78 81 48.37
78 92 103.01
78 88 65.8
78 90 55.61
78 97 82.03
78 87 84.71
78 79 67.92
78 99 27.75
78 95 76.55
78 82 86.01
78 94 38.49
79 92 77.29
79 90 38.38
79 97 33.75
79 84 87.46
79 81 69.25
79 95 35.2
79 96 92.08
79 93 87.01
80 99 43.44
80 86 88.15
80 87 67.57
80 91 64.6
80 81 60.28
80 82 84.02
80 94 83.14
80 83 61.44
80 95 67.74
81 88 60.7
81 83 84.57
81 90 59.54
81 92 61.78
81 93 42.88
82 83 40.5
82 92 99.4
82 88 134.73
82 87 110.89
82 89 81.74
82 84 88.79
82 96 100.86
83 95 14.95
83 85 94.51
83 89 119.52
83 97 53.37
83 96 114.22
83 92 113.02
84 90 63.76
84 99 85.58
84 88 83.68
84 98 100.44
85 86 43.35
85 90 84.53
85 93 40.85
85 91 81.43
86 98 91.89
86 93 50.23
86 91 63.28
86 96 64.16
86 88 103.97
86 87 52.18
87 92 45.02
87 95 108.62
87 93 7.56
88 94 93.94
88 95 136.44
88 89 118.18
89 92 74.05
90 93 72
90 92 76.96
90 96 87.11
90 99 47.49
90 95 60.2
91 99 83.98
91 97 25.36
91 93 83.24
91 95 46.5
91 96 73.71
92 93 43.86
92 95 104.59
92 97 67.17
93 98 71.41
93 96 99.07
93 99 70.02
93 95 123.42
94 96 147.79
95 98 79.51
96 97 84.35
96 98 126.94
97 99 98.84
97 98 94.07
