0 51 30
0 16 31.67
0 30 94.24
0 96 68.73
0 81 85.73
0 6 42.17
0 35 49.28
0 40 47.75
0 55 85.84
0 8 60.6
0 42 75.85
1 81 63.69
1 89 84.64
1 73 59.66
1 94 100.88
1 41 49.07
1 65 87.76
2 83 39.39
2 5 50.67
2 87 66.27
2 21 52.52
2 54 23.67
2 31 76.11
2 6 48.7
3 76 92.67
3 63 93.12
3 56 53.82
3 48 89.92
3 62 89.98
3 59 74.8
3 20 81.49
3 44 44.68
3 19 74.33
3 98 82.34
3 88 60.37
3 65 36.15
3 18 41.66
3 49 90.18
4 93 79.16
4 16 66.73
4 98 70.06
4 94 63.3
4 34 95.84
4 19 81.89
5 77 36
5 51 43.77
5 71 55.84
5 89 68.32
5 24 97.91
5 12 82.37
5 41 74.6
5 81 83.28
5 94 82.98
5 70 71.55
5 15 100.96
5 53 37.78
5 63 87.97
5 98 26.41
5 48 100.04
5 82 69.51
5 29 63.7
5 22 80.24
5 34 59.3
5 66 95.77
6 98 47.2
6 72 113.72
6 64 116.68
6 56 31.55
6 30 93.43
6 25 75.31
6 43 58.91
6 83 86.07
6 92 18.19
6 61 65.81
6 44 49.28
6 77 27.98
6 58 7.49
7 93 58.95
7 79 68.45
7 21 72.03
7 75 50.26
7 41 45.85
7 24 62.86
8 76 81.15
8 95 37.46
8 20 82.15
8 14 87.4
8 38 67.35
8 89 19.91
8 33 83.24
8 81 63.89
8 59 59.29
8 61 70.82
8 40 98.09
8 15 65.04
9 25 85.35
9 47 78.19
10 53 86.93
10 57 60.99
10 14 73.9
10 84 43.57
10 64 53.83
10 60 40.43
10 25 102.84
10 82 35.76
10 18 115.73
10 49 52.44
10 71 59.23
10 89 85.03
10 70 90.73
10 93 76.16
10 26 78.16
10 75 19.83
10 83 9.74
10 61 26.25
10 52 78.83
10 72 65.4
10 81 36.76
10 28 63.63
10 40 36.2
11 81 56.96
11 96 21.97
11 39 60.28
11 63 73.84
11 87 74.45
11 88 41.56
11 68 68.17
11 93 41.11
11 23 78.62
11 35 81.09
11 18 85.82
12 89 57.22
12 49 64.76
12 34 91.94
12 24 63.93
12 22 57.4
12 41 13.14
12 32 40.52
12 38 40.92
12 84 19.34
12 20 56.78
12 95 54.46
12 40 76.67
12 19 85.27
12 51 72.41
12 68 65.56
12 78 94.79
12 69 90.45
12 56 52.86
12 77 72.72
13 38 115.58
13 48 83.37
13 85 78.55
13 87 79.62
13 56 31.95
13 90 72.39
13 16 49.57
13 98 39.45
13 62 51.47
13 96 88.99
13 31 69.14
13 33 43.23
13 69 51.92
13 61 55.33
13 86 74.15
13 80 85.59
14 78 87.95
14 37 50.39
14 38 81.55
14 53 70.74
14 47 80.13
14 40 81.57
14 60 22.91
14 30 99.29
15 23 58.48
15 35 82.55
15 57 32.26
15 27 52.24
15 28 66.42
15 17 35.64
15 68 91.23
16 31 50.07
16 43 20.42
16 92 83.69
16 73 68.42
16 91 43.67
17 20 46.91
17 64 43.25
17 84 52.22
17 59 53.61
17 32 66.81
17 65 68.38
17 95 67.75
17 52 33.37
17 53 38.62
17 24 52.58
17 86 38.85
17 75 68.85
17 34 69.01
17 88 59.17
17 89 56.84
17 47 49.04
18 59 93.42
18 41 85.12
18 24 33.98
19 83 90.64
19 78 76.91
19 86 28.03
19 90 90.02
19 92 88.17
19 75 85.49
19 49 25.81
20 42 47.71
20 28 74.86
20 60 6.53
20 70 58.33
20 68 72.13
21 82 61.93
21 81 93.35
21 45 69.33
21 55 112.02
21 23 72.9
21 79 24.71
21 66 73.98
21 57 75.4
21 28 121.96
22 48 36.29
22 70 46.49
22 95 77.12
22 47 61.72
22 87 52.86
22 28 72.98
22 25 65.88
22 83 75.92
22 78 84.22
22 65 87.73
22 56 63.87
23 93 94.29
23 99 47.78
23 53 68.02
23 51 92.09
23 85 37.46
23 30 101.87
23 46 42.94
23 35 57.89
23 96 57.22
23 89 51.19
23 31 30.14
23 83 112.92
23 45 74.13
23 68 90.5
23 52 61.46
23 88 63.9
23 55 76.3
23 72 68.71
24 61 88.25
24 36 94.4
24 69 115.48
24 82 66.43
24 56 60.4
24 75 83.35
24 54 70.88
25 46 66.86
25 41 73.12
25 80 98.61
25 39 71.67
25 51 77.79
25 74 48.34
26 64 83.02
26 68 34.09
26 95 45.89
26 56 38.71
26 45 39.93
26 90 21.2
26 44 21.64
26 31 51.84
26 83 71.07
26 92 21.48
26 72 90.48
26 27 62.5
26 50 49.26
26 70 67.71
26 78 44.73
26 52 93.37
27 78 100.76
27 81 57.76
27 98 76.66
27 41 50.98
27 29 78.73
27 87 15.64
27 73 54.62
27 91 97.26
27 42 51.3
28 82 63.86
28 91 123.06
28 52 94.8
28 60 84.21
28 58 109.96
28 64 48.12
29 81 74.52
29 83 92.63
29 87 59.41
29 68 56.06
30 52 117.33
30 45 39.53
30 41 32.65
30 43 107.53
30 93 116.43
30 63 13.62
30 74 73.95
31 79 74.08
31 63 78.46
31 74 31.34
31 83 94.68
31 76 78.9
32 35 72.02
32 34 105.42
32 87 30.67
32 85 35.67
32 57 22.35
32 69 118.48
32 84 51.97
32 82 61.35
32 65 55.1
32 55 55.97
32 38 32.17
32 44 51.12
32 63 63.03
32 95 36.88
33 62 75.8
33 86 32.99
33 43 8.53
33 78 65.28
33 59 71.87
33 55 95.4
33 52 46.47
33 69 78.09
33 95 94.13
33 60 76.31
33 74 70.35
34 40 24.94
34 80 100.55
34 77 73.22
34 76 62.22
34 97 79.49
34 46 103.1
34 44 78.92
35 73 44.5
35 49 85.4
35 77 27.52
35 40 73.67
35 99 54.99
35 50 21.84
35 68 27.87
35 76 68.08
35 78 65.78
35 37 76.98
35 46 51.51
35 48 103.01
35 36 38.45
36 92 5.69
36 67 108.31
36 74 97.19
36 89 55.43
36 55 115.83
36 52 115.75
36 44 38.94
37 82 35.04
37 61 61.7
38 39 96.08
38 66 39.47
38 84 66.43
38 60 80.92
38 76 62.02
38 71 94.95
38 41 61.05
38 99 102.58
38 53 111.95
38 65 83.64
38 96 53.43
38 89 75.63
38 63 77.57
38 70 98.49
38 57 26.8
39 60 51.45
39 66 62.78
39 90 57.43
39 74 51.6
39 86 58.13
39 42 70.39
39 87 51.3
39 55 80.28
39 46 64.38
40 73 46.5
40 51 16.24
40 65 98.21
40 57 69.9
40 75 61.22
40 87 85.1
40 72 107.17
40 92 67.71
40 76 57.64
41 93 74.57
41 53 62.63
41 72 40.79
41 64 40.25
41 81 20.19
41 62 40.77
41 58 76.48
41 50 65.84
41 94 67.02
41 71 48.13
41 67 52.54
41 90 47.6
41 80 87.93
41 92 79.73
41 45 3.29
42 89 67.62
42 83 80.32
42 94 88.52
42 60 46.87
42 78 97.97
42 57 28.88
42 43 61.06
42 53 79.47
42 73 50.33
42 69 75.23
42 49 47.08
43 91 39.63
43 79 67.06
43 48 65.92
44 77 34.4
44 68 51.68
44 74 54.97
44 99 62.63
44 66 53.71
44 93 111.28
44 47 15.39
44 49 74.38
44 71 33.66
44 65 35.42
44 67 60.06
44 64 81.51
44 83 90.67
45 90 42.38
45 83 45.48
45 97 35.25
45 68 47.91
45 86 87.05
45 59 53.4
45 70 80.26
45 62 48.24
45 57 35.4
45 58 60.43
46 66 22.23
46 52 89.78
47 69 92.79
47 63 68.4
47 70 52.73
47 72 87.96
47 48 95.54
47 74 46.81
47 60 80.21
47 86 65.92
47 99 61.23
47 68 56.28
47 92 49.4
47 79 46.78
47 78 76.32
48 50 120.87
48 84 112.85
48 79 120.81
48 58 125.62
48 94 118.31
48 67 91.59
48 90 111.29
48 77 118.72
48 81 96.73
48 87 96.58
49 89 94.81
49 80 24.87
49 83 68.32
49 53 62.83
49 77 89.38
49 71 89.85
49 98 62.67
49 73 57.76
50 75 95.88
50 88 91.03
50 81 84.2
50 78 99.67
50 93 127.5
50 73 65.97
50 87 44.66
50 63 77.58
50 80 131.47
50 86 84.93
50 97 84.32
50 67 84.79
50 77 34.46
51 55 82.68
51 83 58.16
51 62 28.98
51 94 98.87
51 67 96.66
51 86 64.9
51 88 73.14
52 79 94.19
52 65 74.26
52 81 83.73
52 70 23.53
52 98 85.29
52 86 16.62
52 92 117.21
52 58 103.31
53 81 81.54
53 85 68.18
53 95 70.45
53 87 70.55
53 80 90.24
53 69 68.24
53 98 42.92
53 71 57.81
53 64 87.71
53 90 63.43
53 55 91.83
54 93 85.08
54 78 28.49
54 81 74.29
54 86 51.18
54 92 68.98
54 79 66.06
54 71 62.29
54 58 72.18
54 66 94.55
54 65 80.31
55 66 67.9
55 65 86.81
55 82 59.72
55 68 79.26
55 77 91.53
55 90 85.37
55 57 43.16
55 58 103.9
55 84 75.04
55 87 54.11
55 95 91.68
55 72 43.72
55 80 41.76
56 76 74.41
56 97 86.03
57 87 32.89
57 70 55.32
57 81 27.48
57 63 65.42
57 97 53.03
57 82 31.55
57 76 54.35
58 61 52.92
58 83 94.45
59 60 79.85
59 81 68.13
59 71 25.98
59 89 40.18
59 72 107.6
59 76 67.09
59 64 99.98
59 80 104.13
60 89 88.51
60 86 54.63
61 87 66.46
61 93 90.13
62 76 49.66
62 86 62.99
62 88 51.75
62 97 61.85
62 91 64.79
62 92 89.71
62 63 52.39
62 78 57.39
62 72 73.29
62 75 53.1
62 90 83.37
62 77 84.77
62 71 72.86
63 93 116.88
63 97 3.83
63 77 72.47
63 74 64.52
64 96 15.96
65 99 48.36
65 96 88.48
65 74 66.15
65 80 120.07
65 72 105.21
66 84 17.7
66 99 98.73
66 79 55.96
66 86 86.03
66 80 111.01
66 93 113.39
66 74 49.16
66 73 44.78
66 82 32.59
67 78 123.13
67 98 73.96
67 75 52.14
67 69 108.63
67 82 63.02
67 92 92.24
67 97 67.21
67 86 86.6
68 72 108.57
69 73 53.92
69 80 87.29
69 92 93.13
69 75 64.48
69 90 92.33
69 77 90.88
69 84 78.13
69 96 84.84
70 88 69.24
70 76 92.85
70 97 98.29
70 87 61.03
70 92 87.62
70 99 26.66
70 73 71.46
71 96 93.39
71 85 33.76
71 77 26.38
71 89 38.63
71 91 51.9
71 87 59.99
71 97 60.76
71 95 41.24
72 91 115.51
72 93 97.77
72 97 45.46
73 92 60.68
73 88 65.03
73 79 31.82
73 96 49.12
73 82 3.11
73 91 55.68
73 81 21.96
73 85 50.3
73 95 49.32
73 75 34.9
73 78 65.38
73 87 44.35
73 74 48.41
73 90 32.03
73 97 36.6
73 94 48.37
74 93 49.48
74 76 67.75
74 80 58.94
74 96 32.33
74 88 14.24
75 94 76.11
75 91 96.39
75 80 79.88
75 77 87.51
75 78 98.09
75 81 4.08
76 78 87.96
76 88 58.01
76 86 108.32
76 82 30.86
76 97 14.75
76 93 109.45
76 87 62.36
76 95 67.43
77 85 33.23
77 80 105.66
77 83 87.77
77 86 83.1
77 81 63.19
77 87 51.26
77 90 30.14
78 79 59.02
78 99 111.31
78 86 93.23
79 81 62.29
79 85 43.41
79 99 81.97
79 95 39.52
79 86 77.83
79 94 35.3
80 96 43.47
80 91 92.72
80 92 121.43
81 93 94.23
81 99 108.79
81 89 67.15
81 97 31.11
81 85 58.09
81 88 37.78
81 94 69.38
81 84 21.35
81 86 89.18
82 83 53.07
82 93 79.16
83 88 70.89
83 96 74.55
84 96 73.31
84 97 12.51
84 94 53.88
84 92 70.78
84 95 36.43
85 89 16.82
85 92 55.77
86 94 99.31
86 88 59.45
86 99 30.84
86 91 61.22
86 93 60.27
86 95 78.69
86 92 91.93
86 98 77.18
87 96 55.95
87 89 23.67
87 99 53.39
88 99 81.57
88 94 90.85
88 97 70.99
88 89 75.91
89 93 105.89
89 91 59.94
89 90 30.56
89 95 30.04
90 96 79.38
91 99 55.3
91 94 76.74
91 93 102.92
91 92 53.29
92 97 72.62
92 94 43.87
92 95 47.54
93 96 30.34
93 98 97.64
94 97 70.02
94 96 85.68
94 98 52.94
94 99 76.25
94 95 15.66
95 98 47.5
95 99 68.36
95 96 79.85
95 97 49.38
96 99 69.43
97 98 56.89
97 99 108.05
98 99 78.75
