0 55 32.5
0 82 49.15
0 15 60.72
0 9 86.94
0 71 71.91
0 68 62.23
0 72 47.47
0 85 63.2
0 93 59.34
0 80 31.1
0 74 63.48
0 17 67.47
0 27 63.58
1 10 43.27
1 61 12.08
1 51 58.22
1 45 95.62
1 19 60.84
1 76 77.91
1 2 69.36
1 98 53.46
1 4 90.38
1 69 63.94
2 22 75.66
2 32 65.81
2 64 73.47
2 74 45.6
3 55 18.43
3 89 35.89
3 54 55.31
3 35 82.12
3 53 46.68
3 75 84.26
3 87 76.61
3 76 86.8
3 11 62.95
3 69 18.83
4 67 37.22
4 86 41.71
4 29 88.26
4 84 21.54
4 95 70.83
4 14 64.34
4 79 53.07
4 8 119.17
4 56 55.71
4 33 85.27
5 63 57.56
5 94 89.26
5 91 107.24
5 36 70.23
5 8 123.49
5 57 70.83
5 7 47.19
5 95 83.35
5 11 43.91
5 47 92.94
5 86 81.76
5 37 66.57
5 99 95.19
6 22 88.39
6 89 32.97
7 98 3.79
7 79 41.17
7 70 64.67
7 81 41.81
7 82 74.52
7 23 51.56
7 13 45.92
7 38 37.01
7 34 18.77
7 10 14.72
7 57 59.11
7 97 51.93
8 63 75.06
8 29 51.49
8 53 56.1
8 54 66.11
8 66 108.46
8 59 52.62
8 92 84.98
8 49 104.03
8 86 95.56
8 37 93.6
8 91 36.38
8 98 68.17
8 89 49.97
8 33 57.58
8 87 87.8
8 96 64.47
8 68 100.35
9 25 98.81
9 14 75.17
9 47 75.12
9 34 56.95
9 86 64.58
9 54 98.62
9 21 90.2
9 81 60.69
9 12 78.73
9 18 59.08
10 61 29.86
10 32 53.37
10 12 55.86
10 55 49.02
10 80 33.3
10 35 27.69
10 25 48.08
10 72 66.44
10 69 35.74
10 99 36.07
10 77 57.84
10 62 40.42
10 40 24.12
10 68 54.17
10 79 65.07
10 37 53.78
10 73 66.26
10 41 73
10 14 55.88
10 67 45.79
11 79 102.45
11 27 27.44
11 50 69.2
11 86 95.48
11 21 70.49
11 29 57.79
11 95 86.95
11 14 90.2
11 74 114.54
11 82 93.7
11 77 64.09
11 25 66.9
11 32 80.65
11 54 39.75
11 52 53.11
11 71 91.95
12 93 58.57
12 58 58.63
12 20 32.13
12 15 90.83
12 37 84.78
12 42 68.41
12 76 66.51
12 62 46.65
12 78 73.06
12 89 53.02
13 84 16.53
13 15 41.2
13 59 98.65
13 64 64.02
13 24 102.44
13 35 77.89
13 57 98.67
13 91 107.25
13 90 55.81
13 37 95.67
13 42 38.76
13 89 70.89
13 58 115.06
13 86 38.56
13 80 48.79
13 92 28.81
13 72 60.95
13 45 25.23
13 56 60.16
13 14 53.45
13 67 40.17
13 62 33.96
13 98 52.43
13 61 92.6
13 52 42.55
13 75 35.62
13 17 85.93
13 29 97.93
13 63 47.99
13 36 46.59
13 50 29
13 49 58.71
14 89 34.6
14 97 71.73
14 30 58.89
14 28 71.95
14 48 90.65
14 56 40.25
14 69 36.02
14 42 86.46
14 49 65.3
14 57 99.91
14 32 31.78
14 19 65.8
14 53 15.4
14 96 10.32
14 59 55.68
14 41 68.73
14 99 41.14
14 91 63.15
14 62 29.19
14 44 75.11
14 20 81.62
15 42 44.33
15 36 39.71
15 65 58.41
15 98 39.71
15 57 70.57
15 58 89.41
15 40 61.93
15 78 72.28
15 56 69.64
15 61 75.21
15 28 37.7
15 62 59.73
15 85 27.46
15 97 30.31
15 69 74.07
15 55 64.22
16 63 39.31
16 41 65.82
16 75 52.45
16 57 82.69
16 30 39.97
16 82 54.4
16 26 42.58
16 62 26.7
16 38 24.44
16 77 76.16
16 52 32.76
16 46 74.23
16 23 63.49
16 88 57.46
16 35 41.86
17 70 68.83
17 77 19.8
17 50 76.26
17 53 84.58
17 87 34.56
17 96 115.07
17 55 79.31
17 23 55.09
17 35 26.36
17 59 40.49
17 78 51.82
17 63 96.94
18 23 55.4
18 39 90.37
18 85 89.6
18 38 73.82
18 64 42.54
18 92 32.91
18 79 56.33
18 96 54.31
19 81 78.79
19 24 98.39
19 67 78.41
19 26 47.62
19 35 69.17
19 96 60.12
19 49 92.93
19 63 70.23
19 84 103.27
19 86 88.51
19 40 58.9
19 53 53.27
19 51 29.74
19 41 120.91
19 62 57.5
19 61 39.34
19 44 78.24
19 80 58.99
19 45 94.74
19 31 83.86
19 50 80.13
19 98 44.48
19 20 59.06
19 93 94.93
20 56 32.29
20 44 73.33
20 38 76.27
20 41 119.75
20 32 49.05
20 83 79.01
20 34 51.9
20 22 42.76
20 68 79.82
20 87 87.09
20 57 84.76
20 30 67.84
20 33 99.69
20 47 118.68
20 36 76.51
20 65 85.95
20 27 70.28
21 72 117.73
21 99 48.64
21 31 81.1
21 85 37.73
21 82 73.83
21 47 40.18
21 54 66.66
21 38 61.54
21 62 90.07
21 49 39.06
21 68 60.64
21 83 41.69
21 39 17.05
21 65 91.87
21 69 85.23
21 25 0.71
21 35 36.99
21 53 71.25
21 92 95.19
21 89 83.73
21 86 90.83
21 77 36.43
22 30 95.76
22 88 105.24
22 46 133.36
22 32 67.32
23 99 87.88
23 45 41.96
23 40 35.52
23 68 24.28
23 80 37.97
23 73 28.71
23 78 90.48
23 39 87.62
23 94 79.8
23 98 53.99
23 81 65.37
23 38 77.91
23 35 53.3
23 55 43.67
23 69 65.39
24 38 96.41
24 99 105.75
24 82 123.05
24 43 99.9
24 87 47.79
24 47 84.21
24 27 48.83
24 49 74.06
24 81 98.66
24 45 103.57
24 29 106.94
24 34 62.96
24 41 112.51
24 97 80.28
24 37 33.32
25 35 26.74
25 33 25.58
25 41 66.45
25 29 81.98
25 59 30.09
25 80 75.85
25 70 69.52
25 51 82.08
25 78 32.11
25 66 86.68
25 46 21.62
25 39 20.96
25 32 84.32
25 85 28.65
25 97 83.13
25 87 35.49
25 54 58.55
26 30 52.55
26 49 72.96
26 91 63.66
26 75 81.3
27 74 112.33
27 62 69.79
27 35 32.87
27 78 60.88
27 46 48.54
27 59 63.15
27 31 81.35
27 79 92.47
27 60 83.93
27 93 51.16
27 37 33.36
27 56 67.72
27 98 63.19
27 45 81.31
27 82 96.65
27 80 40.42
27 88 88.16
28 59 68.25
28 72 95.3
28 58 113.63
28 66 75.48
28 36 49.96
28 93 56.26
28 40 78.66
28 39 57.96
28 46 83.83
28 63 80.17
28 78 82
28 98 65.35
28 48 92.28
29 77 89.98
29 38 37.11
29 43 62.11
29 42 120.36
29 39 76.25
29 68 95.28
29 58 17.78
30 88 74.88
31 41 46.96
31 92 32.1
31 56 56.1
31 74 17.56
31 84 28.75
31 88 31.59
31 43 92.4
31 38 68.67
31 48 88.74
31 34 53.26
31 73 38.08
31 81 52.51
31 59 71.67
31 45 30.27
31 93 36.66
31 87 60.67
31 70 106.52
31 80 37.09
31 52 38.63
31 66 25.99
31 55 56.18
31 53 61.18
32 46 96.22
32 56 26.52
32 44 65.44
32 86 39.63
32 74 71.8
32 80 62.04
32 40 60.16
32 43 78.85
32 48 89.67
32 81 57.67
32 83 59.8
32 42 106.51
32 73 72.96
32 76 92.42
32 90 51.02
33 90 43.36
33 64 78.42
33 70 79.76
33 84 85.19
33 94 58.91
33 49 34.91
33 50 78.41
33 58 69.05
33 72 92.03
33 40 71.5
34 60 63.8
34 94 70.43
34 71 74.4
34 53 54.05
34 74 73.57
34 99 70.07
34 81 69.78
34 86 68.99
35 65 68.67
35 98 34.86
36 41 36.96
36 42 72.7
36 93 34.67
36 68 46.97
36 60 22.43
36 66 33.78
36 83 56.63
36 70 98.06
36 63 43.83
36 69 41.75
36 54 66.71
36 58 83.02
36 73 70.9
36 71 45.57
36 85 27.19
36 76 50.66
36 88 22.67
36 40 46.73
36 86 29.32
36 74 37.97
36 45 44.12
37 93 39.16
37 76 49.49
37 64 86.15
37 74 101.44
37 65 68.23
37 89 82.29
37 60 65.56
37 66 81.09
37 41 100.58
37 78 63.69
37 96 114.07
37 97 92.02
37 44 39.18
37 90 56.84
37 52 83.62
37 58 77.73
37 82 104.72
37 56 101.11
37 73 89.77
37 45 84.53
37 95 87.55
38 48 63.76
38 43 35.58
38 73 84.11
38 57 68.46
38 49 66.27
38 61 28.69
38 41 81.75
38 70 51.56
38 72 56.08
38 76 85.35
38 67 54.97
38 68 75.65
38 54 39.95
38 45 85.96
38 62 48.13
38 97 83.31
38 85 45.62
38 44 65.79
38 66 70.69
38 50 66.84
39 54 78.29
39 47 18.03
39 40 55.68
39 93 46.17
39 46 42.66
39 74 71.45
39 85 24.34
39 82 64.43
39 97 75.44
39 92 83.51
40 62 38.6
40 59 55.59
40 63 34.6
40 49 56.51
40 69 24.25
40 87 32.95
40 85 51.31
40 47 73.7
41 89 91.63
41 81 26.75
41 76 74.04
41 54 114.93
41 72 102.24
41 61 104.3
41 55 92.82
42 81 91.89
42 48 86.47
42 59 104.41
42 93 55.98
42 67 43.96
42 60 82.98
42 52 74.22
42 73 23.31
42 55 74.95
42 88 66.53
42 92 71.81
42 87 66.23
42 68 33.4
42 98 75.15
43 60 80.47
43 56 67.61
43 62 77.25
43 71 53.63
44 48 60.83
44 47 68.54
44 60 75.84
44 83 77.92
44 91 91.24
44 52 38.61
44 88 57.87
45 77 100.72
45 65 59.76
45 81 61.92
45 61 101.41
45 76 52.94
45 57 84.86
46 82 115.02
46 48 13.47
46 57 26.57
46 55 86.44
46 89 102.47
46 71 46.39
46 98 64.31
46 96 115.64
46 83 63.93
46 76 64.35
46 51 100.04
46 95 68.59
46 53 95.55
47 50 80.77
47 73 104.02
47 48 60.25
47 66 80.44
47 98 67.62
47 82 88.8
47 70 98.43
47 57 73.33
47 75 48.05
47 79 58.93
48 98 56.03
48 95 80.74
48 70 60.32
49 96 84.6
49 56 87.53
49 95 44.6
49 53 72.63
49 86 58.82
50 92 48.74
50 99 73.53
50 72 79.85
50 98 36.6
50 62 47.53
51 64 57.61
51 91 61.23
51 73 121.02
51 69 63.7
51 52 85.12
51 87 85.88
51 89 50.5
51 90 59.26
51 70 36.16
52 57 67.65
52 98 33.12
52 93 47.63
52 64 33.94
52 71 80.93
52 68 62.29
52 92 27.34
52 66 23.12
53 64 16.09
53 91 67.95
53 99 48.28
53 94 60.01
53 57 82.8
53 65 97.31
53 72 27.36
53 87 60.57
54 80 49.16
54 91 68.99
54 57 51.28
54 69 51.21
54 85 71.53
54 94 101.52
54 65 86.63
54 97 84.23
54 58 40.46
54 70 12.5
54 56 56.76
54 73 91.42
54 60 79.73
55 66 44.58
55 93 58.71
55 73 41.63
55 56 39.93
55 89 43.84
55 70 64.89
55 76 74.3
55 88 88.84
55 78 80.28
55 74 85.67
55 98 39.26
55 72 60.6
56 58 69.35
56 64 0.47
56 83 53.27
56 63 22.6
56 90 39.27
56 80 33.38
56 82 60.52
56 96 35.8
56 65 90.29
56 73 66.37
56 94 82.49
56 77 92.07
56 67 59.3
56 81 78.68
56 68 65.21
56 99 66.51
57 62 89.5
57 91 81.81
57 88 81.81
57 60 93.27
57 70 45.2
57 82 111.5
57 79 106.18
58 64 56.3
58 71 68.13
58 79 92.63
58 67 83.96
58 69 67.09
58 98 65.34
59 82 57.35
59 87 40.46
59 63 75.81
59 72 92.92
59 62 73.93
59 74 95.7
59 81 41.77
59 77 61.02
60 87 51.24
60 95 13.38
60 78 49.93
60 61 84
60 97 58.01
60 68 53.43
60 63 63.32
60 82 96.41
61 98 43.22
61 66 89.31
61 79 80.43
61 93 72.54
61 75 86.62
61 95 73.21
61 67 62.02
61 72 104.32
61 87 52.5
61 71 50.23
61 91 48
61 89 51.26
62 96 30.1
62 82 78.72
62 83 63.35
62 84 56.94
62 87 62.75
62 93 53.65
62 95 50.98
62 64 21.07
62 75 52.72
62 69 11.74
62 88 50.39
62 73 45.22
63 92 14.87
63 90 43.63
63 82 79.79
63 79 38.31
63 94 69.74
63 81 55.07
63 69 11.76
63 78 66.81
64 81 66.09
64 97 61.49
64 78 63.6
64 94 80.41
64 75 69.02
64 83 66.06
64 91 82.1
64 80 34.24
64 71 86.17
64 79 64.71
65 70 100.29
65 91 127.11
65 97 49.61
65 96 98.6
65 75 44.57
65 83 94.74
66 73 17.66
66 92 44.91
66 88 48.16
66 69 43.38
67 81 36.71
67 95 32.18
67 82 101.64
67 87 40.66
67 71 67.94
67 76 26.87
68 99 83.5
68 74 55.74
68 97 43.65
68 90 52.71
68 70 88.42
68 79 58.42
68 69 61.52
69 93 61.27
69 78 73.57
69 72 31.75
69 81 73.53
69 90 40.22
69 87 68.89
69 91 85.11
69 95 74.81
69 92 30.49
69 84 45.45
69 77 87.49
69 85 74.6
69 80 26.35
70 84 94.87
70 96 95.75
70 98 68.21
70 82 87.12
70 81 99.79
70 92 97.28
70 99 87.21
70 85 84.21
70 89 61.43
70 94 119.82
70 97 97.93
70 80 51.17
70 77 59.22
70 71 82.37
71 91 42.25
71 84 78.88
71 82 74.06
71 88 59.31
71 79 77.62
71 78 26.73
71 75 40.9
71 90 44.06
71 80 84
72 99 79.18
72 76 106.83
72 90 75.63
72 78 99.27
72 92 24.61
72 83 73.84
72 73 77.77
73 89 74.44
73 92 53.4
73 99 90.13
73 96 84.41
73 84 14.9
74 81 55.56
74 93 65.7
74 96 59.81
74 98 61.11
74 75 38.83
74 90 72.66
75 90 42.57
75 81 38.49
75 80 50.15
75 97 35.2
75 85 25.66
75 87 34.06
75 82 94.98
75 96 75.01
75 76 24.73
76 98 53.25
76 80 54.01
76 83 91.6
76 95 65.33
76 84 29.09
76 77 55.93
77 87 36.58
77 90 58.83
77 98 62.06
77 83 65.48
78 84 91.54
78 97 93.23
78 87 49.88
78 89 52.97
78 88 70.12
78 80 61.57
79 88 24.6
79 83 59.71
80 82 93.8
80 84 38.98
80 93 43.98
81 96 64.9
81 93 36.35
81 97 67.47
82 95 84.9
82 90 65.91
82 85 80.29
82 96 70.79
82 86 74.97
82 91 44.92
82 98 69.6
82 83 51.47
83 85 40.56
83 99 21.05
84 97 12.42
84 89 76.28
84 86 59.35
84 99 77.9
84 94 50.85
85 87 24.89
85 96 75.97
85 94 37.14
86 90 47.32
86 91 81.99
86 98 48.42
86 88 46.74
86 93 71.76
86 92 20.88
87 97 54.64
87 96 92.56
87 88 42.81
88 99 52.3
88 90 37.4
88 96 63
88 97 32.94
88 98 42.23
89 93 75.27
89 97 84.67
89 92 49.08
89 95 58.65
89 90 45.43
89 96 29.68
90 95 36.56
90 91 56.25
90 93 30.95
90 94 48.48
90 96 51.89
91 98 50.65
92 97 56.03
92 93 66.29
92 95 49.92
93 95 53.93
93 97 43.67
93 96 83.63
94 97 57.36
94 95 7.48
95 96 65.99
95 98 39.96
96 97 70.44
97 98 55.35
98 99 45.95
