0 64 46.28
0 16 46.31
0 83 60.09
0 32 16.21
0 50 77.42
0 91 80.86
1 84 81.01
1 99 100.95
1 2 97.3
1 27 76.62
1 42 55.25
1 33 66.41
1 17 32.63
1 54 92.93
1 20 81.54
1 7 68.78
1 32 99.64
1 73 89.95
1 38 71.52
1 65 56.65
1 26 56.98
1 59 79.23
1 98 63.07
1 30 20.66
1 45 69.32
1 50 63.17
1 63 53.01
1 69 74.66
1 67 82.42
1 91 42.23
2 16 61.47
2 82 43.59
2 4 108.76
2 75 27.41
2 79 41.21
2 27 113.05
2 55 97.49
2 29 91.54
2 47 68.9
3 74 101.58
3 47 42.4
3 89 107.48
3 55 55.63
3 97 26.45
3 42 86.01
3 25 42.56
3 35 96.62
3 20 30.3
3 9 31.74
3 95 52.43
3 96 76.37
4 44 66.84
4 43 82.68
4 18 52.12
4 17 87.83
4 29 57.67
4 13 75.06
4 75 96.7
4 19 92.28
4 55 77.29
4 22 73.2
4 32 93.25
5 92 38.29
5 8 10.09
5 82 90.16
5 19 75.76
5 53 62.17
5 99 56.05
5 40 81.07
5 83 18.04
5 13 57.08
5 94 31.27
5 88 76.4
5 48 51.45
5 38 87.6
5 17 64.29
5 20 28.26
5 78 35.09
5 51 96.31
5 34 58.09
5 59 106.11
6 64 96.15
6 74 69.96
6 61 52.69
6 39 100.4
7 47 41.65
7 53 90.21
7 9 48.75
7 58 77.38
7 81 100.95
7 74 69.08
7 84 69.66
7 50 52.53
7 15 61.86
7 87 57.14
7 89 85.4
7 36 59.73
7 40 28.35
8 97 11.37
8 92 54.21
8 42 77.97
8 69 15.42
8 78 36.2
8 33 110.2
8 85 68.86
8 77 32.61
8 27 66.67
8 76 69.13
9 34 31.9
9 70 70.32
9 23 91.82
9 80 53.76
9 67 62.55
9 91 102.09
9 29 83.69
9 77 44.42
9 94 58.36
9 41 35.47
10 58 56.99
10 34 68.33
10 92 21.63
10 41 32.65
10 24 52.31
10 17 76.54
10 43 74.66
10 67 94.66
10 93 59.8
10 55 26.54
10 53 72.92
11 74 29.27
11 21 72.35
11 73 91.01
11 70 49.55
11 76 67.04
11 45 42.72
11 52 82.03
11 36 93.58
11 83 72.64
11 41 77.4
12 92 77.55
12 22 104.28
12 18 89.14
12 87 73.66
12 15 51.54
12 30 75.22
12 47 76.49
12 72 35.18
12 96 52.57
12 78 85.55
12 61 74.24
12 66 57.29
12 32 51.71
12 45 75.85
12 82 47.6
13 64 33.49
13 21 51.12
13 32 89.88
13 58 28.76
13 57 80.19
13 37 60.65
13 81 53.4
13 83 60.47
13 38 97.27
13 91 82.42
13 39 10.09
13 44 69.21
14 97 24.11
14 73 48.45
14 16 71.14
14 38 85.29
14 72 57.26
14 81 42.85
15 22 115.22
15 40 42.85
15 65 29.17
15 76 68.93
15 71 31.15
15 95 38.55
15 78 69.7
15 66 37.3
15 37 59.97
15 81 106.53
15 27 99.36
15 84 64.23
15 96 94.33
16 94 64.81
16 32 20.03
16 74 93.7
16 71 75.6
16 27 89.74
16 18 104.65
16 37 73.12
16 25 46.17
16 41 40.92
16 49 121.95
16 77 61.58
16 99 16.12
16 52 94.48
16 51 131.73
16 45 94.91
17 73 85.98
17 43 37.93
17 40 53.45
17 86 56.92
17 68 12.15
17 49 74.04
17 25 36.47
17 83 59.88
17 65 15.23
17 59 60.06
18 82 89.34
18 33 119.52
18 73 84.98
18 46 76.19
18 32 109.99
18 20 75.89
18 26 23.57
18 87 91.56
18 67 79.62
18 55 61.32
18 96 93.53
18 59 119.25
18 97 41.14
18 21 51.02
19 40 27.98
19 62 61.25
19 42 71.61
19 25 55.43
19 51 44.44
19 55 93.04
19 82 45.86
20 28 77.48
20 48 52.35
20 55 73.57
20 89 106.69
20 58 95.14
20 61 35.6
20 50 27.28
20 26 56.1
20 36 72.73
20 23 66.3
20 57 18.31
20 47 16.12
20 29 65.17
21 94 34.94
21 56 16.64
21 22 66.08
21 35 78.03
22 86 45.28
22 90 101
22 98 32.46
22 48 79.41
22 25 95.49
22 41 73.78
22 45 110.41
22 83 68.33
22 96 67.47
22 72 90.41
22 89 93.67
22 60 104.32
22 52 62.46
22 69 72.93
22 87 89.42
22 79 108.35
22 40 100.38
23 69 62.76
23 45 92.5
23 96 45.08
23 91 77.95
23 87 73.99
23 54 69.46
23 46 31.55
23 41 38.33
23 24 39.29
23 39 5.24
23 84 88.01
23 92 38.96
23 86 63.52
23 55 30.45
23 70 43.12
23 75 55.5
23 97 46.86
23 60 84.84
23 67 94.34
23 64 32.4
23 58 33.91
23 81 60.51
23 95 56.47
23 85 35.77
24 38 95.63
24 29 64.83
24 51 78.2
25 26 82.2
25 55 91.02
25 43 23.79
25 69 50.14
25 56 48.05
25 53 72.32
25 44 47.47
25 82 37.38
25 75 37.74
25 95 25.41
25 64 85.74
25 72 43.88
26 67 92.58
26 61 74.34
26 54 52.62
26 57 75.35
26 51 82.4
26 98 11.12
26 87 75.66
26 43 82.49
26 29 64.71
26 36 74.38
26 41 60.3
26 88 94.93
26 79 83.41
26 45 82.88
26 58 38.7
27 97 47.65
27 69 76.24
27 68 78.47
27 61 106.09
27 89 82.51
27 28 15.87
27 87 76.87
27 30 83.69
27 76 64.94
27 74 124.77
27 99 87.8
27 48 53.18
27 52 57.8
27 39 19.89
27 29 81.89
28 96 72.47
28 65 92.18
28 41 75.39
28 42 24.62
28 64 63.93
28 87 73.79
28 73 80.74
28 74 117.91
28 38 123.65
28 97 47.13
28 53 49.95
28 33 99.19
28 45 102.38
28 43 94.37
28 46 48.74
28 92 21.85
28 29 72.11
28 84 66.82
29 39 66.78
29 91 24.91
29 43 50.01
29 67 49.07
29 52 50.58
29 40 69.21
29 93 46.32
29 72 35.99
29 58 64.47
29 68 33.09
29 70 55.53
29 77 36.41
29 44 76.86
30 57 88.45
30 40 72.27
30 63 82.32
30 81 69.36
30 75 72.04
30 51 52.14
30 32 86.77
30 84 53.59
30 97 66.24
30 45 43.89
30 64 82.54
30 62 68.43
30 71 29.66
30 83 52.9
30 80 53.72
30 43 54.69
30 74 65.89
30 66 85.97
30 95 29.16
30 76 62.82
30 42 55.89
30 31 51.68
30 92 80.2
31 67 70.82
31 85 44.44
31 77 25.21
31 73 38.25
31 90 71.61
31 36 46.89
31 70 46.37
31 56 17.14
31 87 41.15
31 98 20.5
31 89 74.46
31 66 95.51
32 40 44.7
32 60 68.82
32 88 28.53
32 36 34.67
32 53 100.53
32 37 62.33
32 43 57.6
32 61 49.36
33 91 101.71
33 43 70.26
33 93 74.32
34 99 19.51
34 89 117.62
34 73 44.44
34 87 41.48
35 38 61.71
35 48 48.01
35 93 36.68
35 36 109.33
35 79 117.79
36 88 77.37
36 77 51.52
36 98 51.89
36 73 6.75
36 60 92.41
36 67 93.65
36 87 37.61
36 86 83.8
36 63 62.99
36 54 60.17
36 64 56.65
36 66 97.44
36 83 60.37
36 82 77.42
37 47 58.97
37 57 72.12
37 41 58.89
37 64 35.38
37 69 74.82
37 89 45.53
38 50 35.46
38 99 98.28
38 42 98.43
38 52 92.95
38 46 115.34
39 65 93.77
39 43 77.4
39 75 56.48
39 91 97.91
39 44 61.2
39 42 35.18
39 89 72.28
39 50 73.47
39 70 54.02
39 77 44.91
39 53 57.14
39 72 45.46
39 47 65.63
39 57 74.29
39 80 65.5
39 87 68.67
40 92 76.5
40 59 34.6
40 49 88
40 66 52.81
40 53 78.36
40 68 45.58
40 63 35.34
40 47 64.46
40 80 53.66
40 45 66.78
40 73 54.26
40 84 91.09
40 93 25.51
40 50 53.17
41 57 23.48
41 61 61.68
41 59 86.66
41 80 54.11
42 97 56.33
42 88 114.67
42 57 90.01
42 81 41.99
42 80 94.53
42 55 45.76
42 46 74.68
42 50 87.76
43 94 51.9
43 56 63.88
43 99 84.68
43 86 77.48
43 73 67.81
43 71 32.59
43 78 60.39
43 68 47.37
43 65 37.24
43 77 49.46
43 89 62.47
43 50 43.65
43 66 38.43
44 49 94.95
44 99 20.55
44 57 34.06
44 72 56.91
44 87 24.71
44 56 30.85
44 95 44.61
44 93 68.65
44 61 52.33
44 78 67.15
44 85 80.67
45 68 54.46
45 73 97.56
45 99 99.69
45 77 46.97
45 93 64.81
45 79 72.49
45 49 68.37
45 81 96
45 97 64.06
45 71 14.29
45 83 42.9
45 96 120.41
46 71 95.94
46 88 88.73
46 69 76.09
46 57 80.11
46 81 70.42
46 93 89.82
46 77 64.22
46 49 84.48
46 96 42.05
47 99 58.53
47 56 35.47
48 57 49.43
48 95 17.58
48 84 65.39
48 72 19.5
48 75 39.87
48 88 62.24
48 93 29.84
48 76 23.58
48 69 49.92
48 62 30.44
48 79 51.26
48 85 78.06
48 74 69.52
48 54 49.77
48 51 81.36
48 96 59.02
49 83 66.22
49 76 71.95
49 99 113.72
49 80 83.31
49 73 97.31
49 86 38.66
49 56 47.44
49 68 71.98
49 51 61.55
49 70 83.56
50 63 89.73
50 75 53.66
50 87 85.5
50 62 54.2
50 91 41.87
50 70 56.03
50 51 96.36
51 81 87.54
51 99 132.4
51 59 102.11
51 95 75.59
51 57 122.8
51 54 118.06
51 73 115.94
51 70 91.05
51 80 96.12
51 65 60.99
52 68 67.37
52 73 90.25
53 57 86.16
53 62 82.1
53 76 61.96
53 94 57.49
53 81 56.45
53 78 35.55
53 68 50.56
53 55 70
53 66 95.39
53 80 63.33
53 64 74.76
53 97 48.77
53 79 98.73
54 82 89.29
54 81 53.35
54 84 49.53
54 95 52.28
54 70 71.85
55 86 55.94
55 61 86.84
55 69 51.85
55 92 23.86
56 70 58.05
56 72 57.77
56 83 19.54
56 59 98.18
57 83 32.58
57 92 72.85
57 62 47.46
57 67 53.56
57 81 77.77
57 61 35.25
58 73 81.58
58 85 55.47
58 74 107.02
59 94 66.66
59 70 53.56
59 78 98.16
59 67 52.72
59 66 25.83
59 89 84.43
60 95 41.24
60 91 47.04
60 77 53.85
60 62 50.21
60 65 33.72
61 71 34.14
61 92 92.23
61 95 41.58
61 67 14.91
61 86 64.84
61 93 74.72
61 85 96.65
61 90 69.83
61 97 56.11
61 83 21.73
61 62 55.42
61 73 62.23
61 78 66.41
61 76 85.32
61 87 60.34
61 84 41.97
61 88 51.59
61 82 55.66
62 93 53.54
62 74 77.76
62 76 31.3
62 67 49.94
62 78 69.55
62 66 66.73
62 95 36.02
62 86 73.79
62 83 60.3
63 65 91.84
63 81 81.54
63 66 105.51
63 79 78.63
63 73 53.08
64 66 96.16
64 86 82.93
64 96 6.23
64 93 55
64 83 80.73
64 95 70.72
64 65 103.75
64 92 41.29
64 91 102.04
64 79 87.32
65 80 23.41
65 94 57.04
65 68 40.82
65 67 28.77
66 85 132.57
66 95 69.11
66 99 93.23
66 98 95.39
66 84 96.26
66 73 85.39
66 67 43.8
67 68 60.8
67 92 100.56
67 79 52.01
67 91 46.07
68 88 74.24
68 96 97.94
69 72 69.68
69 94 41.22
69 70 59.82
69 93 54.49
70 95 31.59
70 71 66.94
70 98 53.12
70 99 53.7
70 96 60.86
71 86 48.26
71 93 54.95
71 81 83.2
71 79 72.09
71 74 39.49
72 91 48.88
72 83 51.69
73 89 101.29
73 92 51.35
73 77 54.74
73 78 88.68
73 74 108.68
74 86 80.11
74 75 78.6
74 84 61
74 82 34.46
75 82 27.36
75 90 33.99
75 81 93.5
75 85 89.05
75 80 49.95
75 91 58.14
76 99 71.11
76 90 47.59
77 98 26.25
77 84 33.89
77 79 62.7
77 90 69.68
77 97 13.55
77 80 34.85
77 92 46.58
78 91 57.22
78 84 28.97
78 79 84.72
79 90 68.09
79 85 109.17
79 92 86.73
79 82 68.41
79 91 94.44
80 92 75.18
80 82 39.87
80 96 96.52
80 97 50.56
80 81 81.5
80 88 46.01
80 91 42.78
81 99 83.88
81 87 82.25
81 93 71.41
81 86 18.53
82 84 77
82 96 92.3
82 97 69.6
82 89 72.32
83 98 58.06
83 90 77.5
83 94 26.35
83 95 30.64
83 92 67
83 89 94.91
84 92 72.68
84 93 66.54
84 87 81.04
84 99 77.63
84 86 27.85
84 91 58.23
84 95 40.9
85 88 123.29
85 89 83.58
86 99 83.85
86 94 44.27
87 93 94.67
87 97 42.39
87 89 120.03
87 98 72.66
88 98 85.45
88 96 90.13
88 92 104.07
88 97 83.51
89 95 59.17
89 96 82.2
89 99 112.56
89 93 47.57
90 93 50.64
90 99 79.01
91 96 108.83
91 92 103.34
92 97 39.62
92 93 69.77
92 99 71.57
92 95 60.12
92 98 33.04
93 96 62.45
93 99 96.77
93 94 42.18
94 95 23.06
94 96 58.66
94 97 35.08
95 97 41.88
95 99 76.33
95 96 71.78
96 98 51.51
96 97 73.94
96 99 82.25
97 99 52.02
