0 182 59.41
0 47 114.82
0 84 68.49
0 162 76.6
0 135 53.96
0 139 97.19
0 140 66.18
0 4 57.8
0 96 83.2
0 166 79.35
0 153 43.31
0 88 76.01
0 143 26.07
0 192 52.89
0 16 105.35
0 30 85.36
0 17 40.2
0 147 60.42
0 9 44.91
0 150 97.77
0 106 18.11
0 5 49.6
0 103 14.16
0 18 63.18
0 119 67.07
0 15 56.82
0 24 55.25
0 175 59.51
0 97 55.71
0 174 49.74
1 165 15.64
1 87 57.46
1 136 42.09
1 159 73.48
1 145 56.49
1 56 28.86
1 133 54.76
1 54 66.9
1 43 70.64
1 44 61.83
1 135 80.97
1 25 40.98
1 42 29.53
1 51 54.72
1 81 32.13
1 17 56.2
1 33 75.12
2 41 48.34
2 193 61.22
2 170 66.32
2 124 67.17
2 109 68.84
2 162 50.48
2 66 69.12
2 158 65.82
2 112 63.07
2 142 57.2
2 141 66.12
2 110 32.86
2 75 85.52
2 194 54.62
2 100 98.75
2 182 33.28
2 192 58.73
2 145 51.14
2 14 64.94
2 133 24.73
2 86 39.11
2 34 52.1
2 127 64.44
2 116 28.75
2 131 55.34
2 153 72.53
2 111 76.53
2 107 29.61
2 13 63.21
2 144 62.98
2 52 58
2 101 69.9
3 90 96.84
3 175 93.96
3 129 105.74
3 35 64.52
3 85 84.56
3 126 110.88
3 99 77.62
3 183 60.81
3 171 41.46
3 28 118.54
3 83 36.49
3 166 96.19
3 107 24.9
3 40 60.96
3 108 100.65
3 82 88.5
3 147 45.91
3 91 104.71
3 141 105.2
3 26 61.63
3 58 107.37
3 150 109.73
3 190 107.06
3 118 101.74
3 88 65.97
3 70 63.11
3 101 70.75
4 134 39.69
4 113 75.59
4 161 73.95
4 100 40.76
4 116 47.43
4 152 72.41
4 158 31.24
4 94 47.15
4 131 15.52
4 159 76.29
4 96 86.62
4 171 57.57
4 57 67.99
5 171 48.91
5 188 69
5 132 38.29
5 69 50.97
5 74 71.97
5 176 99.63
5 133 44.09
5 173 5.98
5 38 39.6
5 88 50.71
5 192 67.77
5 66 20.71
6 186 36.44
6 95 100.54
6 73 45.17
6 148 41.86
6 169 66.96
6 132 21.65
6 66 35.04
6 196 52.09
6 171 36.77
6 141 57.47
6 75 67.41
6 175 50.56
6 32 26.58
6 79 24.75
6 188 49
6 178 50.73
6 177 30.99
6 160 89.64
6 166 35.85
6 104 80.6
6 125 14.84
6 43 92.83
6 173 20.16
6 74 62.71
6 124 33.06
6 56 53.15
6 164 51.92
6 21 58.46
6 147 75.47
6 96 76.88
6 193 44.48
6 85 35.26
6 50 61.93
6 28 74.94
6 34 55.8
6 20 43.02
6 106 11.49
6 46 88.05
6 52 35.27
6 119 70.49
7 191 91.69
7 132 71.45
7 196 83.19
7 47 66.66
7 117 46.99
7 22 85.76
7 120 91.82
7 94 71.47
7 60 85.71
7 105 83.87
7 61 31.64
7 189 113.77
7 31 33.79
7 126 59.36
7 186 90.34
7 144 72.97
7 183 53.64
8 73 68.43
8 181 0.53
8 44 78.46
8 164 38.34
8 152 116.94
8 140 86.18
8 136 106.06
8 154 72.05
8 41 32.68
8 66 79.72
8 123 78.14
8 79 86.88
8 119 97.67
8 82 82.31
8 115 96.24
8 167 131.97
8 124 42.78
8 33 49.62
8 176 86.02
8 72 70.27
8 80 26.25
8 130 95.87
8 69 93.31
8 75 104.14
8 85 59.24
8 193 39.95
8 12 97.64
8 46 88.76
8 174 82.73
9 10 62.14
9 116 48.29
9 87 42.9
9 196 77.89
9 134 41.44
9 193 84.92
9 85 54.81
9 146 79.16
9 174 17.45
9 28 32.85
9 118 75.08
9 102 69.29
9 150 54.54
9 31 57.84
9 180 25.61
9 108 60.45
9 91 61.53
9 43 73.5
9 194 41.93
9 71 77.97
9 35 61.63
9 162 46.6
9 48 23.52
10 77 30.94
10 161 87.27
10 66 62.98
10 22 5.71
10 53 88.74
10 171 34.71
10 137 101.35
10 112 90.21
10 175 66.07
10 19 86.24
10 47 120.05
10 51 83.81
10 134 92.9
10 58 90.11
10 155 45.58
10 102 48.44
11 147 84.03
11 135 99.46
11 100 98.64
11 132 89.71
11 23 114.89
11 138 55.93
11 36 65.55
11 158 52.94
11 89 36.05
11 106 73.81
11 49 91.03
11 76 32.46
11 14 78.22
11 81 53.27
11 146 87.65
11 21 29.89
11 73 85.31
11 80 112.53
11 124 70.42
11 20 92.29
11 37 55.91
11 160 83.81
11 69 17.48
11 114 93.78
11 72 73.64
11 144 24.19
11 85 83.78
11 166 35.88
11 119 51.01
11 197 21.67
11 54 73.05
12 122 41.57
12 36 50.5
12 84 18
12 22 88.47
12 187 46.25
12 121 43.08
12 65 86.96
12 28 54.71
12 27 46.35
12 133 50.21
13 165 25.66
13 125 19.51
13 157 44.68
13 80 75.52
13 134 57.5
14 108 101.39
14 182 59.54
14 49 109.41
14 129 80.03
14 48 47.9
14 149 38.45
15 21 40.19
15 129 41.73
15 35 64.72
15 150 53
15 95 65.79
15 134 64.07
15 92 37.7
15 108 65.17
15 189 74.59
15 16 66.05
15 27 43.26
15 79 25.72
15 53 59.17
16 136 80.18
16 87 100.2
16 161 88.87
16 79 86.71
16 43 62.13
16 171 69.05
16 160 21.09
16 70 115.92
16 178 61.94
16 51 99.37
16 118 30.92
16 30 57.52
16 97 52.67
16 184 120.32
16 57 38.69
16 33 78.59
16 141 74.91
16 179 22.55
17 84 53.12
17 93 84.71
17 145 2.68
17 85 70.72
17 43 24.5
17 28 72.37
18 193 103.89
18 137 110.77
18 196 98.02
18 72 35.3
18 77 80.76
18 50 65.46
18 39 146.6
18 54 105.58
18 129 88.79
18 48 34.24
18 159 108.5
18 22 81.5
18 52 36.02
18 166 85.59
18 171 78.73
18 108 63.08
18 120 83.04
18 186 36.7
18 89 71.54
18 99 67.1
18 107 123.75
18 126 81.43
18 25 39.95
18 182 96.63
18 181 98.23
18 90 94.08
18 58 65.11
18 57 98.59
18 94 87.38
18 190 65.89
18 132 55.94
18 139 78.39
18 110 117.41
19 154 97.11
19 155 56.56
19 116 59.75
19 82 114.33
19 87 61.7
19 103 46.1
19 84 11.44
19 79 54.46
19 198 86.65
19 60 76.43
19 62 97
19 131 31.72
19 73 43.06
20 179 86.33
20 98 37.99
20 75 104.8
20 37 76.56
20 88 72.93
20 73 51.89
20 106 44.29
20 148 89.42
20 189 136.91
20 169 36.33
20 35 48.44
20 24 66.65
20 125 65.25
20 131 81.63
20 54 77.22
20 181 5.32
20 182 55.81
20 160 106.9
20 22 30.91
20 150 102.83
20 118 104.29
21 53 78.9
21 88 77.04
21 23 118.03
21 184 71.57
21 73 80.44
21 96 66.45
21 116 54.62
21 186 61.8
21 113 73.11
21 196 42.73
22 50 106.42
22 88 77.92
22 54 91.45
22 96 89.72
22 26 67.83
22 37 83.03
22 165 75.97
22 193 35.09
22 147 62.34
22 68 100.51
22 34 70.31
22 85 29.32
22 122 98.88
23 39 108.62
23 25 31.24
23 175 53.92
24 51 61.99
24 193 61.08
24 57 115.02
24 177 53.56
24 163 47.1
24 152 121.12
24 107 111.51
24 56 88.63
24 49 16.58
24 159 48.86
24 110 114.91
24 99 70.9
24 130 90.86
24 42 100.62
24 138 70.62
24 184 0.94
24 102 77.29
24 46 92.65
24 71 123.55
24 129 105.59
24 158 40.82
24 48 75.75
25 197 86.36
25 83 73.33
25 85 52.03
25 154 88.94
25 114 27.54
25 164 69.66
25 138 15.43
25 188 56.46
25 65 85.35
25 107 96.15
26 121 42.16
26 52 70.96
26 161 77.07
26 92 44.2
26 115 104.13
26 63 76.93
26 138 37.45
27 41 97.25
27 187 60.5
27 182 33.58
27 179 59.61
27 165 30.01
27 48 53.08
27 112 6.14
27 135 91.65
27 124 80.37
27 150 39.2
27 98 82.33
28 36 17.44
28 81 38.99
28 96 95.08
28 49 105.53
28 52 54.16
28 168 122.69
28 161 89.36
28 79 48.03
28 104 73.57
28 38 43.85
28 192 83.04
28 131 24.32
28 142 120.62
28 140 91.8
29 129 99.56
29 177 55.93
29 94 63.49
29 58 44.01
29 139 83.63
29 164 111.94
29 130 99.15
29 161 29.36
29 118 29.43
29 193 103.5
29 35 54.47
29 73 84.15
29 60 110.48
29 109 93.35
29 103 83.93
29 173 69.01
29 101 105.41
29 30 82.38
29 90 127.88
29 150 65.33
29 186 98.61
29 176 113.67
29 180 65.2
30 109 111.16
30 138 54.24
30 74 79.25
30 88 59.01
30 184 91.48
30 150 21.56
30 52 64.51
30 64 80.83
30 179 75.09
30 78 46.27
30 62 94.97
30 118 86.64
30 165 44.65
30 131 25.77
30 100 81.69
30 115 68.97
30 144 33.79
30 103 71.5
30 56 64.13
30 60 85.79
30 130 62.14
30 67 67.55
30 129 64.65
30 32 81.88
30 75 50.91
30 92 94.86
30 185 62.86
30 95 89.64
30 80 132.52
30 68 61.35
30 111 83.22
30 183 100.07
31 119 78.72
31 177 40.16
31 84 66.17
31 90 103.53
31 54 78.1
31 143 59.68
31 112 96.07
31 128 51.28
31 116 55.17
31 48 82.37
31 136 120.03
31 118 99.61
31 50 109.6
31 190 93
31 80 54.26
31 64 112.54
32 194 13.72
32 167 93.68
32 68 106.38
32 65 65.25
32 58 93.59
32 187 79.73
32 184 47.49
32 88 81.86
32 103 53.68
32 199 54.95
32 95 106.17
32 137 47.55
32 195 75.76
32 34 60.61
32 188 69.17
32 108 41.9
32 159 34.73
32 123 75.33
32 49 26.6
32 100 85.25
32 59 96.28
32 154 13.07
32 168 84.55
32 175 73.7
32 193 15.2
32 163 63.16
32 85 39.1
32 91 50.16
33 87 70.22
33 162 71.15
33 97 47.8
33 170 72.52
33 173 48.75
34 179 48.12
34 121 60.03
34 101 62.76
34 182 36.42
34 70 83.67
34 78 13.57
34 192 86.22
34 40 75.39
34 69 28.12
34 100 76.98
34 181 75.84
34 66 8.18
34 83 59.84
34 143 57.87
34 116 36.73
34 90 60.92
34 142 90.02
34 134 81.72
34 87 61.15
34 146 71.84
34 136 42.72
34 199 63.63
34 178 46.99
34 67 62.24
34 173 23.24
34 58 49.52
34 174 28.21
34 163 50.37
34 61 59.15
34 64 53.15
34 189 56.33
35 125 78.65
35 158 74.67
35 69 102.96
35 75 112.61
35 134 88.58
35 92 29.22
35 93 75.08
35 117 31.14
35 76 59.84
35 80 57.14
35 177 48.09
35 142 74.35
35 58 70.13
35 165 83.86
35 155 53.83
35 66 87.62
35 42 83.95
35 164 85.34
35 171 49.11
35 173 58.68
35 180 38.26
35 111 93.86
35 96 76.22
35 174 69.16
35 56 62.96
35 87 84.12
35 128 55.9
35 140 23.51
36 121 75.2
36 142 104.05
36 90 87.49
36 103 56.21
36 132 50.11
36 188 90.8
36 174 24.4
36 125 38.38
36 165 22.58
36 139 58.01
36 38 31.89
36 134 25.43
36 126 53.53
36 88 64.75
36 123 104.17
36 163 11.83
36 89 52.08
36 154 71.1
36 97 80.69
36 183 73.76
37 52 81.55
37 98 75.4
37 134 110.41
37 86 65.46
37 112 31.57
37 122 61.7
37 40 77.54
37 55 18
37 175 39.68
37 50 53.03
37 108 103.11
37 151 73.14
37 67 69.94
37 61 62.15
37 71 30.96
37 91 54.83
37 139 55.28
38 90 101.7
38 185 90.75
38 102 67.63
38 107 103.48
38 85 50.77
38 86 54.09
38 121 57.42
38 103 51.93
38 158 48
38 178 65.47
38 72 55.66
38 169 46.62
38 111 71.01
38 177 27.7
38 173 32.74
38 139 75.8
38 69 78.4
38 51 40.87
39 135 108.8
39 112 61.43
39 52 114.71
39 144 84.77
39 168 84.73
39 47 97.28
39 59 99.11
39 156 131.72
39 117 95.61
39 115 145.32
39 88 74.01
39 113 53.07
39 137 98.56
39 160 85.74
39 90 100.68
39 48 120.07
39 61 90.8
39 182 48.36
39 189 119.75
40 86 13.26
40 186 82.15
40 145 10.71
40 119 76.78
40 45 57.68
40 192 3.61
40 48 71.34
40 172 85.43
40 113 79.3
40 155 69.6
40 130 98.49
41 187 43.37
41 77 91.59
41 50 128.79
41 175 83.68
41 143 75.1
41 132 65.06
41 157 99.58
42 50 47.61
42 45 57.29
42 66 44.75
42 48 59.93
42 136 47.57
42 49 104.63
42 188 69.75
42 115 109.97
42 47 38.61
42 166 67.76
42 144 51.24
42 104 90.65
42 76 49.83
42 70 107.17
43 183 64.45
43 54 51.13
43 67 11.72
43 180 65.43
43 91 93.4
43 162 53.17
43 68 26.54
43 188 41.39
43 71 45.86
43 112 93.16
43 109 97.87
44 158 81.43
44 60 105.83
44 67 24.18
44 47 55.86
44 64 93.44
45 168 83.18
45 196 79.37
45 72 92.94
45 137 105.31
45 147 36.55
45 192 65.62
45 49 124.42
45 149 62.01
45 144 85.43
45 180 78.26
45 119 65.29
45 143 94.44
45 130 66.37
45 138 72.63
45 94 46.67
45 117 83.38
45 185 112.85
45 57 36.16
45 169 80.26
46 108 95.31
46 165 66.23
46 137 133.26
46 113 80.11
46 175 46.99
46 81 59.46
46 57 59.83
46 89 78.11
46 111 98.98
46 104 12.39
46 82 124.84
46 193 103.88
46 83 79.12
46 80 90.12
47 196 86.4
47 168 110.14
47 192 95.34
47 70 129.47
47 198 86.62
47 93 122.22
47 86 93.31
47 130 63.66
47 99 68.6
47 166 101.05
48 191 85.35
48 133 66.76
48 58 23.34
48 91 53.07
48 167 35.03
48 150 25.28
48 112 76.42
48 145 56.79
48 105 72.32
48 141 79.03
48 149 17.86
48 161 75.7
48 51 52.71
48 128 39.95
48 166 78.13
48 160 39.43
48 157 78.48
49 130 92.83
49 173 68.79
49 85 42.75
49 155 70.03
49 121 114.86
49 141 76.04
49 109 36.5
49 92 79.19
49 119 102.66
49 144 67.74
49 134 80.96
49 149 89.2
49 189 126.54
49 175 82.82
49 59 101.04
49 75 86.59
49 180 62.17
49 77 9.28
49 118 138.75
49 76 70.56
49 182 82.91
50 92 97.37
50 141 37.1
50 71 77.75
50 164 97.98
50 128 81.15
50 89 27.76
50 121 74.37
50 94 45.97
50 174 41.24
50 139 23.17
50 169 104.4
50 116 61.7
50 97 99.01
50 163 52.27
50 112 50.91
50 196 79.32
50 129 31.79
50 150 47.34
50 187 76.16
50 149 69.28
50 151 89.71
51 129 109.3
51 116 81.81
51 158 54.13
51 109 69.61
51 59 69.5
51 169 61.69
51 74 117.38
51 71 100.76
51 111 77.57
51 172 117.45
51 165 60.2
51 181 91.3
51 152 95.66
51 174 30.35
51 178 78.18
52 171 50.84
52 105 50.4
52 90 79.01
52 70 65.33
52 83 78.08
52 92 51.48
52 134 33.74
52 110 105.72
52 144 46.85
52 64 82.17
52 120 58.85
52 159 63.54
52 142 76.2
52 176 106.44
52 190 64.09
53 65 40.48
53 174 93.83
53 135 71.59
53 124 102.88
53 56 55.52
53 61 76.04
53 127 56.9
53 182 24.4
53 161 87.65
53 131 72.17
53 169 77.84
53 179 26.27
53 78 59.74
53 193 88.41
53 164 80.64
53 144 79.28
53 121 38.17
53 189 97.44
53 173 72.93
53 74 40.7
53 87 115.77
53 99 62.11
54 120 62.57
54 62 73.11
54 124 96.42
54 116 44.32
54 71 41.35
54 162 32.25
54 128 99.71
54 104 84.97
54 107 34.49
54 152 51.32
54 195 54.35
54 138 70.63
54 69 72.14
55 126 41.16
55 189 81.56
55 113 32.1
55 77 80.1
55 72 65.58
55 195 38.9
55 129 57.38
55 194 48.91
55 164 67.64
55 137 68.43
56 139 48.04
56 128 55.87
56 166 55.12
56 156 72.14
56 104 53.54
56 153 57.35
56 113 23.05
56 154 79.68
56 169 53.14
56 158 38.92
56 103 59.52
56 119 37.49
56 106 38.96
56 60 69.8
56 63 54.14
57 145 42.66
57 128 87.42
57 84 71.19
57 140 33.93
57 157 63.37
57 89 64.46
58 131 30.34
58 195 64.91
58 193 100.71
58 104 61.07
58 87 76.81
58 92 66.05
58 167 45.86
58 99 53.98
58 114 84.26
58 130 69.11
58 160 21.09
58 68 20.04
58 154 98.62
58 126 16.82
58 159 108.32
58 186 85.94
58 161 70.72
59 122 110.48
59 134 92.42
59 120 109.66
59 175 83.51
59 161 46.33
59 77 95.72
59 98 89.07
59 179 86.18
59 197 121.71
59 126 97.68
59 129 125.77
59 82 124.13
59 67 60.07
59 184 100.73
59 133 59.33
59 170 92.74
60 91 57.37
60 62 57.12
60 147 90.46
60 79 50.98
60 150 107.48
60 168 87.97
60 130 99.54
61 179 56.1
61 77 77.05
61 182 57.02
61 116 37.97
61 126 53.13
61 188 32.34
61 167 89.02
61 136 104.57
61 97 34.65
61 134 60.77
61 154 86.82
62 82 27.5
62 70 26.25
62 150 89.49
62 92 75.73
62 176 74.93
62 154 34.2
62 130 52.44
62 199 44.38
63 131 57.52
63 127 79.29
63 148 74.86
63 129 98.31
63 68 29.14
63 122 75.44
63 139 79.6
64 164 53.46
64 182 48.77
64 118 106.01
64 136 32.06
64 110 66.89
64 69 25.68
64 190 59.86
64 146 87.52
64 84 102.94
64 153 113.73
64 88 76.78
64 82 58.5
64 171 54.86
64 191 64.46
65 147 70.15
65 66 59.52
65 89 65.61
65 144 78.81
65 196 38.68
65 170 88.76
65 187 72.3
65 181 73.42
65 132 106.29
65 148 96.46
65 98 85.66
65 145 90.31
65 120 63.45
65 113 55.5
65 188 52.08
65 122 95.88
65 163 107.79
65 154 68.3
65 198 10.94
66 153 74.43
66 143 49.38
66 184 71.52
66 103 62.09
66 192 91.64
66 83 61.29
66 151 62.91
67 94 51.01
67 107 95.36
67 154 123.19
67 86 37.22
67 110 85.14
67 156 92.55
67 140 25.89
67 87 91.4
67 104 45.71
67 194 93.15
67 95 59.39
67 185 118.33
67 158 82.47
67 148 76.93
67 143 71.89
67 147 38.69
67 149 31.02
67 131 60.56
67 197 100.83
67 162 45.61
68 84 28.22
68 178 85.45
68 160 17.6
68 73 78.86
68 74 87.22
68 99 69.43
68 124 98.14
68 83 65.2
68 144 72.81
68 76 68.59
68 89 48.06
68 112 71.45
68 163 93.57
68 70 111.5
68 132 100.78
69 129 13.04
69 194 41.86
69 190 42.16
69 114 77.94
69 154 41.32
69 149 70.82
69 134 91.71
69 143 76.48
70 195 85.67
70 199 38.15
70 178 88.81
70 125 54.79
70 134 97.63
70 77 44.99
70 84 101.78
70 82 46.38
70 107 57.45
70 101 29.48
70 150 107.57
70 128 69.09
70 104 85.92
70 122 101.04
71 152 30.38
71 129 76.51
71 169 85.61
71 156 98.29
71 135 50.55
71 153 72.66
71 178 86.38
71 188 51.29
71 183 93.81
71 131 70.69
71 124 108.72
71 134 107.44
71 170 18.42
71 76 57.89
71 167 89.41
71 113 20.45
71 108 119.01
71 154 101.41
71 139 69.09
71 182 42.22
71 196 64.64
71 115 130.1
71 96 43.5
71 81 81.53
71 118 29.67
72 180 36.94
72 79 12.97
72 119 51.84
72 161 91.14
72 181 60.41
72 168 90.62
72 111 24.74
72 142 77.19
72 167 80.26
72 92 61.97
72 160 87.39
72 82 65.75
72 94 80.19
72 135 82.98
72 134 43.29
72 84 58.36
72 189 90.31
72 190 56.69
72 137 79.44
72 85 31.38
72 98 39.31
72 131 55.98
72 96 100.81
72 116 54.94
72 195 83.86
72 140 71.6
72 99 56.98
73 153 57.14
73 100 27.13
73 128 22.61
73 96 106.97
73 170 84.02
73 171 69.99
74 129 23.46
74 196 26.17
74 127 87.77
74 142 74.27
74 79 76.89
74 174 67.46
74 176 46.65
74 139 72.64
74 188 58.98
74 84 90.89
74 197 31.88
74 115 116.57
74 180 94.05
74 78 33.57
74 184 98.65
74 169 102.73
74 105 70.07
74 76 47.27
74 122 89.71
74 109 92.72
74 171 45.12
74 77 98.36
74 147 62.73
74 88 57.85
74 118 97.34
74 90 57.59
74 86 99.5
75 117 89.89
75 183 109.42
76 98 54.36
76 135 73.08
76 180 59.67
76 130 41.18
76 172 61.3
76 134 74.45
76 91 43.87
76 96 46.99
76 146 58.93
76 115 75.86
76 154 59.84
76 164 45.76
76 139 47.26
76 178 53.25
77 148 61.6
77 100 63.78
77 94 109.71
77 131 78.72
77 105 29.87
77 139 112.86
77 147 89.31
77 162 106.42
77 175 75.03
77 161 117.76
77 136 97.83
77 190 71.6
77 188 76.4
77 111 17.81
77 184 12.83
77 95 123.04
77 122 100.76
77 165 70.3
78 113 35.41
78 81 51.09
78 97 64.91
78 118 79.38
78 197 40.01
78 105 56.71
78 172 52.78
78 155 41.99
78 134 85.37
78 117 72.24
78 150 47.22
78 164 62.05
78 139 45.75
78 148 48.06
78 96 50.24
78 108 74.13
78 151 64.39
79 91 36.9
79 170 73.03
79 152 81.14
79 86 78.16
79 181 72.28
79 167 51.23
79 149 39.96
79 187 65.25
79 150 46.61
79 177 17.56
79 107 96.65
79 171 59.99
79 175 41.17
79 179 88.4
79 131 29.71
79 145 74.75
79 90 73.29
79 190 32.68
79 141 61.71
79 95 93.72
80 142 49.07
80 197 96.22
80 159 50.91
80 108 95.45
80 103 78.27
80 137 129.92
80 161 72.96
80 164 56.53
80 149 98.1
80 184 91.05
80 154 100.62
80 131 92.33
80 114 96.78
80 101 72.81
80 151 75.4
80 93 100.38
80 198 65.65
80 105 76.81
80 88 63.51
80 171 55.85
80 152 102.18
80 110 46.69
80 115 121.61
81 144 36.14
81 141 59.23
81 166 58.8
81 198 79.04
81 160 69.47
81 134 42.91
81 118 76.79
81 154 73.23
81 126 48.58
81 128 27.76
81 132 51.66
82 142 57.27
82 97 91.3
82 86 114.22
82 117 77.61
82 175 88.97
82 146 47.7
82 191 30.9
82 118 144.6
82 155 76.82
82 160 114.74
82 179 108.03
82 127 133.13
83 98 71.87
83 151 84.84
83 122 90.26
83 132 84.55
83 89 54.66
83 187 36
83 119 72.21
83 166 77.38
83 127 66.17
83 102 38.59
83 177 69.74
83 140 62.89
83 185 83.19
83 101 75.09
83 198 41.9
83 116 47.4
83 120 81.7
84 162 46.89
84 138 29.41
84 133 78
84 114 61.06
84 177 43.85
85 86 56.72
85 92 62.21
86 104 43.88
86 194 85.36
86 135 29.05
86 148 88.42
86 119 75.37
86 191 96.22
86 105 68.9
87 92 81.68
87 111 31.12
87 182 85.67
87 159 66.88
87 110 110.75
87 106 42.83
87 183 55.73
87 104 67.17
88 138 42.49
88 93 71.68
88 152 33.52
88 146 67.51
88 185 72.89
88 174 52.91
89 188 51.06
89 192 83.36
89 104 85.06
89 103 71.81
89 137 50.53
89 179 47.4
90 159 65.92
90 133 71.76
90 181 91.9
90 99 54.21
90 156 70.52
90 116 53.62
90 151 97.81
91 129 39
91 118 103.73
91 196 49.01
91 145 80.88
91 133 55.93
91 176 94.07
91 127 106.99
91 164 69.66
91 168 119.79
91 156 47.18
91 160 84.34
91 178 7.83
91 100 90.01
91 110 90.82
91 136 22.59
91 102 91.4
91 171 57.39
92 152 77.45
92 170 55.66
92 160 73.69
92 163 86.34
92 137 99.08
92 129 87.48
93 155 66.55
93 170 96.22
94 98 85.37
94 101 63.75
94 128 70.37
94 104 82.2
94 103 82.29
94 115 110.41
94 123 44.03
95 101 101.72
95 185 97.7
95 118 52.49
95 183 100.99
95 181 94.74
95 96 12.4
95 133 47.45
95 144 87.95
95 171 54.34
95 130 61.03
95 122 101.56
95 104 96.37
95 132 104.84
95 126 69.17
96 104 86.34
96 148 89.07
96 180 86.58
96 106 74.1
96 168 73.68
96 186 111.05
96 125 90.05
96 143 89.8
96 128 95.82
96 170 61.35
96 97 30.41
96 194 85.3
96 103 88.14
97 138 56.6
97 168 44.62
97 196 45.02
97 191 86.78
97 113 46.52
97 101 60.64
97 187 30.19
97 144 65.35
97 188 2.53
97 136 84.83
97 194 68.86
97 172 45.3
97 151 67.06
97 164 53.23
97 107 43.56
97 176 75.24
97 99 54.31
97 148 68.88
97 177 58
97 152 73.81
97 122 83.35
97 166 69.15
97 149 62.41
98 194 21.69
98 164 41.62
98 104 83.29
98 125 30.36
98 177 47
98 158 43.65
98 119 74.98
98 168 69.09
99 140 62.9
99 110 74.65
99 185 58.04
99 111 59.07
99 116 24.74
99 178 47.32
99 101 46.46
99 150 48.79
99 184 74.73
99 197 42.83
99 170 47.74
99 114 65.43
99 131 29.96
99 196 45.07
99 119 27.02
99 152 69.87
99 144 13.72
99 151 58.44
99 162 43.01
99 156 41.41
99 168 84.15
99 126 64.94
99 108 66.35
99 160 63.8
99 113 37.65
99 104 79.06
99 117 48.87
99 103 57.69
99 194 40.46
99 124 51.39
100 144 66.14
100 138 62.02
100 162 85.19
100 160 105.81
100 109 66.19
100 167 83.94
100 112 104.7
100 159 79.77
100 183 57.74
100 127 115.38
100 141 105.09
100 131 55.68
100 117 50.29
100 149 58.66
100 136 99.5
100 181 78.05
100 172 118.85
100 132 44.2
101 126 93.51
101 190 48.26
101 151 65.55
101 188 63.25
101 164 30.62
101 140 103.82
101 155 49.7
101 130 76.58
101 112 65.73
102 193 49.11
102 175 62.31
102 153 60.39
102 157 82.76
102 192 44.29
102 150 94.52
102 103 51.88
102 137 100.36
102 107 49.08
102 145 43.06
102 112 68.11
102 138 58.38
102 119 84.5
102 183 44.94
102 136 98.29
103 169 55.44
103 171 51.46
103 149 56.19
103 136 94.79
103 194 35.48
103 197 92.37
103 155 50.84
103 195 75.71
103 128 23.83
103 118 107.61
103 145 54.53
103 140 66.32
103 123 97.77
103 177 26.09
103 130 98.39
103 137 100.74
104 195 97.84
104 140 41.48
104 148 54.12
104 197 114.06
104 118 72.99
104 111 95.44
104 176 118.99
104 116 64.76
104 194 72.48
104 166 112.49
104 134 59.56
104 191 93.4
104 149 37.45
105 198 59.41
105 130 78.57
105 187 59.86
105 169 55.3
105 177 44.55
105 126 95.76
105 148 50.84
105 182 51.35
106 146 40.58
106 192 66.79
106 122 74.25
106 130 70.12
106 199 19.81
106 196 45.74
106 136 69.82
106 133 49.24
106 161 62.75
106 190 64.98
106 111 41.95
106 191 43.75
106 107 79.63
106 198 60.9
106 178 62.11
106 109 38.62
106 135 70.74
106 193 44.36
106 180 16.52
106 142 46.56
107 159 57.07
107 194 73.03
107 151 90.51
107 120 73.94
107 193 69.19
107 129 86.02
107 116 52.44
107 157 66.23
107 119 103.46
107 179 63.9
107 124 70.25
107 181 62.3
107 109 76.53
108 195 88.18
108 179 127.38
108 176 117.43
108 161 120.48
108 142 65.44
108 188 75.95
108 185 65.86
108 143 35.04
108 130 86.9
108 181 71.57
108 133 68.5
108 138 73.32
108 196 70.67
108 198 93.15
108 152 131.35
108 194 27.71
109 144 75.89
109 177 58.98
109 199 27.53
109 123 93.94
109 130 97.42
109 147 74.95
109 132 36.63
109 184 45.57
109 181 17.8
109 122 89.33
109 164 34.53
109 150 117.02
109 116 41.9
110 147 51.95
110 119 96.53
110 113 51.94
110 193 61.46
110 163 118.15
110 137 89.36
110 146 73.96
110 120 77.5
110 168 67.96
111 116 54.04
111 168 104.5
111 130 88.48
111 120 49.4
111 143 41.13
111 187 69.7
111 115 45.76
111 165 46.63
111 126 102.42
111 175 77.13
111 121 109.63
111 155 64.73
111 137 70.68
111 178 59.7
111 136 81
111 180 62.09
111 151 68.18
111 124 26.51
111 172 108.32
111 197 62.07
111 112 89.32
112 145 73.83
112 140 87.89
112 168 100.69
112 150 59.83
112 193 66.08
112 113 40.67
112 144 32.56
112 197 33.21
112 198 29.41
112 159 76.29
113 173 51.22
113 125 70.34
113 135 67.04
113 159 97.27
113 196 44.66
114 116 59.63
114 138 52.67
114 145 61.18
114 162 92.77
114 131 49.05
114 187 63.57
114 143 24.3
114 121 94.31
114 149 47.71
114 184 43.24
114 120 69.77
114 177 31.23
115 182 105.6
115 172 133.99
115 159 99.59
115 163 31.63
115 135 96.36
115 199 68.88
115 160 113.93
115 169 89.56
115 173 58.28
115 124 74.17
115 164 97.91
115 176 143
115 158 56.24
115 186 31.25
115 142 102.14
115 198 117.52
115 195 95.29
115 187 72.41
116 154 56.46
116 160 74.38
116 165 38.64
116 133 19.18
117 198 74.37
117 149 34.33
117 171 46.03
117 185 84.96
117 174 48.5
117 165 62.58
117 193 77.8
117 194 50.06
117 197 89.64
117 157 82.66
117 118 87.91
117 153 42.66
117 191 63.86
117 124 61.03
117 132 27.19
117 196 79.25
117 179 68.85
118 177 84.88
118 190 106.34
118 179 36.27
118 138 70.85
118 164 112.25
118 182 61.26
119 161 78.19
119 181 95.57
119 127 69.91
120 155 38.37
120 193 60.89
120 186 52.37
120 176 71.38
120 125 19.77
120 148 46.65
121 123 50.68
121 194 86.26
121 145 38.4
121 148 88.5
121 126 37.82
121 158 80.55
121 124 99.38
121 129 72.11
121 199 60.35
121 157 69.3
121 138 64.42
121 135 52.49
121 147 19.89
121 164 82.76
121 133 45.46
122 131 30.08
122 145 73.06
122 183 90.36
122 148 37.35
122 192 96.73
122 179 76.37
122 194 60.58
122 157 62.86
122 185 59.23
123 137 65.89
123 148 98.01
123 159 81.99
123 134 130.33
123 194 81.7
123 164 61.87
123 133 54.86
123 160 77.18
123 169 97.42
123 154 84.81
123 171 52.11
123 124 96.55
123 151 105.49
123 166 71.96
123 168 78.16
124 129 91.62
124 168 81.66
124 152 120.48
124 157 78.25
124 151 67.07
124 175 78.64
124 193 26.53
124 141 75.2
124 135 109.27
124 190 81.29
124 159 21.71
124 165 71.98
124 150 104.26
124 133 56.33
124 173 43.36
124 176 103.62
124 164 19.04
125 193 43.49
125 155 51.54
125 137 55.98
125 176 109.21
125 142 73.16
125 156 39.12
126 189 54.74
126 190 76.01
126 141 90.89
126 157 84.12
126 172 70.1
126 132 100.49
127 174 80.26
127 173 79.16
127 133 82.68
127 177 92.37
127 197 97.57
127 156 117.41
128 151 11.08
128 164 92.84
128 182 83.13
128 190 60.91
128 192 52.49
128 156 45.34
128 159 73.91
128 160 66.49
128 188 64.79
128 149 23.03
129 145 89.84
129 182 61.27
129 142 98.9
129 131 63.22
129 150 57.51
129 159 84.27
129 133 68.91
129 146 81.72
129 157 7.66
129 177 80.29
129 140 106.71
129 134 97.78
129 156 84.35
130 165 42.28
130 197 42.62
130 194 58.83
130 136 31.76
130 173 47.83
130 174 62.51
130 184 100.97
130 142 96.74
130 172 56.1
130 195 16.08
130 183 91.25
130 164 83.91
130 148 77.32
130 152 74.13
131 161 84.57
131 133 55.06
131 158 34.54
131 153 40.66
131 155 46.07
131 171 56.88
131 172 79.48
131 176 100.59
131 154 76.92
131 149 32.04
131 170 41.83
131 168 89.24
131 156 37.1
131 175 12.94
131 189 54.39
131 185 71.7
131 143 43.42
131 152 47.17
131 141 54.64
132 166 59.47
132 174 54.08
132 165 57.25
132 186 30.83
132 161 77.05
132 189 102.45
132 178 86.58
132 175 59.36
133 191 64.64
133 197 53.21
133 153 77.52
133 177 45.88
133 193 48.27
133 173 36.37
133 162 52.83
133 198 24.06
133 190 66.7
133 164 42.24
133 171 16.77
134 194 72.26
134 167 74.78
134 174 42.14
134 197 112.47
134 193 104.34
134 199 82.49
134 135 81.67
134 177 56.75
134 185 99.2
134 140 96.54
134 169 78.63
135 198 96.1
135 182 73.55
135 141 118.68
135 153 25.75
135 197 102.58
135 179 58.93
135 171 71.26
135 138 58.54
135 180 42.68
135 158 83.07
135 149 44.34
136 138 55.13
136 183 101.46
136 163 71.15
136 169 102.58
136 160 81.76
136 159 89.09
136 139 49.14
136 141 19.3
136 180 94.46
136 186 71.01
136 191 68.01
136 156 67.05
136 199 91.16
136 189 50.13
137 170 96.94
137 148 81.29
137 194 58.63
138 139 47.32
138 159 61.36
138 190 43.97
138 180 38.07
138 163 38.33
138 177 13.94
138 145 38.69
138 146 53.46
138 144 21.04
138 194 38.37
138 182 52.79
138 166 58.21
138 173 1.78
139 195 31.31
139 166 68.3
139 198 72.97
140 179 55.15
140 162 62.21
140 155 68.2
140 177 64.74
140 171 76.45
140 157 94.56
140 191 96.67
141 171 56.58
141 152 99.4
141 146 67.28
141 144 48.71
141 184 89.4
141 164 70.23
141 170 81.97
142 198 62.3
142 144 73.48
142 180 72.41
142 186 94.75
142 167 123.8
142 185 87.95
142 152 120.57
142 184 57.73
142 149 98.49
142 172 95.2
142 153 99.43
142 193 46.24
142 161 98.79
142 176 82.24
142 169 52.4
143 165 37.54
143 179 82.91
143 168 92.83
143 164 67.59
143 161 84.02
143 199 44.43
143 189 76.14
143 173 28.38
143 155 67.79
143 174 30.63
143 153 49.95
144 175 33.06
144 168 104.08
144 148 25.41
144 176 93.81
145 147 28.84
145 166 92.97
145 171 62.72
145 162 52.9
145 175 50.77
145 183 51.08
145 177 53.52
145 160 40.06
145 148 72.22
145 178 85.82
145 190 82.16
145 198 83.89
145 188 32.2
145 196 82.76
146 181 16.08
146 168 66.3
146 150 102.68
146 180 57.44
146 152 114.49
146 185 78.04
146 187 67.39
146 158 64.94
146 155 54.13
146 171 47.06
146 174 63.36
146 165 74.54
146 166 69.52
147 176 74.54
147 177 58.51
147 180 61.57
147 151 60.51
147 156 95.36
147 162 44.53
147 148 78.04
148 154 72.14
148 151 39.57
148 184 60.48
148 163 10.06
148 196 64.6
148 172 87.2
148 177 31.82
148 159 86.1
148 185 71.57
148 180 38.43
148 174 15.94
148 192 84.79
148 191 64.57
148 178 47.66
148 169 77.94
148 198 80.24
148 150 51.16
148 195 54.34
148 162 53.12
148 160 74.61
149 168 86.79
149 150 52.51
149 178 70.14
150 157 61.73
150 190 48.36
150 164 111.96
151 192 35.52
151 182 77.46
151 190 80.24
151 155 67.54
151 172 93.75
151 165 55.96
151 191 59.15
151 166 88.7
151 184 68.77
152 196 99.75
152 160 6.42
152 178 85.46
152 188 61.74
152 186 105.22
152 198 84.05
152 189 77.79
153 172 87.28
153 183 40.27
153 180 37.66
153 177 30.09
153 188 48.95
153 174 38.51
153 191 93.5
153 175 35.63
154 169 90.66
154 190 51.04
154 185 36.24
154 166 8.5
154 171 52.83
154 189 87.7
154 186 60.28
154 162 88.85
155 161 80.56
155 188 28.25
155 171 12.44
155 189 98.83
155 165 56.07
155 190 59.37
155 157 49.77
155 164 41.28
155 170 66.13
155 166 53.82
155 181 56.78
155 186 76.4
155 169 51.55
156 168 109.65
156 166 51.64
156 195 66.83
157 187 76.58
157 188 69.53
157 179 57.78
157 174 59.18
157 164 74.49
157 168 110.16
157 199 64.48
157 163 71.21
158 159 59.28
158 179 76.99
158 188 60.96
158 169 63.97
158 193 58.46
158 186 27.68
158 184 44.38
159 171 49.04
159 166 62.42
159 172 91.81
159 181 24.2
159 168 51.63
159 175 81.9
159 178 91.16
159 187 55.95
159 184 55.88
159 195 95.3
159 189 133.39
159 174 84.84
160 176 84.19
160 189 74.72
160 171 74.48
161 186 92.98
161 191 113.02
161 198 115.97
161 185 132.16
161 187 37.64
161 176 122.94
161 188 61.11
161 169 47.38
162 185 73.38
162 176 69.73
162 187 38.21
162 166 76.68
162 195 45.12
162 191 92.48
162 184 94.83
162 196 54.46
163 166 56.69
163 186 18.65
163 168 117.84
163 196 78.21
163 191 70.32
164 195 86.95
164 180 70.34
164 174 81.7
164 196 30.88
165 188 56.63
166 197 27.38
166 186 61.82
166 180 73.16
166 181 80.22
166 199 72.9
166 167 81.25
166 177 56.08
166 192 106.33
166 188 82.41
166 183 90.31
166 178 39.53
167 187 95.12
167 183 105.49
167 185 81.97
167 184 95.92
167 168 126.38
167 172 91.18
167 175 45.74
167 194 75.54
167 189 7.15
167 199 94.12
167 197 88.24
167 179 88.45
167 182 84.32
167 181 127.42
168 183 36.84
168 192 59.15
168 191 89.84
169 184 75.85
169 185 115.01
169 191 86.01
169 171 49.16
169 173 54.37
169 187 35.57
169 180 32.39
170 186 91.05
170 187 60.25
170 192 78.24
170 172 59
171 181 50.13
171 180 64.69
171 195 58.65
171 178 61.68
171 173 43.26
171 175 55.86
172 194 95.28
172 198 51.25
172 187 72.9
172 177 81.39
172 182 29.26
172 178 79.1
173 181 56.31
173 184 60.6
173 193 57.64
174 193 67.92
174 177 25.8
174 194 47.2
174 187 42.53
174 195 53.6
174 181 86.38
174 175 23.88
175 182 44.09
175 181 94.62
175 192 70.84
175 177 24.06
175 199 59.11
175 196 70.8
175 180 50.17
176 179 64.81
176 194 93.61
176 183 112.78
176 178 103.29
176 190 109.35
176 180 105.59
176 185 86.98
176 184 130.26
177 188 51.56
177 199 43.95
177 181 63.78
178 183 95.27
178 194 46.43
178 179 73.94
178 197 50.89
178 192 107.73
178 193 70.49
178 184 75.2
178 186 60.83
178 195 37.51
178 189 51.65
179 192 69.47
179 190 77.06
179 186 101.62
179 181 95.02
179 184 119.03
179 185 86.71
179 195 59.13
179 183 93.29
180 191 69.33
180 181 51.26
180 183 21.59
180 197 89.55
180 192 50.51
180 188 56.56
180 193 75.89
180 185 95.87
181 189 134.69
181 190 99.62
181 192 71.16
181 188 40.12
181 182 69.7
182 197 52.4
182 185 73.61
182 195 43.69
182 184 93.66
182 187 41.12
183 193 68.72
183 195 88.46
183 191 50.26
183 184 62.23
183 190 89.61
183 198 82.46
183 196 73.56
183 189 105.62
183 187 33.65
184 190 70.93
184 189 100.07
184 199 56.21
184 195 97.64
185 188 94.73
185 192 128.14
185 199 82.38
185 194 43.62
185 195 36.22
185 197 31.49
186 194 38.44
186 198 94.27
186 188 74.69
186 190 42.7
186 199 53.85
188 198 60.47
188 193 54.13
189 194 77.89
189 191 97.58
189 196 103.46
190 191 59
190 195 42.84
191 193 37.37
191 195 68.54
191 199 39.53
191 194 30.3
191 192 95.24
192 197 111.5
192 195 91.92
192 193 108.27
194 195 52.79
194 199 40.29
195 196 48.74
195 198 54.78
195 197 41.58
196 199 44.71
197 198 31.18
198 199 59.09
