0 48 70.81
0 189 49.77
0 85 99.12
0 153 35.54
0 79 74.29
0 81 88.22
0 142 54.67
0 176 71.7
0 88 38.69
0 1 61.53
0 89 86.86
0 33 38.33
0 22 61.09
0 39 80.95
0 86 30.52
0 144 68.97
0 138 65
0 139 52.59
0 75 27.88
0 122 32.7
0 32 74.23
0 59 49.59
1 155 76.07
1 129 74.38
1 89 66.36
1 36 58.97
1 159 35.34
1 117 92.64
1 78 92.88
1 56 39.73
1 193 96.64
1 139 83.51
1 61 34.36
1 5 48.68
1 151 36.29
1 198 88.3
1 144 82.2
1 156 79.95
1 161 80.9
1 157 40.21
1 22 92.2
1 169 80.98
1 21 88.94
1 54 40.42
1 135 92.12
1 32 52.33
1 118 68.73
1 70 54.79
1 138 81.8
1 182 69.45
1 136 84.27
1 64 69.65
1 35 83.25
1 43 38.05
1 13 69.87
1 20 63.8
2 164 95.15
2 130 86.06
2 19 87.75
2 77 91.24
2 36 72.55
2 52 71.24
2 195 81.68
2 30 94.62
2 28 62.23
2 137 88.45
2 58 77.13
2 187 38.3
2 147 64.24
2 13 68.83
2 42 31.39
2 64 95.66
2 17 35.8
2 16 64.48
2 109 42.45
2 146 68.68
3 4 27.7
3 155 49.62
3 34 36.03
3 16 46.31
3 164 67.31
3 141 30.04
3 51 64.97
3 184 57.29
3 182 33.52
3 59 45.24
3 21 56.88
4 148 34.18
4 186 16.43
4 169 51.47
4 95 36.1
4 108 50.06
4 171 66.13
4 46 67.18
4 155 41.6
4 179 50.15
4 79 65.68
4 11 65.12
4 61 37.46
4 112 67.24
4 164 58.76
4 195 63.09
4 152 51.18
4 88 34.68
4 193 26.21
4 176 62.75
4 99 61.82
4 55 62.83
4 192 48.8
4 172 53.21
4 10 39.38
4 198 29.31
4 34 10.47
4 91 62.8
4 39 57.69
5 78 47.84
5 61 21.12
5 86 70.65
5 126 66.06
5 191 46.46
5 19 79.54
5 130 77
5 148 59.56
5 63 73.08
5 54 56.59
5 41 40.68
5 103 32.15
5 34 26.64
5 64 88.86
5 154 34.37
5 6 63.73
5 89 64.17
5 22 36.34
5 131 17.73
5 138 56.08
6 128 47.07
6 170 92.05
6 177 83.96
6 51 79.28
6 17 68.27
6 23 93.41
6 29 98.81
6 8 68.96
6 54 116.95
6 42 80.84
6 186 64.19
6 192 106.7
6 116 21.1
6 86 49.78
6 196 101.01
6 45 92.56
6 69 77.82
6 13 64.89
6 36 59.94
6 175 93.57
6 28 77.61
6 46 96.51
6 104 117.48
6 98 57.17
7 34 23.13
7 169 60.21
7 185 98.39
7 41 58.84
7 113 67.75
7 141 51.92
7 125 72.33
7 136 64.9
7 184 37.83
7 33 43.04
7 20 118.43
7 86 88.85
7 186 22.85
7 87 113.43
7 65 39.15
7 165 74.61
7 77 55.57
7 147 82.12
8 103 44.09
8 70 29.9
8 61 44.28
8 12 82.63
8 157 50.4
8 152 41.4
8 118 48.69
8 32 56.63
8 182 71
8 60 35.71
8 17 51.29
8 187 79.36
8 85 104.02
9 62 77.43
9 90 89.85
9 171 85.2
9 151 73.45
9 100 30.6
9 145 67.48
9 30 98.65
9 92 42.28
9 131 34
9 55 78.4
9 107 59.81
9 190 79.34
9 129 68.71
9 10 53.02
9 142 26.48
10 184 62.87
10 143 28.93
10 101 58.07
10 156 51.17
10 38 25.2
10 19 79.52
10 20 62.46
10 115 89.96
10 69 55.99
10 68 51.23
10 56 33.9
10 28 34
10 85 68.07
10 188 65.24
10 121 32.83
10 107 45.25
10 26 67.54
10 194 74.98
10 155 60.1
10 40 64.8
10 177 32.03
10 96 27.06
11 112 128.59
11 32 81.5
11 152 82.92
11 31 81.71
11 134 91.37
11 185 38.66
11 54 102.29
11 129 60.73
12 138 38.28
12 158 78.39
12 141 51.76
12 162 55.82
12 90 71.55
12 182 18.02
13 178 47.84
13 149 33.33
13 146 19.27
13 127 94.93
13 92 39.79
13 186 59.4
13 171 85.62
13 57 95.19
13 125 93.98
13 91 63.39
14 18 64.73
14 72 97.51
14 122 51.08
14 112 121.04
14 81 106.68
14 119 97.15
14 155 16.24
14 151 53.06
14 124 56.74
14 54 104.82
15 94 69.01
15 95 60.02
15 150 93.85
15 97 111.58
15 183 51.37
15 167 70.7
15 83 67.48
15 199 121.97
15 168 97.34
15 67 55.8
15 55 39.92
15 158 104.36
15 82 98.98
15 25 50.4
16 55 48.62
16 56 54.05
16 119 71.52
16 156 46
16 196 17.74
17 175 35.03
17 160 26.38
17 70 34.6
17 63 51.33
17 180 32.62
17 125 52.44
17 99 44.66
17 140 41.33
17 179 75.35
17 194 62.43
17 184 52.78
17 66 59.53
17 149 42.55
17 35 65.21
17 174 37.63
17 134 63.7
17 139 83.64
17 185 62.3
17 45 40.32
17 190 45.46
18 170 109.98
18 113 55.79
18 73 81.47
18 112 129.65
18 87 87.04
19 127 36.61
19 145 109.75
19 44 98.36
19 176 100.06
19 105 88.45
19 106 119.04
19 172 88.25
20 62 78.16
20 30 55.62
20 154 112.64
20 175 68.78
20 167 66.37
20 119 78.86
20 150 72.48
20 53 59.77
20 187 63.29
21 148 53.47
21 84 75.16
21 44 45.64
21 186 53.29
21 62 8.72
21 101 34.24
21 136 9.37
21 178 18.14
21 125 92.28
21 113 30.64
21 76 18.97
21 157 55.78
21 102 34.55
21 164 34.25
21 87 62.87
21 176 68.9
21 161 66.43
21 51 52.13
21 33 53.61
21 123 88.27
21 63 55.46
22 133 61.91
22 26 62.82
22 143 56.18
22 114 75.69
22 180 91.25
22 75 67.44
22 198 57.53
23 36 55.35
23 82 25.95
23 87 60.43
23 157 46.54
23 102 70.94
23 26 95.58
23 161 85.25
23 147 86.68
23 75 82.74
23 144 75.92
23 39 102.61
23 134 63.12
23 160 58.21
23 53 51.45
23 178 92.72
23 86 82.8
23 145 90.51
23 199 89.37
23 28 54.24
23 34 81.25
23 182 67.55
23 57 33.1
24 69 74.21
24 43 71.83
24 133 61.54
24 59 79.38
24 188 97.6
24 116 90.23
24 142 29.58
24 68 86.68
25 29 43.36
25 117 29.35
25 125 109.59
25 27 45.23
25 63 80.53
25 90 50.69
25 114 68.76
25 94 71.91
25 70 24.65
25 71 63.72
25 72 45.77
25 54 69.51
25 95 58.41
25 152 38.79
25 106 45.21
25 52 92.68
25 118 80.55
25 139 95.76
25 76 61.96
25 150 90.94
26 143 81.66
26 174 38.31
26 123 103.5
26 70 57.36
26 187 116.59
26 92 42.6
26 136 80.54
26 64 100.7
26 68 51.8
26 192 79.32
26 73 76.8
26 83 66.5
26 65 36.25
26 189 108.88
26 157 58.75
26 50 86.14
26 177 97.69
26 162 98.5
26 191 71.84
26 147 51.99
26 56 87.59
26 110 68.16
26 78 13.95
27 180 80.87
27 28 80.68
27 165 25.19
27 170 87.13
27 43 90.32
27 60 99.11
27 127 88.31
27 85 95.92
27 182 90.57
27 64 110.05
27 120 113.11
27 94 50.11
27 65 83.75
27 131 56.63
28 123 47.67
28 104 55.78
28 89 59.55
28 198 95.21
28 143 43.5
28 178 98.76
28 174 43.74
28 64 47.82
28 108 76.26
28 87 35.07
28 118 36.8
28 135 61.98
28 82 48.53
28 146 86.39
28 113 43.36
28 112 96
28 185 27.81
28 91 55.43
28 157 55.66
28 88 93.42
28 102 66.43
28 34 78.73
29 158 70.29
29 115 116.74
29 110 98.36
29 66 46.84
29 32 37.14
29 117 75.06
29 165 21.69
29 173 33.74
29 108 15.08
29 189 109.21
29 43 82.98
29 37 33.34
29 172 20.88
29 124 82.15
29 45 20.9
29 64 102.85
29 119 77.74
29 140 94.43
29 153 59.75
29 97 118.49
29 192 9.64
29 94 63.87
30 166 97.79
30 104 89.23
30 122 72.4
30 86 22.44
30 102 67.14
30 121 32.87
30 163 77.8
30 158 97.81
30 42 80.61
30 139 12.35
30 128 33.41
30 101 65.58
30 99 47.74
30 70 69.26
30 138 82.7
30 103 91.54
30 62 39.87
30 76 67.24
30 53 68.47
30 78 83.5
30 160 70.65
30 73 49.46
30 41 57.55
30 31 53.48
30 98 40.63
30 188 83.83
30 85 93.36
30 124 44.74
30 38 47.94
31 63 39.17
31 169 121.5
31 145 64.36
31 82 69.02
31 47 94.2
31 49 111.67
31 94 49.83
31 54 64.2
31 59 81.37
31 45 43.14
31 157 73.15
31 180 87.95
31 100 57.35
31 144 98.45
31 185 99.24
32 185 97.59
32 34 41.68
32 63 73.14
32 117 69.95
32 105 5.03
32 79 76.25
32 182 71.92
32 103 61.93
32 77 91.36
32 37 23.05
32 123 46.61
32 166 62.16
32 180 62.57
33 162 64.45
33 113 45.64
33 81 67.39
33 188 71.94
33 35 52.17
33 118 62.54
33 47 40.05
33 64 73.93
33 145 65.68
33 72 39.55
33 190 48.88
33 197 76.19
33 179 51.59
33 124 29.76
33 119 59.07
33 62 40.62
33 111 53.03
33 128 61.51
34 181 46.98
34 75 54.27
35 63 99.25
35 42 54.95
35 58 101.55
35 50 63
35 189 118.13
35 178 80.03
35 128 102.98
35 37 27.51
36 57 89.55
36 144 42.42
36 77 53.84
36 172 106.08
36 191 17.12
36 178 66.54
36 58 31.91
36 142 56.22
36 135 73.82
36 163 55.38
36 168 94.21
36 50 66.65
36 183 48.67
36 84 65.14
36 74 49.25
36 157 41.12
36 119 60.56
36 161 79.15
36 54 77.04
36 78 73.71
36 42 68.55
36 140 23.96
36 44 34.25
37 92 31.86
37 100 54.4
37 64 110.88
37 167 82.72
37 91 93.93
37 108 45.31
37 103 72.2
37 84 68.2
37 47 11.82
37 127 75.2
37 115 105.17
37 83 87.93
37 192 39.83
38 155 54.64
38 77 83.88
38 115 108.85
38 56 48.92
38 94 38.08
38 48 79.84
38 142 46.77
38 184 87.63
38 157 42.89
38 150 50.89
38 168 73.64
38 85 73.39
38 136 56.4
38 44 73.59
38 117 64.01
38 192 73.05
38 120 77.31
38 81 54.85
38 109 43.75
39 145 120.22
39 133 132.2
39 174 61.45
39 97 60.36
39 120 82.65
39 196 118.41
39 156 92.36
39 59 68.13
39 54 101.67
39 76 69.22
39 53 117.67
39 187 117.12
39 137 138.97
39 56 94.15
39 41 102.96
39 153 92.07
39 183 102.28
39 131 63.56
39 110 77.44
39 51 81.32
39 45 95.84
39 189 115.39
40 71 77.92
40 73 18.31
40 161 60.89
40 70 87.19
40 140 27.7
40 137 107.16
40 106 108.4
40 154 68.41
41 66 17.72
41 92 41.51
41 44 73.01
41 184 86.46
41 59 78.47
41 119 87.83
41 101 63.34
41 112 72.91
41 136 57.23
41 113 35.9
41 106 38.43
41 123 59.35
41 53 25.53
41 126 40.15
41 143 25.77
42 110 90.31
42 129 68.97
42 100 14.93
42 144 103.79
42 160 67.61
42 127 85.34
42 128 106.5
42 182 79.92
42 187 62.04
42 119 85.69
42 73 81.93
42 143 34.88
42 139 95.41
42 66 41.17
42 132 85.12
42 88 48.79
42 197 104.89
42 142 39.44
42 170 64.97
42 185 102.02
43 129 82.52
43 163 88.73
43 198 97.15
43 153 50.17
43 89 98.08
43 98 40.75
43 90 70.43
43 85 98.01
43 134 89.86
43 142 55.84
43 71 99.65
43 46 26.97
43 177 35.85
43 135 100.05
43 133 87.46
43 132 94.75
43 168 89.32
43 188 96.27
43 149 83.92
43 97 84.52
43 186 83.94
43 61 54.33
43 179 93.94
43 50 47.5
44 156 24.79
44 192 136.33
44 112 140.25
44 143 81.07
44 48 58.71
44 87 43.05
44 168 110.62
44 76 50.96
44 46 70.16
44 165 98.43
44 117 62.6
44 181 125.32
44 91 55.44
45 178 90.49
45 117 49.37
45 81 63.14
45 70 29.54
45 180 74.6
45 52 99.56
45 105 33.89
45 106 53.04
45 93 79.51
45 164 75.78
45 193 66.52
45 182 80.78
46 140 68.97
46 72 94.12
46 66 76.75
46 183 44.78
46 151 41.91
46 196 51.27
46 120 112.97
46 135 101.07
46 186 90.76
46 73 56.43
46 198 93.89
46 87 42.5
46 81 55.75
46 164 66.28
46 59 42.94
46 161 104.17
46 79 77.13
46 50 54.16
46 76 101.05
46 103 90.79
46 195 62.78
46 68 72.6
46 133 99.77
46 105 76.86
46 132 77.31
46 52 80.62
46 90 83.75
46 85 79.47
47 109 79.18
47 189 106.62
48 110 47.05
48 192 112.61
48 160 50.05
48 193 55.37
48 95 82.78
48 85 40.09
48 75 91.3
48 153 98.36
48 62 60.78
48 147 11.99
48 194 73.1
48 120 94
48 56 65.41
48 139 77.46
48 94 79.18
48 161 36.85
48 96 79.56
49 50 97.87
49 149 92.62
49 133 137.42
49 74 57.03
49 167 68.9
49 101 64.82
49 123 88.56
49 60 89.59
49 161 66.87
49 53 121.51
49 84 96.39
49 104 76.94
49 182 19.27
49 66 96.51
49 77 66.08
49 112 120.22
49 138 49.67
49 86 74.29
49 82 67.12
49 180 29.52
49 73 27.43
49 141 84.21
49 80 80.82
49 134 105.29
49 100 79.89
50 162 89.36
50 109 38
50 180 76.2
50 175 28.08
50 86 74.98
50 105 51.11
50 192 59.84
50 107 64.56
50 155 69.99
50 83 68.56
50 78 82.22
50 51 67.45
50 154 52.13
50 132 85.94
50 63 48.12
51 115 85.27
51 178 70.06
51 192 29.31
51 135 82.8
51 106 63.53
51 95 56.59
51 86 80.54
51 152 44.34
51 100 17.86
51 114 76.78
51 91 74.38
51 183 57.18
52 175 84.78
52 131 57.39
52 168 83.85
52 195 105.15
52 110 53.25
52 178 98.76
53 167 53.18
53 135 111.71
53 97 118.6
53 148 87.94
53 185 113.54
53 171 107.79
53 198 82.39
53 151 68.25
53 119 81.69
53 59 92.97
53 94 43.98
53 183 23.55
53 67 83.11
53 133 45.09
53 91 46.66
54 119 54.48
54 198 89.82
54 193 102.04
54 81 25.91
54 166 76.62
54 91 72.18
54 111 86.61
54 98 55.49
54 65 110.4
54 66 71.5
54 59 71.09
54 164 97.49
54 84 39.27
54 163 74.04
54 131 54.71
55 118 87.02
55 160 109.53
55 164 91.47
55 158 69.36
55 156 85.12
55 180 104.61
55 87 98.17
55 132 112.89
55 166 83.61
55 61 83.22
55 114 44.33
56 92 82.49
56 65 93.13
56 112 106.11
56 187 45.2
56 105 71.24
56 162 41.97
56 57 60.75
57 60 89.25
57 186 72.66
57 135 93.43
57 115 130.52
57 90 109.82
57 85 92.51
57 83 98.15
57 161 99.66
57 156 98.16
57 199 92.7
57 153 91.75
57 193 102.03
57 172 87.71
57 159 76.61
57 62 85.66
57 133 111.66
57 151 62.04
57 70 68.75
57 175 27.73
57 144 110.25
57 174 86.25
57 146 83.12
57 63 65.49
57 143 53.76
57 65 115.47
57 160 57.25
57 154 63.08
57 176 31.6
58 187 61.83
58 122 66.82
58 166 108.71
58 105 87.58
58 60 21.94
58 77 75.18
58 181 111.99
58 163 95.77
58 136 69.38
58 113 54.4
59 92 66.63
59 179 85.5
59 181 105.84
59 182 26.3
59 80 57.6
59 160 50.63
59 162 27.54
59 192 112.45
59 197 41.45
59 168 88.32
59 99 15.2
59 67 53.94
59 166 69.21
59 157 55.48
59 91 64.24
59 97 23.82
59 86 52.71
59 104 81.87
59 118 34.2
59 178 86.6
59 72 102.08
59 105 84.99
60 75 58.67
60 128 53.48
60 131 62.24
60 165 80.83
60 167 61.71
60 91 31.14
60 148 86.59
60 152 39.5
60 105 104.82
60 90 31.86
60 189 48.46
60 82 95.08
60 183 58.74
61 124 41.41
61 151 64.23
61 89 65.8
61 74 47.87
61 166 64.07
61 145 82.16
61 195 66.24
61 194 84.47
61 115 110.86
61 163 57.25
61 147 58.11
61 92 30.46
61 187 45.12
61 101 72.12
61 152 82.77
61 193 66.19
61 176 40.79
61 122 69.5
61 103 63
61 117 77.14
62 183 45.9
62 96 60.34
62 178 34.68
62 197 45.2
62 71 58.89
62 190 17.84
62 119 80.19
63 173 63.78
63 84 39.8
63 127 82.56
63 68 57.62
63 192 101.58
63 74 42.27
63 66 58.67
63 166 106.8
63 77 85.27
63 73 51.54
63 180 66.67
63 106 38.79
63 184 94.42
63 82 76.95
63 132 80.46
63 171 59.46
63 194 97.69
63 121 44.05
63 87 35.18
63 133 96.74
63 115 101.74
63 93 94.64
63 191 25.68
63 65 109.61
64 143 56.76
64 197 16.1
64 151 32.09
64 177 54.58
64 99 46.25
64 152 84.04
64 80 28.91
64 114 75.69
64 191 32.2
64 185 45.66
64 157 79.17
64 84 82.54
64 71 84.86
64 128 13.8
64 94 66.77
64 117 77.9
65 125 72.43
65 137 124.2
65 146 76.04
65 113 67.3
65 75 44.93
65 96 107.18
65 67 65.13
65 155 67.93
65 172 95.6
65 109 116.92
65 85 88.83
65 141 69.26
65 81 115.59
65 129 21.32
66 76 55.87
66 97 111.81
66 163 98.27
66 180 82.87
66 90 45.2
66 173 10.96
66 136 60.41
66 169 102.74
66 83 59.35
66 161 88.85
66 79 103.45
66 170 42.77
66 110 76.19
66 100 32.54
66 199 116.29
66 144 100.98
66 132 97.55
66 124 67.77
66 181 60.48
66 108 26.68
67 190 34.32
67 101 64.93
67 162 40.52
67 127 94.04
67 114 63.31
67 72 102.23
67 157 71.33
67 138 77.99
68 73 15.02
68 81 102.34
68 144 56.16
68 77 29.48
68 95 71.94
68 128 23.38
68 190 48.66
68 134 83.54
68 137 103.96
68 193 52.12
68 115 58.16
69 99 100.67
69 117 54.82
69 100 55.18
69 190 49.96
69 143 34.76
69 127 118.95
69 93 122.92
69 83 79.23
69 78 82.57
69 129 84.95
69 79 114.35
69 163 104.4
69 199 127.34
69 74 75.4
69 184 107.22
70 196 53.61
70 172 52.47
70 141 38.02
70 154 35.35
70 89 85.47
70 117 25.16
71 88 70.39
71 82 62.06
71 103 89.56
71 195 87.39
72 114 71.89
72 83 91.67
72 138 73.27
72 107 50.78
72 129 70.99
72 105 35.64
72 178 83.8
72 118 103.81
72 147 87.96
72 124 68.28
73 75 68.66
73 169 46.19
73 165 90.75
73 199 29.68
73 148 21.74
73 94 82.4
73 194 65.13
73 121 32.42
73 108 96.93
73 154 71.19
73 193 72.21
73 119 71.6
73 146 87.17
73 90 57.47
73 117 71.02
73 114 78.63
73 142 60.42
73 84 84.2
73 196 78.56
73 111 85.78
73 184 56.71
73 74 54.95
73 110 23.18
73 107 77.75
73 174 33.14
73 122 84.62
73 126 79.95
74 197 80.4
74 120 114.03
74 187 26.67
74 137 67.12
74 178 96.45
74 88 79.78
74 177 3.84
74 185 64.81
74 83 56.92
74 198 81.72
74 150 15.25
74 135 92.7
74 142 47.95
74 157 44.26
74 196 53.84
74 174 63.44
74 193 86.96
74 125 71.37
75 195 62.67
75 166 55.96
75 156 65.71
75 161 66.61
75 151 76.09
75 123 80.67
75 97 99.3
75 114 72.89
75 173 54.78
75 121 78.98
75 90 29.86
75 189 88.54
75 119 109.1
75 174 55.22
75 110 49.28
76 172 82.98
76 116 30.95
76 153 51.38
76 185 83.02
76 92 53.05
76 125 88.1
76 156 50.58
76 184 53.37
76 140 57.7
76 77 16.02
76 157 60.63
76 128 50.46
76 78 36.51
76 85 96.33
76 120 33.66
77 196 99.64
77 179 31.2
77 132 61.82
77 116 8.73
77 117 47.73
78 146 77.93
78 149 21.94
78 113 57.6
78 80 98.65
78 152 82.29
78 104 102.33
78 158 19.88
78 165 64.72
78 191 67.43
78 128 89.84
78 87 103.25
78 83 70.98
78 132 61.5
78 192 57.71
78 186 27.52
78 197 89.12
78 179 31.46
78 162 83.88
78 91 98.19
78 151 64.46
78 81 95.46
78 139 97.92
78 143 79.03
78 125 59.78
79 114 119.32
79 80 97.63
79 168 91.34
79 119 65.15
79 92 67.05
79 140 41.7
79 192 94.07
80 162 19.81
80 81 93.5
80 146 67.67
80 91 22.69
80 172 115.95
80 134 105.27
80 99 55.89
80 112 135.06
80 164 45.34
80 109 78.36
80 175 62.11
80 114 62.16
80 178 75.09
80 179 98.45
80 126 56.36
80 177 65.35
80 190 56.97
80 160 93.49
80 171 59.14
80 85 101
80 89 93.86
80 88 96.86
81 147 86.46
81 108 65.67
81 137 79.28
81 143 62.96
81 199 98.15
81 114 79.94
82 103 69.72
82 192 66.09
82 194 88.17
82 147 63.2
82 92 48.21
82 97 77.63
82 87 89.7
82 143 53.12
82 94 22.77
83 121 32.66
83 146 65.43
83 159 53.07
83 155 24.68
83 132 41.39
83 167 49.4
83 109 77.13
83 153 67.02
83 131 52
83 197 41.42
83 135 46.49
83 100 66.37
84 141 49.82
84 111 60.54
84 174 80.95
84 168 80.23
84 127 90.41
84 198 79.02
85 184 78.84
85 128 77.03
85 154 76.1
86 94 77.82
86 151 47.68
86 91 39.19
86 152 64.42
86 183 61.69
86 193 74.43
86 121 56.3
86 157 60.28
86 158 82.01
86 182 60.71
87 164 34.75
87 119 77.11
87 101 79.48
87 189 9.5
87 111 65.49
87 142 85.81
87 96 35.81
87 144 40.57
87 123 72.33
87 197 18.09
87 89 92.12
88 146 30.74
88 160 89.56
88 126 80.57
88 122 25.92
88 124 72.81
88 134 37.84
88 181 52.85
88 95 50.17
88 113 45.44
88 145 38.31
88 131 42.56
88 125 104.31
88 133 43.83
88 155 48.59
88 117 10.2
88 156 76.96
88 135 87.59
89 173 102.12
89 94 82.29
89 197 103.62
89 99 37.69
89 195 115.56
89 198 67.88
89 144 71.1
89 138 11.18
89 125 1.21
90 92 70.36
90 123 85.37
90 127 85.36
90 102 59.36
90 184 67.47
90 189 62.96
90 183 71.42
91 136 48.43
91 131 61.35
91 190 46.5
91 97 95.58
92 100 17.19
92 196 73.51
92 118 97.78
92 138 51.96
92 108 36.08
92 156 84.33
92 158 51.05
92 94 62.52
92 154 18.14
92 181 32.82
92 149 6.31
92 177 81.06
92 168 31.04
92 96 83.46
92 183 63.4
92 173 57.51
92 93 68.43
92 115 80.45
92 145 69.39
92 147 61.47
93 150 64.46
93 129 67.91
93 152 126.18
93 180 20.49
93 183 89.21
93 182 42.86
93 170 122.93
93 188 29.34
93 187 81.21
94 182 58.42
94 110 91.01
94 160 39.26
94 102 86.24
94 189 74.84
94 168 58.7
95 99 56.25
95 120 80.88
95 109 46.31
95 101 81.63
95 127 82.83
95 106 42.64
95 125 77.72
95 137 66.43
95 110 88.78
95 195 54.77
95 141 32.2
95 198 75.77
95 170 51.14
95 156 65.12
95 199 88.04
95 160 59.44
95 105 38.8
95 159 43.16
95 113 46.41
95 177 32.15
95 107 59.18
95 128 73.13
95 189 70.2
96 110 60.24
96 97 58.1
96 147 64.19
96 163 66.5
97 124 38.27
97 158 87.52
97 152 114.58
97 103 110.55
97 182 22.07
97 157 61.34
97 163 33.88
97 183 103.74
97 180 32.8
97 161 62.15
97 176 66.61
97 146 112.06
97 194 76.26
97 100 93.04
98 126 52.52
98 190 39.59
98 109 48.7
98 192 83.92
98 147 64.97
98 138 68.5
98 104 69.42
98 179 62.09
98 132 67.35
98 198 70.9
99 197 49.37
99 173 73.5
99 185 14.5
99 187 83.64
99 182 15.29
99 136 67.55
99 113 36.22
99 147 23.69
99 109 66.8
99 119 52.1
99 157 55.06
99 176 69.22
99 118 41.95
99 163 34.18
99 126 84.82
99 177 55.64
100 151 63.58
100 143 33.85
100 172 45.08
100 105 53.45
100 125 80.65
100 149 8.97
100 147 70.66
100 179 52.03
100 119 73.88
100 195 53.1
100 118 70.26
100 176 56.89
100 116 57.81
100 145 42.41
100 192 46.48
101 158 29.79
101 113 43.17
101 174 31.45
101 184 22.7
101 124 41.83
102 166 31.47
102 142 48.83
102 119 90.31
102 195 84.24
102 131 34.15
102 110 42.55
102 150 94.81
102 167 82.08
102 164 52.04
102 133 79.99
102 109 103.22
102 117 54.41
102 160 68.08
102 126 99.75
102 137 113.56
102 185 75.44
103 159 79.07
103 106 44.99
103 177 83.51
103 167 84.83
103 166 81.52
103 107 37.43
103 135 107.67
104 131 48.62
104 118 88.98
104 184 92.95
104 112 63.01
104 151 74.2
104 140 104.84
104 115 144.05
104 128 113.78
105 161 72.92
105 166 64.66
105 173 57.67
105 177 55.84
105 137 116.66
105 108 49.08
105 171 85.42
105 116 97.06
105 115 107.63
105 197 109.17
105 180 52.26
105 193 75.59
105 167 58.05
105 172 45.26
106 137 38.61
106 199 117.59
106 193 93.11
106 167 69.07
106 187 76.58
106 110 88.79
106 151 64.9
106 189 80.58
106 171 102.78
106 141 70.28
106 174 74.18
106 122 29.56
106 120 78.13
106 154 97.47
106 180 111.89
106 164 68.25
106 177 60.16
106 150 89.22
106 176 58.93
106 112 87.53
106 156 70
106 111 39.86
106 117 53.05
106 118 58.2
107 167 80.19
107 158 34.25
107 126 64.59
107 114 66.16
107 163 77.77
107 128 70.84
107 182 70.14
107 130 64.84
107 194 35
107 145 45.74
107 117 20.87
107 119 102.94
108 110 96.78
108 146 30.27
108 142 33.06
108 112 27.51
108 185 100.86
108 160 81.92
108 173 29.53
108 189 102.14
108 177 70.9
108 158 64.87
108 109 73.17
108 181 26.79
108 167 67.78
108 149 36.71
109 150 18.29
109 113 81.12
109 170 54.02
109 156 80.21
109 153 93.32
109 192 87.28
109 175 8.65
109 190 90.47
109 139 92.19
109 119 29.51
109 126 56.97
109 127 86.18
109 194 114.66
109 117 91.52
110 152 82.88
110 188 57.52
110 138 62.5
110 141 88.87
110 132 53.1
110 186 86.14
110 116 23.98
110 169 54.97
110 177 86.32
110 190 48.51
110 164 34.39
110 183 93.17
110 124 40.74
110 140 24.64
110 170 94.66
110 130 30.07
110 112 130.33
110 136 31.25
110 127 60.37
111 124 62.61
111 171 88.73
111 168 72.26
111 153 14.19
111 158 55.61
112 184 80.01
112 159 115
112 188 120.65
112 132 113.6
112 119 104.36
112 130 115.94
112 193 84.92
112 142 58.63
112 125 110.68
112 145 72.44
113 121 35.75
113 116 38.76
113 189 50.79
113 164 32.17
113 143 34.05
113 136 23.77
113 150 63.99
113 196 56.51
113 181 98.62
114 146 42.3
114 118 54.19
114 145 67.88
114 147 106.37
115 140 66.91
115 119 132.96
115 169 71.13
115 131 78.15
115 154 74.55
115 195 84.23
115 147 80.71
115 161 73.3
115 145 104.11
115 134 91.41
115 160 118.71
115 149 68.81
115 121 93.71
115 158 29.69
115 125 97.49
115 186 86.47
115 189 107.44
115 179 29.02
115 139 72.78
115 172 107.85
116 177 88.21
116 170 89.69
116 172 86.57
116 167 77.91
116 137 107.9
116 128 51.09
116 164 32.7
117 121 72.18
117 192 73.48
117 151 71.42
117 138 83.31
117 198 32.72
117 124 66.97
117 143 51.72
117 181 73.63
117 160 93
117 137 104.56
117 145 46.08
117 173 53.84
117 128 69.07
117 122 17.18
118 192 115.71
118 130 64.19
118 134 96.53
118 133 110.09
118 157 68.86
118 198 87.28
118 186 94.79
118 125 92.94
118 156 24.06
118 129 77.92
118 124 40.33
118 166 98.33
118 127 91.51
118 152 81.19
118 165 91.09
119 168 94.92
119 179 119.98
119 146 88.62
119 135 71.9
119 180 46.32
119 166 82.8
119 198 97.45
119 164 74.91
119 128 93.72
119 192 95.62
120 167 93.45
120 130 65
120 192 110.86
120 139 45.14
120 147 88.64
120 143 72.39
120 169 81.32
120 149 69.93
120 141 84.17
120 188 97.95
120 160 110.73
120 127 91.53
121 199 33.58
121 129 61.09
121 186 86.13
121 190 62.84
121 175 56.56
121 189 45.29
121 173 84.47
121 185 12.48
122 187 102.26
122 193 66.76
122 149 47.18
122 188 124.92
122 166 89.87
122 194 68.11
122 148 73.41
122 145 44.75
122 191 77.06
122 138 104.63
122 136 53.09
122 146 21.13
122 198 53.66
123 154 73.52
123 142 60.12
123 182 85.78
123 143 35.42
123 158 91.46
123 165 30.29
123 145 71.03
123 198 82.9
123 136 84.27
123 138 97.8
123 150 51.25
123 195 60.69
123 181 78.49
123 199 106.44
123 140 83.59
123 149 67.11
124 186 59.74
124 142 40.45
124 193 58.91
124 148 35.33
124 178 82.48
124 141 51.79
124 185 32.96
124 125 44.88
124 166 60.05
124 158 56.86
124 177 36.59
124 184 64.58
124 137 72.81
124 172 83.16
124 199 54.44
124 164 45.9
124 181 80.67
124 129 43.02
124 176 42.44
124 179 61.61
124 173 65.32
124 138 42.66
124 146 73.47
124 170 73.64
124 197 55.38
124 167 27.09
124 135 50.32
125 199 34.67
125 189 106.18
125 140 67.93
125 183 104.94
125 178 101.94
125 191 68.38
125 190 81.21
125 173 97.35
125 146 110.87
125 134 91.58
125 177 89.95
125 152 118.32
125 132 22.3
125 175 71.65
125 176 75.52
125 138 26.93
125 153 107.59
125 156 91.88
126 167 44.42
126 177 30.44
126 148 90.69
126 181 97.86
126 156 65.77
126 149 70.95
126 136 76.62
127 139 89.71
127 165 68.72
127 146 94.26
127 172 98.25
127 132 14.31
127 136 81.15
127 137 128.66
127 149 74.2
127 130 47.53
127 169 30.26
127 160 55.43
127 193 57.66
127 178 107.23
127 199 42.16
127 151 53.44
127 144 70.43
128 133 113.24
128 174 40.54
128 166 84.35
128 178 59.23
128 176 83.8
128 177 71.18
128 139 22.95
128 150 97.26
128 132 67.78
129 185 77.89
129 149 34.2
129 144 73.17
129 168 66.11
129 194 31.12
129 159 76.81
129 171 51.46
129 169 45.31
129 132 54.67
129 143 54.77
129 189 82.45
129 165 75.57
129 138 38.07
129 142 52.52
129 167 80.38
129 193 28.86
129 178 38.13
130 174 20.5
130 157 52.64
130 131 45.65
130 155 45.1
130 186 70.38
130 137 111.88
131 178 72.42
131 145 64.3
131 176 34.36
131 171 54.91
131 198 49.51
131 185 56.44
131 181 62.67
131 151 30.79
131 191 28.61
132 135 16.62
132 180 22.96
132 149 60.16
132 186 60.02
132 175 76.82
132 174 30.14
132 161 48.56
132 193 56.73
132 142 58.8
132 163 22.01
132 190 72.96
132 141 63.54
132 192 108.97
132 182 21.24
132 138 17.47
133 147 127.76
133 148 112.63
133 177 98.84
133 161 104.29
133 143 53.57
133 194 78.61
133 154 94.34
133 198 78.05
133 138 125.03
133 136 74.05
133 185 139.5
133 162 95.86
133 169 112.56
133 193 83.12
133 134 63.62
133 181 80.08
133 168 81.53
133 166 106.95
133 174 85.5
133 188 150.28
134 172 6.76
134 157 45.8
134 180 84.86
134 146 51.7
134 147 99.31
134 193 52.87
134 188 114.68
134 139 102.51
134 153 44.72
134 152 67.68
134 161 64.59
134 176 61.51
134 195 66.72
135 176 80.18
135 174 26.03
135 154 50.74
135 159 95.46
135 137 135.01
135 191 50.21
135 178 95.19
135 180 25.34
136 172 107.32
136 166 83.27
136 159 60.97
136 171 53.87
136 191 50.86
136 184 74.15
136 194 46.78
136 153 46.77
136 148 65.13
136 197 37.72
136 181 106
136 163 87.33
136 180 79.8
136 199 81.33
136 161 71.05
136 137 92.21
136 177 87.57
136 188 97.28
137 141 101.06
137 147 129.83
137 199 128.12
137 143 51.5
137 197 75.05
137 195 55.62
138 147 27.72
138 145 116.36
138 139 95.68
138 182 41.38
138 166 34.94
139 194 78.08
139 197 3.49
140 149 68.03
140 167 57.11
140 148 25.72
140 147 51.96
140 171 15.11
140 189 56.32
140 164 17.24
141 167 65.91
141 164 81.5
141 183 40.7
141 187 67.18
141 166 37.04
141 190 63.55
141 175 40.16
141 152 77.22
141 148 68.29
142 145 77.75
142 187 68.2
142 164 67.21
142 197 81.37
143 170 35.48
143 182 61.32
143 198 58.53
143 156 57.49
144 154 97.07
144 186 100.79
144 175 78.45
144 164 32.24
144 147 73.72
144 182 42.75
144 197 35.75
144 173 96.9
145 150 110.16
145 193 85.89
145 184 98.4
145 163 133.01
145 178 75.1
145 152 34.12
146 177 77.72
146 154 69.35
146 198 70.33
146 153 7.42
146 163 102.29
146 169 100.69
146 197 80.48
146 176 64.36
146 150 100.54
147 152 104.79
147 169 28.43
147 151 43.97
147 179 77.56
147 199 34.02
147 193 70.86
147 191 52.61
147 192 107.1
147 159 82.49
147 160 35.38
147 176 75.47
147 181 94.58
147 188 33.64
147 168 79.43
147 149 79.13
147 177 71.79
147 189 77.65
148 193 40.04
148 156 52.29
148 171 25.27
148 199 46.32
148 153 71.54
148 166 48.66
148 174 11.29
148 179 48.32
148 149 61.32
148 165 78.49
148 150 83.33
148 151 50.29
148 164 50.99
148 176 78.24
148 182 33.39
148 177 72.09
148 183 90.96
148 194 43.53
148 167 70.78
148 181 91.22
148 169 18.04
149 163 75.71
149 197 87.32
149 154 14.07
149 191 67.36
149 194 43.61
149 168 23.71
149 189 93.05
149 196 73.97
149 172 33.88
149 166 30.15
149 175 62.78
150 172 91.34
150 158 107.53
150 174 71.83
150 191 43
151 180 34.39
151 162 32.41
151 178 88.85
151 168 82.69
151 193 81.57
151 165 76.3
152 176 81.7
152 181 74.16
152 155 46.84
152 182 111.78
152 199 132
152 164 71.33
152 183 56.34
152 163 110.2
152 195 26.93
152 184 95.3
153 184 85.29
153 189 87.06
153 158 59.43
153 185 98.63
154 171 65.85
154 162 87.25
154 156 87.3
154 157 21.7
154 194 58.67
155 183 64.23
155 161 74.63
155 190 6.27
155 166 68.47
155 196 55.21
155 198 62.76
155 172 80.56
156 164 5.21
156 182 41.57
157 194 59.75
157 164 72.23
157 193 48.51
157 180 53.55
157 176 41.69
157 185 63.14
157 167 46.31
157 161 44.14
157 197 75.34
157 165 24.36
157 184 46.17
158 166 35.4
158 163 79.02
158 199 84.49
158 172 79.87
158 169 45.08
158 181 73.53
158 180 69.48
158 167 97.98
158 159 98.5
158 162 95.39
159 165 72.07
159 180 88.29
159 179 99.35
159 171 65.21
160 196 79.47
160 172 94.95
160 162 77.46
160 180 26.86
160 175 25.58
160 181 96.92
160 189 90.67
160 171 50.58
160 167 49.3
161 190 80.39
161 168 59.5
161 170 126.21
161 162 94.63
161 179 48.95
161 189 113.7
161 182 60.26
161 198 42.98
161 188 70.9
161 175 78.08
161 192 91.69
161 196 116.62
162 185 40.47
162 177 49.81
162 168 108.85
162 178 76.18
162 197 9.12
162 165 106.19
162 167 52.8
163 164 79.28
163 172 100.9
163 194 79.6
163 199 36.83
163 196 101.36
163 190 93
164 194 64.04
164 188 73.48
164 165 95.5
164 187 84.11
164 180 63.39
164 192 113.53
164 174 31.58
165 196 66.93
165 180 75.08
165 174 66.73
166 177 98.93
166 185 93.11
166 174 49.3
166 178 69.09
166 190 63.59
166 179 40.52
166 180 43.96
167 184 88.9
167 185 53.51
167 177 14.88
167 172 81.76
167 178 99.14
167 176 26.03
167 171 51.83
167 187 37.71
168 196 96.16
168 184 65.11
168 188 117.19
168 181 6.85
168 193 69.16
169 172 99.37
169 185 61.26
169 182 49.59
169 188 46.32
169 195 95.2
169 193 38.3
169 194 42.03
169 198 52.41
169 175 93.9
169 181 93.49
170 171 79.91
170 174 88.72
170 172 93.39
170 183 45.85
170 193 103.2
170 179 105.57
171 198 69.47
171 195 87.2
171 174 37.49
171 180 32.75
171 196 91.07
171 184 65.56
172 183 60.95
172 193 78.11
172 180 90.5
172 176 79.51
172 189 132.55
172 182 101.1
172 196 86.31
172 179 80.81
172 185 124.88
172 191 94.74
172 199 126.71
172 190 84.52
172 197 124.76
172 195 92.92
173 176 53.58
173 182 77.83
173 181 48.92
173 187 58.08
173 195 35.83
173 188 108.39
174 190 51.59
174 179 52.82
174 180 29.66
174 194 41.24
174 198 38.96
174 192 93.92
174 193 48.72
175 196 49.5
175 186 69.97
175 194 109.77
175 181 75.48
175 178 99.63
175 197 92.35
175 199 73.08
175 193 82.79
175 188 79.22
176 199 79.68
176 186 72.44
176 185 62.88
176 187 30.44
176 179 102.94
176 189 77.44
176 184 84.46
176 190 71.83
176 178 100.32
176 196 43.44
176 194 94.78
176 180 68.25
176 193 99.24
177 186 71.98
177 195 62.99
177 182 62.48
177 192 83.2
177 184 85.96
177 183 52.47
177 188 64.93
177 187 32.9
178 182 94.91
178 196 86.8
178 186 73.17
178 190 30.85
178 193 49.23
178 198 60.33
178 187 113.3
179 197 79.91
179 183 89.46
179 192 75.93
179 194 2.94
179 190 38.55
180 198 71.33
180 188 32.07
180 194 75.4
180 187 81.64
180 199 42.3
180 193 65.62
180 195 96
180 192 100.73
180 184 50.4
180 181 98.5
181 194 77.9
181 190 88.2
181 185 116.31
182 191 41.87
182 194 73.59
182 186 69.34
182 189 56.7
182 188 15.61
182 183 77.56
183 188 94.96
183 193 87.93
183 192 62.98
183 197 73.51
183 190 44.91
184 185 84.61
184 197 83.79
185 187 85.86
185 189 60.57
185 199 23.55
186 198 24.74
186 191 58.57
186 188 90.63
186 190 52.23
186 192 40.44
187 193 120.28
187 188 95.46
187 197 100.61
187 190 89.43
188 199 7.78
188 198 103.57
188 192 128.84
189 197 18.39
189 192 136.67
189 190 56.35
189 199 68.66
189 195 52.44
189 193 100.6
190 198 53.67
190 199 95.2
190 196 50.45
191 195 52.39
192 196 77.62
192 195 82.29
192 194 86.41
192 193 65.5
193 195 83.17
193 199 95.52
193 198 15.63
194 199 99.48
194 198 36.81
195 198 66.31
195 197 53.6
196 197 74.18
197 198 86.17
197 199 89.37
198 199 101.72
