0 44 -6.14
0 11 -0.41
0 8 6.46
0 22 7.18
0 21 -3.92
1 40 -7.06
1 41 -1.09
1 11 -9.83
1 47 1.42
1 25 -6.68
1 37 -2.96
1 42 5.66
1 45 -3.96
1 5 9.12
1 10 -0.76
1 31 -5.81
1 46 9.94
1 23 -2.15
1 27 -9.53
1 13 3.54
1 2 8.37
1 16 1.76
1 4 -5.9
1 32 8.98
2 33 -2.3
2 29 1.45
2 34 -5.5
2 38 0.34
2 48 -3.09
2 15 -0.16
2 43 0.09
2 4 -7.17
3 44 -1.47
3 29 3.66
3 45 6.43
3 18 -6.45
3 41 0.08
3 46 -4.41
3 49 5.12
3 30 -7.54
4 30 0.34
4 21 -7.91
4 46 0.99
4 27 -2.5
4 38 -0.88
4 39 -4.05
4 8 -6.08
4 16 -2.05
4 13 -9.46
4 47 -8.99
4 19 6.86
4 43 -6.05
5 44 4.86
5 42 -4.28
5 26 4.66
5 17 2
5 15 -7.11
5 25 6.12
5 10 1.06
5 38 -0.91
5 49 0.87
6 45 3.92
6 40 -5.36
6 43 2.57
6 14 9.26
6 38 -6.21
7 25 -0.85
7 11 2.5
7 29 8.63
7 48 -4.2
7 8 -1.79
7 22 -0.97
7 16 7.09
7 26 4.42
7 36 -6.32
7 12 8.1
7 41 3.97
8 16 -8.4
9 18 3.82
9 16 1.52
9 39 2.29
9 26 3.35
9 12 1.38
9 29 -7.83
9 22 4.88
9 42 -8.42
9 13 6.4
9 11 -4.03
9 33 -6.95
9 32 -3.73
10 41 4.5
10 16 -7.46
10 31 0.49
10 23 -8.56
10 25 -3.56
11 43 -4.2
11 22 3.25
11 39 -2.42
11 16 0.18
11 27 0.64
11 41 -9.89
11 26 -0.17
11 30 -2.4
11 38 -2.86
12 27 -2.52
12 22 9.03
12 37 -3.41
12 16 -7.37
12 29 1.94
13 26 2.34
14 20 2.48
14 16 -2.65
14 22 6.14
14 19 5.96
14 35 2.6
14 33 -7.27
14 48 -1.45
14 15 0.96
15 37 6.16
15 48 5.76
15 16 4.87
15 17 7.13
15 25 -5.42
15 41 9.7
15 32 0.49
15 24 -4.83
16 34 -7.5
16 35 -9.06
16 18 8.29
16 41 8.92
16 32 6.84
16 46 -4.82
16 19 -2.03
16 31 -4.9
17 48 7.8
17 35 2.03
18 36 -5.56
18 35 -1.64
18 45 -8.71
18 44 3.83
18 30 3.71
18 31 5.55
18 25 2.89
18 29 1.04
18 23 -4.5
18 42 2.4
18 21 -2.65
19 29 -5.19
19 35 -7.88
19 34 -8.4
19 39 9.49
19 40 -5.79
19 23 5.01
19 21 -3.78
20 45 -6.22
20 34 2.4
20 23 -6.09
20 33 3.13
20 39 8.42
20 31 2.72
20 46 8.86
20 42 0.73
20 36 -3
20 37 -6.07
20 21 1.81
21 34 2.88
21 27 3.94
21 22 -2.07
22 29 8.99
22 33 9.75
22 24 1.49
22 32 4.17
22 38 -4.8
22 47 4.57
22 40 -2.06
22 37 -2.24
22 25 4.67
22 41 4.79
23 38 3.61
23 39 0.35
23 40 -5.94
23 31 -1.23
23 49 -8.41
23 25 -2.9
24 25 -2.11
24 42 4.5
24 41 2.31
24 46 0.9
25 39 9.4
25 48 3.6
25 27 -2.23
25 40 -6.61
26 41 -5.75
26 38 -9.82
26 39 2.12
26 36 -3.01
26 27 9.94
27 32 -2.27
27 35 -9.47
27 42 -9.63
27 44 7.16
27 41 4.54
27 28 7.51
27 33 -8.42
27 37 1.81
27 45 6.32
28 49 -4.66
28 32 5.42
29 39 4.51
29 42 -6.34
29 46 5.6
29 37 8.03
29 30 6.97
29 31 -6.29
29 33 -4.99
29 34 -6.59
29 49 -8.37
30 49 -3.85
30 44 5.24
30 33 9.9
30 48 3.83
30 38 -4.5
30 46 1.13
31 37 2.76
31 40 9.42
31 44 5.38
31 41 -9.82
31 34 -3.14
31 36 -8.19
31 49 -3.24
31 46 1.4
32 35 -1.47
32 48 -8.26
32 39 5.57
32 40 -4.14
33 42 6.57
33 44 8.17
33 49 -1.2
33 34 6.46
33 47 -9.99
33 37 -8.73
33 43 6.15
33 38 -3.08
34 46 -8.93
34 43 -1.37
35 41 3.08
36 38 -7.24
36 41 9.67
37 39 5.64
37 42 2.16
37 48 -6.99
37 40 9.97
37 41 8.92
38 44 -4.2
38 39 -5.08
38 42 5.3
38 48 5.97
38 45 2.59
39 43 0.11
39 46 7.79
39 44 -4.96
40 45 2.5
40 41 -9.31
40 44 -1.08
40 42 2.02
41 44 -3.35
41 42 -1.79
42 43 0.15
42 47 -9.91
43 45 6.55
43 48 2.86
45 46 -2.74
46 49 -0.91
47 48 -9.22
48 49 1.82
