0 54 -6.14
0 63 -0.41
0 55 6.46
0 30 4.21
0 62 -9.71
0 76 -6.69
0 52 -7.62
0 95 -2.45
0 6 2.03
0 3 3.26
0 88 2.15
0 65 0.39
0 93 4.53
0 40 0.78
1 69 7.24
1 10 9.94
1 47 -2.15
2 81 -9.53
2 31 3.54
2 97 8.37
2 21 1.76
2 95 4.53
2 39 4.87
2 71 8.98
2 59 1.98
2 72 1.45
3 84 -1.5
3 52 9.8
3 95 -6.62
3 90 -8.73
3 33 -7.05
3 35 8.1
3 46 -1.47
4 66 -6.94
4 44 1.64
5 87 -0.5
5 68 4.64
5 49 1.37
5 51 4.44
5 89 -2.65
5 28 0.34
5 60 -7.91
5 23 0.99
5 47 -2.5
5 99 -4.57
5 82 4.78
5 36 5.22
5 64 0.02
5 73 1.45
5 26 -6.12
5 97 6.84
5 10 -3.72
6 53 -7.2
6 13 4.16
6 32 -4.95
6 60 -8.78
6 45 -5.79
6 92 -9.72
6 20 5.04
6 51 -8.53
6 21 3.92
6 87 -5.36
6 67 2.57
6 65 9.26
6 85 -6.21
6 66 -0.85
6 40 2.5
6 28 8.63
7 35 -5.46
7 34 -5.96
7 24 -0.97
7 93 2.69
7 25 2.49
7 54 -2.5
7 83 1.1
7 80 1.69
7 18 -8.4
7 99 2.41
7 58 -7.02
7 13 8.23
7 44 3.35
7 26 1.38
7 95 -7.83
7 17 -6.91
7 32 -8.47
7 21 -1.04
7 45 -0.69
7 42 -3.54
7 81 6.53
7 29 -4
8 70 5.7
8 56 9.12
8 36 3.07
8 76 0.1
8 57 8.4
8 69 -7.71
8 90 5.87
8 71 3.76
8 37 -2.1
8 30 2.46
8 98 4.94
8 88 5.71
9 96 2.61
9 33 -7.37
9 55 2.24
9 18 -8.89
9 93 6.94
9 38 4.43
9 41 -7.48
9 72 -5.65
10 80 -3.18
10 40 3.22
10 17 0.53
10 88 8.01
10 12 -1.95
10 35 7.1
10 56 1.46
10 15 -3.78
10 55 -7.31
10 25 7.9
10 86 2.3
10 46 -5.43
10 53 -5.01
10 63 -8.93
10 26 -1.47
10 36 7.83
10 96 -7.5
11 59 -8.83
11 64 -2.03
11 39 6.74
11 61 3.87
11 56 -9.92
11 58 -2.03
11 15 -4.9
11 98 -1.29
11 71 8.82
11 76 1.53
12 35 -9.92
12 98 3.2
12 50 6.22
12 51 6.05
12 33 -7.15
12 26 5.55
12 28 2.89
12 29 1.04
13 80 -7.1
13 33 -4.16
13 17 3.89
13 49 -5.19
13 81 -7.88
13 40 -8.4
13 53 9.49
13 68 -5.79
13 51 5.01
13 31 -3.78
13 74 -4.96
14 30 2.4
14 16 -6.09
14 88 3.13
14 64 8.42
15 35 1.39
15 88 0.81
15 38 -4.9
15 69 -9.27
15 71 -8.6
15 53 -8.59
15 84 2.88
15 77 3.94
15 16 -2.07
16 83 8.99
16 70 9.75
16 68 1.49
16 72 4.17
16 78 -4.8
16 55 4.2
16 79 -2.13
16 86 -3.83
16 38 -2.93
16 76 4.79
17 94 3.61
17 99 0.35
17 68 -5.94
17 73 -1.23
17 29 -8.41
17 27 -2.9
17 70 -7.15
17 20 4.5
17 45 2.31
17 49 -8.04
17 86 9.49
17 67 4.56
17 75 3.85
17 42 -9.01
17 80 -8.79
18 96 -3.57
18 76 -1.21
18 29 5.17
18 60 6.85
18 31 9.94
18 75 7.27
18 98 -9.47
18 39 -9.63
18 47 7.16
18 66 4.54
18 20 7.51
18 97 5.86
18 94 1.79
18 99 -9.8
19 25 5.42
19 43 -7.67
19 68 7.88
19 49 8.04
19 47 -6.06
19 69 9.07
19 74 2.57
19 75 -4.7
19 92 5.76
20 59 -8.37
20 82 -7.51
20 84 -0.54
20 67 4.55
20 50 2.95
20 39 -8.56
21 55 1.13
21 58 -5.35
21 47 -5.91
21 50 -9.55
21 83 -9.07
21 56 2.88
21 34 -1.67
21 24 3.98
21 39 7.52
21 75 -0.69
21 45 7.27
21 79 1.31
22 82 7.01
22 87 2.9
22 71 5.31
22 64 8.25
22 47 -7.85
22 42 -1.45
22 51 3.15
22 32 -8.21
22 25 6.15
22 84 -9.04
22 92 9.57
22 24 2.75
22 97 -5.15
22 79 -9.55
22 93 2.68
22 63 -0.73
22 88 -3.15
22 80 -7.95
22 72 -6.99
23 70 5.51
23 87 8.92
23 96 1.34
23 52 4.25
23 77 -0.15
23 84 5.3
23 38 5.97
23 41 2.59
23 95 8.37
23 24 -1.01
23 58 -6.35
23 64 4.61
23 62 -9.18
23 91 1.12
23 57 -8.78
23 30 2.02
23 74 -3.35
23 48 -5.57
23 82 -0.05
23 31 -1.3
23 29 -7.43
23 36 7.82
23 86 4.68
23 73 -0.69
23 27 6.42
24 89 5.23
24 28 8.72
24 27 -5.78
24 44 -7.64
24 58 3.8
24 70 -4.03
24 42 9.95
24 48 -6.59
24 38 1.62
24 61 -6.2
24 86 -7.59
24 40 5.42
24 94 -9.97
25 94 -0.78
25 87 -5.23
25 31 8.44
25 62 -8.81
25 90 4.94
25 44 8.2
25 55 1.05
25 42 5.81
25 74 4.63
26 27 5.94
26 47 -0.37
26 74 -9.99
26 58 -5.61
26 87 3.41
26 45 3.96
26 75 2.71
26 34 7.49
26 51 -7.14
26 31 -3.83
26 49 -9.07
26 80 7.96
27 76 -5.42
27 38 7.75
27 48 -9.19
27 73 -2.89
27 44 7.89
27 74 8.23
27 65 9.99
27 83 6.8
27 56 -4.32
27 39 4.83
28 78 6.25
28 71 -7.51
28 36 2.99
28 89 5.47
28 64 -5.43
28 48 8.38
28 35 5.09
28 66 -9.36
28 53 1.13
28 44 -3.37
28 80 7.39
28 37 -2.58
28 39 1.22
28 49 -3.5
28 99 8.8
28 98 7.88
28 65 2.69
28 29 -1.53
28 86 -7.21
28 82 3.63
29 47 5.76
29 36 4.79
29 85 -9.6
29 50 -3.33
29 57 5.36
29 55 -9.52
29 74 0.01
29 64 6.45
29 69 -4.73
29 45 -2.97
29 35 2.53
30 39 -4.23
30 82 -1.36
30 91 0.66
30 76 7.3
30 48 -3.34
31 77 -9.22
31 52 8.75
31 71 2.17
31 89 -1.86
31 49 -8.4
31 74 5.63
31 69 -5.68
31 45 7.49
31 48 4.54
31 56 -6.19
31 34 1.48
31 57 -4.87
31 97 -5.37
31 66 -9.02
31 80 -4.41
31 58 -1.76
31 75 -4.16
31 60 0.96
31 87 6.03
31 50 -3.64
31 39 8.87
31 59 -0.55
31 90 -9.17
32 71 -9.72
32 54 5.94
32 36 -4.03
32 78 6.84
32 95 -9.54
33 90 4.3
33 72 -4.05
33 88 -7.31
33 97 -2.83
33 84 -7.37
33 39 6.36
33 56 -3.07
34 97 8.65
34 37 -6.94
34 62 7.9
34 83 6.45
34 77 3.44
34 90 8.99
34 36 1.89
34 69 -6.05
34 79 -2.9
34 47 3.83
34 56 9.65
34 93 -5.29
34 46 -3.47
34 68 -6.62
34 70 8.46
34 88 3.01
35 76 -8.72
35 89 -3.17
35 97 -9.59
35 79 0.81
35 46 5.55
35 82 5.2
35 93 -1.53
35 98 -1.24
35 50 -4.62
35 59 9.64
35 45 -8.58
36 58 -3.25
36 74 -8.99
36 81 -8.63
36 69 5.74
36 70 -4.75
36 46 1.25
36 91 -7.87
36 80 -3.33
36 96 3.88
36 50 7.37
36 54 2.37
36 68 -6.12
37 60 -5.22
37 38 5.9
38 89 4.55
38 66 2.09
38 42 3.36
38 47 7.91
38 51 3.3
38 80 -2.89
38 58 -5.6
38 59 4.18
38 94 6.38
39 52 8.71
39 91 4.94
39 51 6.6
39 70 5.68
39 60 3.78
39 64 -7.97
39 99 3.75
39 58 -5.43
39 92 5.26
40 53 1.31
40 84 7.57
40 94 -1.73
40 57 8.9
40 55 2.32
40 62 -1.56
41 70 -1.72
41 44 6.17
41 69 -2.11
41 98 6.48
41 42 -6.05
42 46 -1.34
42 85 -2.31
42 76 -3.26
42 84 0.18
42 82 5.53
42 95 -5.85
42 65 -0.57
42 60 -8.42
42 49 -4.39
42 66 9.89
43 82 -4.71
43 54 5.41
43 50 -2.61
43 59 -5.55
43 98 -3.79
43 70 6.83
43 51 4.48
44 83 5.06
44 99 -2.81
45 46 -6.24
45 59 -5.42
45 79 -3.17
45 58 -5.89
45 70 -8.7
45 87 6.18
45 88 -0.36
45 62 -5.03
45 65 -4.01
46 70 5.9
46 65 -4.21
46 66 0.35
46 67 8.42
46 91 6.52
46 86 -2.33
46 71 -1.37
47 49 -9.9
47 69 5.1
47 53 -1.54
47 66 6.48
47 52 -0.01
47 94 9.42
47 51 -8.67
47 79 -6.15
47 95 1.87
47 74 3.59
47 77 8.57
48 87 -8.77
48 64 7.85
48 83 -2.37
48 91 7.75
48 68 3.49
48 60 0.55
48 75 -0.27
48 58 -4.43
49 59 5.26
49 53 -5.78
49 93 7.63
49 82 -7.11
49 76 5.67
50 71 -1.34
50 52 -6.52
50 56 4.19
50 82 4.86
50 75 -8.36
50 74 0.66
50 81 -3.91
51 65 -4.97
51 67 -4.63
51 84 -7.57
51 81 -0.58
51 74 6.22
52 58 1.09
52 65 8.93
52 72 -0.98
52 83 -2.7
52 97 -7.55
52 71 -4.41
52 84 -2.62
52 88 -1.16
52 74 6.73
52 89 -7.82
52 82 -4.88
53 71 -7.34
53 68 6.13
53 57 -3.74
54 77 9.11
54 87 -9.76
54 97 1.85
54 57 0.7
54 68 -5.51
54 67 -8.06
54 79 -3.3
55 89 -4.2
55 67 -0.44
55 72 -0.8
55 73 8.44
55 57 -7.03
55 60 -7.96
55 76 -0.19
55 83 -1.63
55 95 6.61
55 92 0.4
55 97 4.51
55 84 -4.53
55 61 -7.52
55 63 -4.42
56 93 -3.63
56 76 3.97
56 67 -8.88
56 84 -3.59
56 65 -2.63
56 74 -5.28
56 63 5.12
57 83 -3.25
57 93 4.01
57 84 -2.39
57 65 1.84
57 59 3.43
57 89 1.45
57 86 -9.99
57 66 5.88
57 87 -4.07
57 76 -7.97
57 77 3.36
57 60 3.41
58 86 1.39
58 62 -4.66
58 67 -0.24
58 72 2.26
58 88 9.97
58 85 -5.59
58 63 -7.09
58 99 2.84
58 96 3.01
58 71 4.64
58 87 7.86
58 75 2.32
58 70 -6.97
58 78 2.29
58 64 -8.73
58 76 -0.24
58 93 1.57
59 67 4.99
59 74 9.94
59 98 -7.84
59 78 -4.61
59 72 -4.78
59 84 7.58
60 99 9.29
60 65 4.46
60 66 7.88
60 77 0.63
60 68 -9.7
60 88 7.79
61 73 -4.67
61 70 -9.02
62 99 4.8
62 96 3.6
63 80 -7.18
63 90 3.26
63 97 7.23
64 81 -6.96
64 75 -4.74
64 79 6.68
64 95 -1.03
64 65 4.17
64 97 4.94
65 91 -7.65
65 73 8.95
65 90 -5.69
65 75 -5.89
66 75 -2.51
66 76 8.82
66 95 -2.23
66 77 2.56
66 67 2.54
66 89 3.37
66 91 -7.21
66 98 7.13
67 96 8.34
67 77 -0.06
67 68 -7.81
67 79 9.22
67 81 -8.14
67 93 5.81
67 84 1.28
67 95 9.82
67 91 8.01
68 85 -0.41
68 97 -2.32
68 88 -2.75
69 94 -1.31
69 72 -4.69
69 71 -3.48
69 91 5.04
69 70 3.92
69 92 -4.55
69 87 -3.06
69 79 6.3
69 93 2.65
70 75 -6.32
70 81 7.24
70 74 6.4
70 86 -2.03
71 93 -4.45
71 78 9.04
71 95 -9.05
71 94 5.85
72 75 8.29
72 83 -3.56
72 86 -5.09
73 82 1.54
73 95 -6.18
73 77 -3.82
73 94 4.38
73 88 -2.63
73 83 -9.46
73 89 -7.11
73 84 4.81
74 88 3.21
74 97 -8.57
74 79 5.44
74 90 -3.9
74 95 -6.26
74 86 0.22
74 99 4.15
75 89 4.61
75 81 -0.03
75 93 -0.87
75 97 5.49
75 76 -4.23
75 98 -3.25
75 77 9.26
75 86 -8.64
75 82 4.69
75 92 7.56
75 95 -5.89
75 99 6.69
75 87 -1.14
76 82 -3.99
76 95 3.37
76 93 7.44
76 99 1.7
76 87 3.64
77 99 0.29
77 90 1.53
77 94 2.06
77 89 5.77
77 80 -7.61
77 78 -1.64
78 81 -3.66
78 99 -0.19
78 82 -2.05
78 94 4.13
79 84 -6.09
79 88 8.12
79 90 5.98
79 96 -6.06
80 88 6.5
80 82 2.37
80 97 9.65
81 91 9.01
81 98 0.2
81 93 -6.61
81 97 1.13
81 99 10
81 92 0.5
82 93 1.02
82 88 8.66
82 90 -7.39
83 87 -8.7
83 86 -8.5
83 97 -5.4
83 95 -2.91
83 84 6.54
83 85 8.68
83 88 1.69
84 90 2.53
84 85 5.21
84 92 -1.61
84 95 -9.56
85 91 -3.66
86 94 -0.12
86 90 0.44
86 88 -1.64
86 97 -5.43
87 91 -2.89
87 95 -9.6
87 90 5.53
87 99 2.28
88 93 3.95
88 91 4.63
88 97 0.19
89 98 7.23
89 92 3.83
89 99 -1.5
91 96 -3.53
91 95 -9.7
91 97 -3.99
92 95 -9.98
92 98 0.97
92 94 -8.48
93 94 -2.33
94 96 8.3
94 99 -5.01
94 95 4.27
95 99 -3.06
96 98 8.84
98 99 -5.95
