0 19 -6.14
0 18 -0.41
0 4 6.46
0 6 7.18
0 13 -3.92
0 11 -7.06
1 8 -7.62
1 6 -2.45
1 16 2.03
1 13 3.26
1 2 -8.86
2 3 0.39
3 7 9.12
3 13 -7.16
3 19 7.24
3 15 6.87
3 9 2.23
3 17 6.8
3 16 -8.15
3 6 -9.83
3 4 -4.55
4 16 4.53
4 14 4.87
4 11 8.98
4 13 1.98
4 9 1.45
4 6 -5.5
4 18 0.34
4 7 3.14
4 17 3.99
4 8 8.99
5 11 -8.6
5 6 -6.94
5 8 1.64
5 15 -0.5
6 8 -1.89
6 14 3.64
6 15 -0.5
7 10 -9.3
7 12 -1.48
7 11 8.43
7 17 -0.57
7 13 -4.57
8 19 1.34
8 18 6.79
8 10 7.8
8 16 -8.99
8 12 2.53
8 13 6.84
9 10 -3.72
9 14 -3.28
9 11 6.69
9 18 4.94
10 19 -8.78
10 13 -5.79
10 12 -9.72
11 12 3.72
11 17 -1.27
12 14 -1.27
13 17 2.57
13 15 9.26
13 16 -3.28
14 19 9.96
15 17 -1.25
15 19 7.89
15 16 5.38
16 19 -0.68
16 18 6.57
17 18 -2.5
18 19 8.1
