0 15 104.05
0 6 216.73
0 12 180.46
0 7 194.71
0 13 176.06
0 10 125.54
1 3 132.92
1 9 248.79
1 19 100.29
1 12 190.44
1 14 109.15
1 16 109.98
1 7 187.97
2 15 157.47
2 14 116.93
2 19 98.52
2 4 84.56
3 10 27.22
3 4 122.71
3 15 99.84
3 13 77.81
4 19 42.46
4 15 176.52
4 5 167.57
5 11 32.51
5 10 115.02
5 13 152.22
5 14 129.43
5 18 108.54
6 16 102.86
6 18 155.59
6 11 179.36
6 13 99.09
7 13 85.7
7 11 165.37
7 15 177.73
7 18 130.65
8 16 99.41
8 17 141.04
8 19 56.7
9 12 118.94
9 18 107.64
9 13 54.33
9 16 163.64
9 15 206.31
9 19 233.77
10 16 30.4
10 12 60.58
10 13 73.65
10 19 131.51
11 18 90.27
12 16 82.73
12 18 51.86
13 14 171.27
13 16 113.94
13 17 47.81
13 19 165.74
14 18 171.24
14 19 49.49
14 17 132.63
15 17 132.2
15 19 156.84
16 19 125.76
17 18 45.48
18 19 186.28
