0 34 60.3
0 2 116.53
0 10 210.49
0 17 135.76
0 45 66.47
0 39 141.2
0 1 141.14
0 23 77.07
0 19 154.56
0 20 165.34
0 25 175.91
0 49 62.26
0 14 131.4
1 22 83.19
1 29 148.15
1 25 66.64
1 28 138.46
1 27 173.87
1 48 176.54
1 17 108.97
1 26 132.54
1 16 206.23
1 32 232.19
1 10 169.4
1 36 91.37
2 46 170.38
3 37 162.79
3 20 38.17
3 26 107.89
3 49 173.04
3 11 129.12
3 15 161.08
3 32 155.02
3 22 163.98
3 17 178.2
3 14 69.76
3 46 89.8
4 19 216.62
4 38 118.89
4 16 254.27
4 17 51.4
4 42 96.96
4 40 74.47
4 39 93.85
4 5 65.41
4 20 236.32
4 10 214.56
4 13 155.96
4 37 119.81
5 6 82.89
5 24 95.51
5 17 72.63
5 19 155.98
6 16 192.94
6 37 93.5
6 15 133.32
7 43 97.04
7 18 66.38
7 49 116.07
7 31 57.86
7 39 88.11
8 20 185.6
8 11 115.86
8 16 205.23
8 36 145.69
9 34 133.93
9 47 138.01
9 49 54.91
9 21 117.74
9 23 152.12
9 31 141.56
9 22 150.64
9 30 161.85
10 41 112.52
10 28 187.64
10 26 65.72
10 27 265.22
10 36 175.99
10 15 201.89
10 16 138.46
10 24 218.33
11 14 125.12
11 29 112.65
11 27 93.54
11 46 125.66
11 48 167.71
11 36 77.45
12 15 100.45
12 38 126.83
12 35 179.84
12 40 127.82
12 32 101.54
12 31 61.97
13 49 228.04
13 39 76.34
13 27 221.9
13 23 189.24
14 30 103.13
14 28 93.26
14 19 89.47
15 38 63.98
15 28 112.75
15 17 152.49
15 32 82.94
15 48 160.93
15 27 124.93
15 37 203.63
15 23 197.2
15 30 174.88
16 17 235.63
16 35 190.44
17 49 107.53
17 30 171.55
17 25 150.44
17 31 146.28
17 44 130.22
17 33 161.93
17 41 188.87
17 20 224.4
17 40 75.94
17 48 177.97
17 21 52.57
18 32 147.47
18 22 133.22
18 28 51.73
18 23 135.6
18 21 104.22
18 49 61.49
18 33 118.13
18 19 149.39
18 31 108.94
18 42 121.77
18 34 139.29
18 44 129.97
18 36 135.52
18 35 85.55
19 42 200.52
20 25 133.67
20 39 142.33
20 35 185.44
20 32 178.11
20 43 46.42
21 40 63.15
21 34 214.84
21 23 198.93
21 38 132.59
21 25 122.82
22 46 93.86
22 45 133.25
22 24 163.99
22 27 147.98
23 29 154.91
23 35 124.52
23 33 68.71
23 28 123.96
23 25 163.17
23 41 181.96
23 44 173.82
23 48 76.49
23 40 152.08
24 43 151.46
24 40 96.47
24 35 115.37
24 41 152.66
24 27 80.25
24 33 110.71
24 37 100.65
24 25 178.76
24 38 64.66
24 49 59.36
25 34 176.64
25 27 200.12
25 44 75.7
26 32 213.68
26 40 121.14
26 38 175.81
26 33 121
26 35 186.35
27 47 178.29
27 32 175.79
27 46 200.5
27 33 187.1
27 31 142.74
27 48 192.91
28 29 67.32
28 49 82.57
28 31 58.14
28 47 164.21
28 30 132.06
28 33 78.49
29 30 184.26
29 41 210.99
29 45 77.19
29 40 116.01
29 46 199
30 34 159.61
30 42 68.23
31 37 148.24
31 43 116.75
31 40 103.2
31 42 158.4
31 45 123.6
31 33 57.94
31 41 95.88
31 34 129.6
31 38 68.05
31 48 68.58
31 44 136.78
32 39 204.42
33 34 90.11
33 36 162.23
33 42 130.15
33 47 168.22
33 40 101.89
33 49 131.89
34 37 117.67
34 40 145.95
34 47 202.73
34 41 195.58
34 48 74.43
34 42 189.63
35 48 144
35 49 108.81
35 45 35.34
35 44 144.98
36 39 51.08
37 41 212.06
37 45 32.92
37 48 138.67
37 42 158.45
37 46 196.44
38 42 144.34
38 43 160.23
38 41 129.08
38 47 175.55
39 43 123.4
40 48 154.26
41 49 217.31
41 46 82.43
42 43 133.25
42 44 34.67
42 48 188.1
42 46 80.94
43 45 124.29
43 44 126.87
43 47 146.82
44 46 66.69
44 45 132.78
44 49 191.57
44 47 92.09
45 49 86.64
45 47 118.53
46 48 176.24
46 49 209.87
47 49 194.86
