0 48 174.64
0 47 114.67
0 37 165.34
0 49 150.61
0 2 172.13
0 45 106.72
0 12 181.72
0 21 82.8
1 38 271.37
1 13 214.62
1 17 89.24
1 11 121.37
1 29 113.13
1 18 118.43
1 35 92.99
1 39 174.85
2 47 120.83
2 10 160.94
2 37 106.08
2 22 196.85
2 36 149.42
2 40 48.25
2 6 201.42
2 13 66.63
2 28 147.27
2 48 150.07
3 11 179.23
3 48 90.54
3 31 107.98
3 29 46.9
4 19 166.68
4 37 160.55
4 44 45.62
4 31 104.24
4 11 99.18
5 39 51.73
5 8 164.62
5 19 195.28
5 24 105.15
5 23 167.69
6 7 168.29
6 15 149.9
6 29 97.35
7 46 28.97
7 38 181.29
7 15 183.49
7 24 184.09
7 43 110.62
7 22 212.62
7 40 129.17
8 44 120.74
8 43 206.72
8 46 234.34
8 26 162.87
8 16 195.1
8 40 183.89
8 29 168.59
8 41 208.7
8 14 168.26
8 11 33.93
8 24 192.42
9 45 137.48
9 37 78.56
9 32 141.34
9 26 167.57
9 35 73.58
9 34 174.72
9 13 154.42
10 14 106.58
10 22 78.65
10 33 74.02
10 26 103.69
10 37 200.34
10 12 130.89
11 30 131.65
11 36 177.73
11 23 206.78
11 28 84.31
11 41 191.43
11 12 153.39
11 46 220.59
11 49 113.47
11 40 157.62
12 22 192.96
12 18 105.1
12 28 137.66
12 29 169.77
12 35 127.96
12 47 116.14
12 46 158.74
12 32 141.2
12 21 196.27
12 14 74.85
13 41 143.33
13 35 137.57
13 27 66.6
13 34 200.41
13 22 185.65
13 44 213.78
13 19 95.83
13 31 187.66
13 36 107.04
13 18 124.52
13 48 192.23
13 30 230.16
14 15 99.29
14 19 61.88
14 47 88.09
14 35 101.64
14 28 113.03
14 41 101.46
14 16 49.33
14 39 115.18
15 33 63.01
15 19 131.59
15 24 154.13
16 28 148.72
16 40 87.56
16 27 151.54
16 49 96.08
16 23 127.54
16 35 113.36
16 17 152.8
16 39 147.49
16 34 167.9
16 46 65.67
16 32 99.59
16 45 164.64
16 31 116.74
17 33 147.49
17 39 98.87
17 49 113.78
17 48 171.79
17 45 46.32
17 27 200.63
17 21 21.39
17 35 72.89
17 46 180.29
18 49 81.14
18 29 160.13
18 26 177.62
18 38 174.47
18 36 150.86
18 25 106.79
18 23 189.94
18 24 166.88
18 28 112.34
18 47 148.46
18 42 83.32
18 35 87.1
18 33 86.77
19 46 82.86
19 38 173.23
19 30 245.22
20 27 224
20 21 23.46
21 45 78.03
21 31 125.07
21 44 106.65
21 34 77.05
21 43 174.7
21 29 96.91
21 48 166.95
21 26 121.19
21 35 98.34
21 22 139.96
22 44 59.53
22 37 209.94
22 49 178.04
22 39 54.47
23 42 168.81
23 38 216.65
23 25 184.88
23 33 182.77
23 40 180.42
24 35 187.56
24 27 130.4
24 25 124.89
24 45 171.45
24 31 137.72
24 46 162.86
24 34 134.67
24 47 48.24
24 44 142.55
25 33 110.39
25 36 166.22
25 48 230.7
25 49 161.78
25 34 42.66
25 32 131.15
25 27 140.86
26 36 177.71
26 38 129.55
26 32 83.68
26 39 52.54
27 43 154.03
27 38 113.33
27 34 181.69
27 30 205.41
27 29 209.74
27 49 140.45
27 44 201.43
27 33 49.23
27 31 199.41
27 37 215.47
27 48 237.15
28 30 101.34
28 40 156.02
29 45 124.67
29 47 188.23
29 36 239.82
29 41 165.8
29 34 162.65
29 30 200.56
29 46 107.42
30 49 209.95
30 47 149.28
30 46 213.08
30 44 27.97
30 31 157.36
31 38 152.26
31 41 67.48
32 34 133.09
32 48 131.31
32 41 15.01
32 44 133.33
32 47 47.85
33 35 100.38
33 47 66.03
33 42 80.35
33 45 116.86
33 44 167.58
33 48 188.27
33 40 72.07
33 46 150.37
33 43 121.26
34 37 200.26
34 48 215.1
34 47 121.45
34 36 184.39
34 49 156.85
35 49 45.87
35 37 142.75
35 38 190.45
35 40 119.12
35 44 146.03
35 42 93.89
36 45 200.62
36 41 153.67
36 46 204.51
36 39 151.27
36 38 79.45
36 48 250.31
37 49 150.8
37 39 168.8
37 38 188.37
37 40 155.35
37 42 167.93
38 48 208.32
39 40 179.41
39 44 51.18
39 49 142.8
39 41 110.34
39 45 92.66
40 49 94
40 46 152.18
40 44 228.7
40 43 141.12
40 42 139.12
40 45 166.37
40 48 192.92
40 47 133.37
41 44 136.6
41 47 76.31
41 43 13.16
42 46 176.72
42 43 125.39
42 49 121.8
42 47 94.92
43 45 167.49
43 48 125.09
43 46 87.7
44 48 210.23
44 46 180.56
45 46 183.91
45 47 147.93
45 48 210.4
46 47 141.28
47 48 180.63
48 49 172.27
