0 15 96.55
0 56 149.94
0 35 184.28
0 81 23.2
0 12 101.51
0 69 152.6
1 33 32.59
1 24 144.63
1 14 106.62
1 65 114.06
1 27 153.06
1 87 101.03
1 30 83.7
1 55 164.39
1 58 156.19
1 53 127
2 20 194.25
2 37 106.72
2 62 128.84
2 93 130.01
2 12 151.42
2 43 223.82
2 57 197.3
2 96 166.47
2 80 83.53
2 94 264.2
3 22 81.45
4 79 152.89
4 92 224.84
4 90 127.06
4 82 147.54
4 36 104.24
4 24 170.56
4 64 230.68
4 56 204.76
4 83 142.13
4 93 191.24
4 88 137.6
4 26 151.24
4 68 160.28
4 12 131.83
4 10 130.04
4 21 134.22
5 6 111.24
5 25 56.28
5 8 125.06
5 9 68.85
5 94 121.04
5 37 33.44
5 12 48.61
5 92 116.23
5 72 89.45
5 63 124.21
5 80 125.22
5 93 85.76
6 85 181.15
6 26 159.29
6 24 166.3
6 12 131.58
6 51 99.33
6 57 166.82
6 13 115.22
6 92 213.52
6 94 99.67
6 41 64.99
6 97 87.76
6 96 81.51
6 63 214.63
6 77 124.98
6 71 67.61
6 46 179.06
6 72 109.96
6 56 219.42
6 98 114.52
6 37 134.42
6 54 135.17
6 47 106.95
7 13 197.29
7 83 190.55
7 98 228.59
7 99 64.83
7 24 58.71
7 88 118.2
7 94 153.35
7 86 73.09
7 33 192.89
7 81 163.41
8 44 65.48
8 38 190.19
8 18 90.35
8 98 167.19
8 85 132.6
8 65 219.31
8 93 66.89
8 13 157.44
8 48 67.79
8 25 158.97
8 40 149.79
8 36 189.79
8 22 121.68
8 68 76.86
9 36 64.35
9 68 124.91
10 85 91.06
10 41 55.67
10 51 146.24
10 75 64.9
10 56 135.1
10 60 52.59
10 66 63.49
10 49 122.84
10 34 140.47
10 13 157.19
11 75 172.64
11 22 133.92
11 68 99.43
11 51 160.07
11 76 65.55
11 79 170.85
12 43 101.6
12 16 33.42
12 73 91.68
12 51 129.3
12 65 166.92
12 57 77.42
12 94 139.47
12 88 106.95
13 85 184.93
13 35 117.84
13 65 187.26
13 20 248.71
13 19 124.27
13 89 131.26
13 46 93.94
13 73 182.65
13 49 179.35
13 84 119.56
14 79 160.05
14 77 68.75
14 97 55.62
14 93 118.86
14 45 125.54
14 34 101.06
14 35 63.31
14 44 157.55
14 22 24.37
14 49 104.7
14 54 90.82
14 32 117.63
14 29 103.68
15 88 67.9
15 81 110.8
15 83 83.14
15 43 83.13
16 82 105.45
16 61 115.69
16 33 135.94
16 95 80
16 75 125.99
16 52 91.1
16 45 82.01
16 51 105.74
16 32 139.04
16 20 131.89
16 84 137.09
16 44 109.41
16 91 166.73
16 77 125.04
17 80 57.47
17 31 168.57
17 58 124.08
17 25 163.13
17 84 144.22
17 19 131.83
17 41 172.54
17 29 136.49
17 40 210.57
17 63 207.11
17 45 172.67
17 67 121.42
17 83 195.61
17 26 81.52
17 70 152.26
17 33 219.97
17 43 176.08
17 96 157.82
18 60 88.53
18 38 90.6
18 68 95.06
18 19 103.34
18 39 92.04
18 41 102.78
18 90 195.44
18 55 137.41
18 79 46.17
18 42 95.3
18 82 200.4
18 28 177
18 96 170.01
19 75 135.46
19 72 117.96
19 88 130.49
19 53 152.21
19 28 70.5
19 39 107.36
19 99 89.03
19 24 107.62
19 95 119.11
19 59 171.44
19 94 175.59
19 29 44.96
19 80 128.91
20 62 215.83
21 35 119.9
21 30 81.2
21 61 103.98
21 43 54.01
21 83 106.82
21 50 168.76
21 36 119.98
21 49 56.02
21 42 30.09
21 57 64.29
22 81 111.78
22 26 151.19
22 57 138.65
22 78 139.81
22 68 49.79
22 93 94.63
22 76 76.55
23 30 158.8
23 68 148.37
23 85 131.72
23 91 212.45
23 39 231.17
23 50 184.1
23 46 237.89
23 67 163.7
23 82 53.92
23 90 145.34
23 56 153.21
24 52 115.88
24 75 130.74
24 99 40.95
24 54 79.26
24 56 41.85
24 28 156.48
24 50 214.92
24 77 178.48
24 36 156.65
24 80 178.75
24 45 67.84
24 95 63.95
24 53 53.96
24 69 76.57
24 29 78.43
24 34 109.63
24 87 107.73
24 59 182.55
25 74 57.57
25 93 119.58
25 39 117.29
25 51 70.17
25 94 88.22
25 61 170.3
25 33 119.39
25 59 75.15
25 42 99.05
25 62 135.92
25 54 87.38
25 57 110.58
25 82 152.44
25 87 48.78
25 78 157.29
25 43 110.16
25 44 152.31
25 76 135.91
25 81 156.03
25 55 97.68
25 35 61.9
26 61 146.16
26 66 76.57
26 29 138.04
26 95 108.94
26 74 154.09
26 87 115.19
26 51 180.74
26 33 219.71
27 62 95.64
27 32 176.25
27 48 157.4
27 94 182.92
27 73 183.26
27 61 144.01
27 78 177.62
27 63 142.37
27 53 203.01
28 50 72.31
28 75 183.4
28 97 89.97
28 51 112.04
28 93 102.75
28 71 158.73
28 87 83.52
29 57 73.22
29 77 110.13
29 35 148.11
29 91 191.22
29 38 149.31
29 90 171.12
29 69 116.29
29 53 108.26
29 67 46.08
29 94 134.17
29 48 31.86
29 44 51.62
29 39 110.1
30 93 68.77
30 83 58.71
30 70 158.48
30 36 103.84
30 33 68.18
30 75 101.37
30 98 90.49
30 86 114.83
30 89 72.69
30 56 180.9
31 86 165.49
31 83 100.66
31 43 140.02
31 39 60.55
31 92 75.5
32 93 214.97
32 96 74.54
32 74 50.76
32 78 256.11
32 82 139.78
32 51 142.19
33 40 81.04
33 45 88.74
33 34 133.88
33 47 126.31
33 58 143.64
33 72 160.16
33 66 166.08
33 84 200.99
33 52 137.54
33 39 28.08
33 41 133.13
33 44 145.62
33 49 170.14
33 93 121.13
33 91 162.36
33 43 105.26
33 96 162.74
33 73 163.01
34 62 53.32
35 77 114.25
35 90 73.31
35 68 140.72
35 72 85.01
35 57 160.78
35 73 111.36
35 71 57.02
35 87 93.21
35 98 148.27
35 85 170.28
36 53 170.51
36 79 166.71
36 77 114.65
37 61 91.82
37 81 103.51
37 40 138.87
37 73 116.3
37 49 71.61
37 90 111.91
37 47 78.65
37 65 180.85
37 95 108.03
37 67 88.44
37 88 129.85
37 97 48.23
38 52 45.99
38 50 231.41
38 85 127.5
38 91 224.48
38 78 169.71
38 49 140.88
38 75 87.54
39 71 194.21
39 77 67.06
39 86 184.65
39 52 165.78
39 76 100.11
39 65 172.29
39 82 258.66
39 96 172.32
39 48 89.96
39 59 181.34
39 88 123.22
39 68 104.44
39 61 153.99
39 79 138.24
39 95 140.92
40 99 148.6
40 62 162.36
40 63 143.64
40 66 101.71
40 65 61.09
40 81 183.38
40 96 143.67
41 61 185.75
41 88 77.88
41 70 77.12
41 82 143.16
41 73 60.29
41 81 191.24
41 53 69.68
41 71 137.72
41 91 196.78
42 90 158.7
42 53 76.54
42 45 65.35
42 51 147.51
42 47 52.42
42 62 133.34
42 67 66.28
42 96 158.23
42 91 218.67
42 93 71.8
42 61 110.74
42 48 88.23
42 58 84.78
42 60 127.18
42 66 56.84
42 70 120.26
42 85 43.12
43 95 36.77
43 70 159.13
43 61 130.72
43 81 139.82
43 59 172.96
43 78 84.61
43 83 156.57
43 49 111.22
43 96 193.12
43 97 110.12
43 98 151.77
44 63 111.04
44 83 176.03
44 45 89
44 46 129.47
45 54 91.38
45 72 102.03
45 74 162.32
45 77 142.67
45 78 66.57
45 50 212.33
45 79 39.41
45 53 52.27
45 93 84.15
46 98 101.6
46 83 101.03
46 47 150.34
46 49 171.21
46 87 115.7
46 53 189.02
46 60 179.34
46 50 168.18
47 95 47.28
47 54 61.07
47 53 61.44
47 89 88.53
47 84 181.56
47 86 53.1
47 82 133.96
48 92 125.31
48 57 90.91
48 83 118.52
48 60 114.55
48 58 93.13
48 75 77.72
48 54 127.15
48 56 125.65
48 86 136.49
48 49 109.62
48 61 111.11
49 85 61.35
49 53 104.4
49 61 106.69
50 77 124.27
50 81 156.46
50 60 230.31
51 94 125.83
51 76 103.76
51 80 180.06
51 85 166.86
51 56 227.75
51 79 163.6
51 60 143.81
51 64 148.15
51 98 59.27
51 54 129.62
51 82 186.15
51 99 161.84
51 81 167.31
51 68 106.23
51 62 109.23
51 92 144.57
51 71 111.64
51 58 174.83
51 97 85.73
51 67 157.89
52 62 187.03
52 56 154.81
52 94 57.47
52 72 97.68
52 83 129.53
52 60 59.89
52 66 68.3
52 86 82.77
52 93 165.99
52 84 218.64
52 67 167.27
52 80 212.08
52 99 155.37
52 63 196.46
52 85 131.06
52 96 122.52
52 69 102.96
53 78 113.05
53 94 86.12
53 99 99.8
53 77 171.29
53 60 107.51
53 82 156.4
53 88 49.13
53 95 27.5
53 68 120.34
53 71 217.33
53 66 57.42
53 57 33.66
53 93 133.61
53 76 183.11
53 61 157.13
53 98 185.91
53 67 94.93
54 72 25.37
54 64 155.13
54 67 88.88
54 71 158.33
55 71 180.62
55 75 166.72
55 77 175.69
56 61 133.67
56 74 221.62
56 70 167.26
56 81 153.22
56 68 153.69
56 86 125.64
56 91 303.04
57 65 140.15
57 83 160.82
57 95 36.98
57 87 93.97
57 97 85.56
57 66 48.07
58 72 137.09
58 61 30.93
58 65 219.66
58 99 74.63
58 73 155.67
58 88 125.11
59 73 130.91
59 72 118.58
59 92 208.91
59 69 111.77
59 98 140.76
59 62 197.19
59 67 191.65
59 61 204.61
59 85 189.39
59 83 107.12
60 79 80.89
60 91 201.01
60 77 144.89
60 70 147.27
61 98 199.79
61 97 124.24
62 64 42.64
62 87 95.91
62 71 205.04
62 74 169.35
62 96 159.3
63 85 155.05
64 71 246.32
64 82 243.83
64 87 111.18
64 84 179.11
64 92 86.64
65 91 236.26
65 90 205.06
65 83 172.58
65 94 42.94
65 99 183.34
65 76 226.08
65 85 151.64
65 70 141.37
66 81 168.79
66 68 105.08
66 99 76.88
66 72 47.24
66 84 196.62
67 77 163.1
67 93 43.07
68 87 45.24
68 82 161.01
68 90 136.05
68 86 101.21
68 80 135.43
68 70 153.98
68 69 114.97
68 76 64.54
68 81 65.03
69 85 92.84
70 95 132.33
70 85 145.12
70 73 84.22
70 92 221.25
70 99 138.76
70 83 170.19
70 72 62.61
70 81 228.32
70 80 169.54
70 76 201.11
70 96 94.62
71 98 162.14
72 89 122.56
72 85 91.82
72 79 120.86
72 77 150.16
73 88 83.12
73 87 100.71
74 97 86.82
74 94 142.84
75 82 233.84
75 94 52.65
75 93 136.35
75 91 206.08
75 89 46.96
75 83 111.64
75 90 193.13
76 84 98.41
76 89 127.08
76 88 157.21
77 83 14.05
77 95 154.04
77 82 219.69
77 89 108.83
78 92 124.46
78 97 130.81
78 85 83.73
78 91 243.38
78 99 98.88
78 96 220.73
78 82 232.23
78 84 216.78
78 95 99.67
78 79 110.13
78 90 225.35
79 85 77.35
79 82 189.13
79 95 36.17
79 89 71.21
79 98 160.09
79 88 19.49
80 90 160.38
80 96 166.78
80 93 144.51
80 91 205.96
80 98 244.69
80 86 143.35
80 82 123.39
80 84 107.45
80 89 195.27
80 99 116.73
80 87 143.44
80 83 199.66
80 94 260.28
81 97 137.53
81 82 194.14
81 98 173.37
82 83 202.95
82 84 181.61
82 89 206.31
82 88 185.68
82 95 167.6
82 94 200.47
82 87 146.2
82 99 129.85
82 85 153.15
82 92 186.25
82 86 77.3
83 89 99.68
83 88 136.7
83 93 138.65
84 85 210.28
84 96 121.84
84 92 103.74
84 97 134.68
84 86 173.16
85 94 129.58
85 87 107.87
85 91 244.9
85 97 98.96
85 88 80.44
85 96 184.21
86 95 87.61
86 89 122.71
86 96 103.43
86 98 166.97
86 91 192.21
86 88 101.82
86 87 66.3
87 92 103.71
87 94 121.79
87 97 32.26
87 88 81.26
87 96 91.73
87 95 89.62
87 91 150.12
88 98 151.7
88 94 76.06
88 95 26.02
88 90 185.11
89 92 132.39
89 96 162.12
89 99 110.78
90 95 174.24
91 93 195.92
92 98 173.22
92 95 163.53
92 96 169.59
93 96 161.84
94 99 173.84
94 98 131.8
94 96 158.41
94 95 74.37
95 96 156.93
96 98 139.58
96 97 87.49
97 99 89.88
97 98 134.35
