0 134 2.7
0 174 1.6
0 118 6.81
0 163 0
0 157 9.23
0 199 0
0 175 0
1 165 6.66
1 8 0
1 14 0
1 190 0.3
1 55 1.89
1 49 0
1 159 4.58
1 93 0
1 67 0
1 16 0
1 181 2.21
1 150 0
1 60 0
1 112 3.92
1 12 0
1 11 0
1 106 0
2 121 6.37
2 133 0
2 77 8.92
2 54 3.08
2 17 0
2 18 0
2 138 0
2 52 3.66
2 194 7.89
2 19 0
2 160 0
2 90 0
3 31 0
3 108 5.76
3 107 0
3 167 5.65
3 39 6.15
3 190 2.57
3 127 8.39
3 88 6.61
3 188 0
3 55 7.28
3 141 0
3 156 5.26
3 160 3.08
3 151 7.28
3 166 0.45
3 96 3.21
3 23 0
3 20 6.88
3 30 0
3 54 0
3 164 0
3 84 2.48
3 4 0
4 90 0
4 29 0
4 101 0
4 125 0
4 187 0
4 133 0
4 57 9.72
4 22 0
4 88 0
4 94 3.34
4 172 2.69
4 197 8.83
4 188 0
4 198 7.13
4 46 0
4 120 0
4 91 0
4 105 5.89
4 122 0
4 199 0
4 13 0
4 107 5.41
4 159 3.83
4 30 8.63
4 103 0
5 21 0
5 169 0
5 188 0
5 92 0
5 197 0
5 108 8.9
5 50 0
5 71 0
5 112 7.76
5 181 0
5 59 0
5 128 0.81
5 121 2.13
5 115 9.64
5 194 0
5 114 0
5 54 0
5 44 7.68
5 94 5.15
5 88 0
5 41 8.65
6 101 5.16
6 53 0
6 25 0
6 8 0.78
6 86 0
6 35 5.2
6 112 0
6 166 0
6 90 4.48
6 181 0
6 99 0.33
6 153 2.18
6 119 0
6 80 0
7 132 3.12
7 196 0
7 26 0
7 146 4.85
7 199 0
7 116 0
7 158 0
7 90 4.52
7 61 0
7 73 2.17
7 49 2.68
7 106 4.36
7 17 0
8 62 4.23
8 143 0.18
8 114 0
8 174 4.02
8 46 0
8 132 6.05
8 55 0
8 182 4.86
8 137 6.54
8 47 0
8 196 0
8 72 1.54
8 177 0
8 50 3.14
8 97 0.14
8 19 5.71
8 166 0
8 100 0
8 31 0
8 86 0
8 32 0
8 12 0
8 193 8.52
8 80 1.93
8 149 0
8 187 8.79
8 57 2.41
8 60 0
8 179 0
8 106 4.41
8 113 9.62
8 21 0
8 85 0
8 123 0
8 189 0.88
8 33 4.95
8 170 4.16
8 75 4.11
8 159 7.25
8 119 7.49
9 131 0
9 179 0
9 54 2.33
9 88 5.24
9 152 1.7
9 185 0
9 85 0
9 38 0
9 127 7.19
9 66 0
9 96 0
9 94 2.58
9 175 0.81
9 55 0
9 84 4.82
9 149 7.08
9 97 0
9 114 6.02
9 134 0
9 23 3.7
9 192 0
9 133 3.67
9 199 9.77
9 135 0
9 60 0
9 163 0
10 86 4.14
10 117 0
10 195 0
10 188 6.69
10 180 0
10 112 8.39
10 54 8.11
10 161 0.13
10 44 0
10 25 4.79
10 134 0
10 155 8.23
10 56 0
10 171 6.93
10 156 8.41
10 199 0
10 124 0
10 125 0
10 109 0
10 17 0
10 178 0
10 101 6.78
10 13 7.8
10 48 4.67
10 190 0
10 94 1.96
10 80 0
10 47 2.5
10 121 0
10 196 0
10 74 0
11 44 0
11 56 0
11 34 9
11 30 0
11 126 3.95
11 45 0
11 172 0
11 90 0
11 84 2.4
11 53 5.63
11 127 0
11 157 2.38
11 72 0
11 138 5.71
11 132 3.04
11 61 3.65
11 38 0.48
11 111 3.66
12 38 1.31
12 61 0
12 101 0
12 23 0
12 78 0
12 112 0
12 37 0
12 35 0.81
12 106 0
12 51 9.76
12 31 0
12 72 4.12
12 48 0
12 152 1.81
12 138 2.67
12 21 0
12 58 0
12 181 0
12 29 4.76
12 174 0
12 104 0
12 30 0
12 165 0
12 163 0
12 179 5.1
12 27 0
12 44 6.04
12 103 0
12 36 1.39
12 192 0
12 102 1.62
12 108 0
12 93 0
12 119 0
12 57 4.26
12 195 0
13 15 5.67
13 14 1.74
13 136 4.73
13 152 0
13 127 5.49
13 56 5.26
14 57 1.73
14 16 4.35
14 185 3.78
14 48 9.29
14 148 3.15
14 81 0
14 165 0
14 171 1.9
14 141 6.12
14 180 6.67
14 27 7.97
14 192 0
14 128 2.85
14 132 2.65
14 142 4.09
14 156 3.98
14 100 0
14 33 0
14 126 0
14 143 6.8
15 99 2.78
15 177 0
15 65 0
15 178 0.31
15 191 7.91
16 35 8.18
16 190 0
16 73 3.02
16 111 9.62
16 185 3.64
16 77 0
16 79 2.99
16 95 0
16 191 0
16 84 9.5
16 159 0
16 46 0
16 98 0
16 91 3.67
16 149 0.08
16 172 0
17 174 0
17 169 1.28
17 160 0
17 186 4.48
17 18 5.14
17 102 0
17 60 0
17 40 0
17 109 2.81
17 123 0.51
17 99 0
17 95 3.23
17 134 0
17 85 3.27
17 59 1.28
18 160 1.58
18 170 0
18 83 0
18 107 5.63
18 75 5.36
18 93 0
18 187 0
19 91 0
19 103 0
19 141 6.25
19 143 0
19 74 5.69
19 123 0
19 158 7.37
19 154 0
19 76 0
19 34 7.89
19 122 0
19 90 0
19 139 3.87
19 151 0
20 193 8.44
20 34 0
20 122 0
20 115 7.92
20 95 8.47
20 138 4.73
20 112 9.18
20 186 0
20 26 0
20 83 0
20 33 7.4
20 189 3.11
20 152 8.16
20 117 0
20 100 8.82
20 74 2.66
21 86 0
21 171 0
22 194 2.67
22 110 1.19
22 124 0
22 182 0
22 81 0
22 145 0
22 57 6.85
22 109 9.5
22 171 0
22 146 6.82
22 106 0
22 166 0
22 101 9.78
22 102 8.06
22 95 9.31
22 29 0
23 31 0
23 74 2.9
23 172 0.97
23 62 0
23 138 7.26
23 141 1.1
23 156 6.02
23 128 0
23 26 1.39
23 75 0.79
23 67 0
23 142 8.93
23 70 0
23 133 3.21
23 174 2.79
23 94 1.27
23 126 0
23 88 7.66
23 185 0
23 197 4.19
23 59 0
23 60 0
24 175 0
24 171 5.59
24 54 9.94
24 25 3.6
24 91 6.98
24 64 7.93
24 46 6.48
24 104 3.8
24 78 1.21
24 59 5.81
24 85 8.19
24 53 0
24 194 0
25 32 0
25 131 0
25 106 0
25 93 8.49
25 122 0
25 107 0.64
25 84 0
25 81 0
25 103 4.93
25 117 0
25 138 0
25 38 0
25 60 6.97
25 123 6.3
25 66 4.65
25 185 3.6
25 37 6.56
25 96 0
25 134 0
25 55 0
25 132 0
25 85 0
25 61 1.7
25 157 0
26 46 0
26 40 8.16
26 155 0
26 162 0
26 176 0
26 146 0
26 102 7.47
26 117 0
26 43 0
26 183 0
26 68 6.99
26 62 4.31
26 106 0
26 161 0.08
26 132 4.87
26 38 8.08
27 111 0
27 117 0
27 150 0
27 137 8.37
28 29 0
28 72 0
28 133 0
28 129 0
28 184 0
28 88 0.61
29 158 0
29 37 7.37
29 34 0
29 131 0
29 143 0
29 46 0
29 39 0
29 71 1.42
29 63 4.81
29 36 0
29 70 0.06
29 98 0
29 146 3.14
29 190 5.57
29 145 0
29 104 9.65
30 98 0
30 33 9.12
30 152 0
30 172 4.15
30 136 0
30 85 0
30 135 1.44
30 37 0.85
30 157 0
30 42 1.63
31 84 0
31 141 0.78
31 61 0
31 44 0.43
31 160 0
31 90 0
31 161 8.9
31 178 9.71
31 176 8.31
31 63 7.99
31 123 9.04
31 58 1.81
31 110 0
31 187 0
31 114 3.51
31 152 5.96
31 168 0
31 145 0
31 124 0
31 133 0
31 52 6.57
31 78 0
31 154 9.55
31 109 8.79
31 79 0
31 66 0
31 118 7.25
31 40 6.62
31 57 0
31 158 5.08
31 87 6.71
31 34 0
32 94 0
32 192 8.89
32 191 0
32 38 4.31
32 112 0
32 48 0
32 160 0
32 122 0
32 117 0
32 166 0
32 149 0
33 35 0
33 190 0
33 140 0
33 170 0
33 77 0
33 89 7.28
33 144 3.72
33 196 2.81
33 71 0
33 115 0
33 91 0
33 194 0
33 146 0
33 58 1.27
33 134 0
33 41 6.94
33 172 0
33 92 0
34 156 4.29
34 110 0
34 97 0.97
34 148 4.83
34 94 3.47
34 48 5.76
34 165 0
34 167 0
34 155 0
34 191 0
34 163 5.85
34 53 0
35 63 0
35 147 1.34
35 139 0
35 39 0.7
35 82 9.4
35 159 0
35 143 7.03
35 169 8.59
35 36 0
36 127 0
36 40 0.77
36 160 0
36 111 0
36 128 5.61
36 136 0
36 175 0
36 150 0.45
36 77 7.39
36 144 9.89
36 43 5.84
36 186 0
37 186 5.06
37 126 4.3
37 177 8.94
37 150 0
37 115 0
37 176 0
37 97 0
38 65 2.44
38 130 0.37
38 148 1.77
38 132 2.51
38 176 0
38 134 0
38 158 0
38 67 0
38 53 0
38 107 1.21
38 179 3.25
39 100 0
39 76 0
39 119 0
39 61 4.1
39 107 5.55
39 99 2.89
39 177 9.83
39 189 8.54
39 47 5.35
39 142 0
39 152 0
39 94 6.88
39 138 0
39 135 6.58
39 40 1.99
39 98 0
39 168 6.73
39 109 0
39 113 5.43
39 106 0.53
39 97 9.21
39 126 5.98
40 152 3.25
40 199 9.68
40 93 1.5
40 87 4.02
40 77 2.66
40 139 0
40 147 2.75
40 61 0
40 168 3.01
40 64 0
40 58 0
40 128 0
40 110 0
40 51 3.02
40 130 4.41
40 41 0
40 187 6.77
40 112 0
40 153 0
40 68 6.36
40 63 2.09
40 120 0
40 186 6.84
40 127 2.81
40 48 0
40 82 0
40 98 0
40 193 3.11
40 145 0.65
40 54 7.91
40 169 4.31
40 96 7.96
40 183 2.26
40 79 0.8
40 140 3.36
41 186 0
41 156 8.16
41 141 1.58
41 42 6.16
41 104 0
41 144 8.06
41 80 0
41 171 0.3
41 53 0
41 179 0
41 81 0
41 150 3.26
41 184 1.91
41 160 8.42
41 132 0
42 43 2.6
42 50 0
42 128 1.5
42 196 0
42 162 0
42 47 0
42 73 1.66
42 146 0
42 195 4.09
42 148 5.63
42 56 1.77
42 161 1.04
42 91 3.28
42 92 9.89
42 112 0
43 49 1.86
43 144 6.15
43 143 0.91
43 163 3.21
43 47 0
43 121 5.05
43 155 0
43 90 9.73
43 172 0.36
43 173 0
44 114 0
44 148 0
44 47 0
44 66 0
44 46 8.88
44 189 5.11
44 69 6.32
44 113 3.29
44 141 0
44 133 0
44 150 0
44 116 0
44 169 0
44 137 0
44 159 9.97
44 78 8.93
44 67 0
44 147 2.17
44 75 0
44 140 0
44 145 0
44 182 8.75
44 125 0
44 126 0
44 101 0
44 197 0
44 166 0.28
44 161 0
45 173 0.02
45 66 1.7
45 172 6.1
45 159 5.31
45 190 9.01
45 49 0
45 54 0
45 132 0
45 147 7.74
45 47 8.81
45 98 0
45 143 0.96
45 180 0
45 185 9.32
45 74 6.97
45 141 0
46 114 3.42
46 95 0
46 160 6.6
46 169 8.3
46 88 5
46 91 4.5
46 94 0
46 63 0
46 72 0
46 180 0
46 129 0
46 131 0
46 165 5.27
46 81 1.43
46 66 8.72
46 140 1.87
46 112 0
46 151 3.36
46 136 0
46 84 0
47 52 0
47 158 0
47 161 6.93
47 73 2.65
47 65 0
47 147 8.77
47 132 9.16
47 85 0
47 100 0
47 190 0
47 151 7.92
47 103 0
47 123 0
47 146 2.37
47 57 0
47 92 2.92
47 97 0
47 49 4.25
48 188 0
48 126 9.22
48 106 8.45
48 62 0
48 108 0
48 192 7.75
48 90 0
48 99 0
48 196 3.29
48 115 6.35
48 81 0
49 196 0
49 100 0
49 187 0
49 154 0
49 144 0
49 85 0
50 176 0
50 175 3.92
50 69 7.86
50 185 0
50 59 3.73
50 196 0
50 75 8.78
50 127 8.14
50 165 0
51 167 2.16
51 132 0
51 160 7.55
51 79 0
51 75 0
51 187 4.6
51 199 0
51 100 0
51 62 7.05
51 194 0
51 121 4.12
51 179 1.57
51 147 8.79
51 108 9.86
52 182 0
52 181 0
52 58 0
52 115 9.63
52 147 4.31
52 155 1.25
52 97 5.5
52 126 4.18
52 130 0
53 150 0
53 56 0
53 190 0
53 54 0
53 101 0
53 96 0
53 106 0
53 178 5.33
53 77 0
53 123 3.81
53 55 0
53 135 0
53 125 0.14
53 119 8.53
53 149 8.42
53 189 0
53 62 6.11
53 147 8.01
53 68 0.01
53 140 0.13
53 118 0
53 90 3.21
53 72 0
53 100 9.49
53 165 2.91
53 146 0.7
53 63 0
53 154 7.59
53 161 0
54 78 0
54 76 7.36
54 145 0
54 139 0
54 180 5.83
54 89 0.54
54 119 0
54 71 5.32
54 88 2.59
54 144 9.63
54 87 6
54 113 0
54 114 0
55 69 0.03
55 137 0
55 197 0
55 139 0
55 127 0
55 77 0
55 136 5.41
55 114 8.37
55 68 0
55 92 0
55 78 0
56 197 6.46
56 72 0
56 113 0
56 91 0
57 181 0
57 125 0.09
57 166 3.51
57 146 0
57 71 4.67
57 101 0
57 156 0
57 161 2.95
57 69 0
57 197 3.2
57 86 5.94
57 160 0
57 108 3.59
57 70 0
57 136 5.12
57 117 7.76
57 91 0
57 103 0
57 162 0
57 185 5.69
57 191 0
57 102 0
57 106 0
57 127 5.46
57 98 0
57 155 7.59
58 102 0
58 60 5.81
58 157 0
58 187 3.9
58 101 0.98
58 153 4.6
58 142 0
58 186 3.55
58 185 0
58 193 8.39
59 168 5.88
59 64 6.58
59 116 6.68
59 80 4.05
59 159 0
59 186 7.12
59 112 0
59 75 3.21
59 197 5.46
59 145 0
59 192 6.25
59 190 9.72
59 90 0
59 182 0
59 177 0
59 156 2.33
59 152 9.71
59 153 0.97
59 74 7.62
59 96 3.07
59 76 9.76
59 188 0
59 121 0
60 103 0
60 83 3.61
60 196 0
61 133 3.25
61 194 0
61 66 0
61 193 3.67
61 197 0
61 148 0
61 72 0
61 82 0
61 152 0
61 153 0
61 158 2.19
61 124 0
61 78 8.23
61 88 0
61 126 2.09
61 136 0
61 164 0
61 176 5.83
61 161 6.2
61 103 3.46
61 109 0
62 105 7.92
62 78 0
62 130 0
62 157 8.85
62 93 0
62 146 0
62 73 0
62 153 0
62 186 0
62 91 0
62 198 3.92
63 146 1.66
63 149 0
63 117 0
63 164 9.74
63 195 2.2
63 177 1.37
63 106 0
63 163 8.37
63 130 3.73
63 118 8.49
64 95 0
64 68 0
64 94 3.2
64 122 0
64 86 2.68
64 96 0
64 101 0
64 124 0
64 90 0
64 85 0
64 125 0
64 81 0
64 80 0.39
65 138 8.44
65 80 4.9
65 148 6.14
65 191 2.31
65 75 0
65 143 1.19
65 107 2.47
65 196 5.48
65 96 0
65 112 0
65 173 4.59
66 174 5.94
66 68 0
66 160 0
66 114 0
66 196 0
66 148 4.36
66 157 9.09
66 120 8
67 164 0
67 69 0
67 119 1.51
67 188 0
67 79 0
67 93 8.14
67 80 6.55
67 195 0
67 145 0
67 175 4.52
67 121 0
67 82 0
67 141 0
67 182 0
67 96 0.25
67 171 0
68 85 0
68 138 6.14
68 129 0
68 143 0
68 168 0
68 75 8.63
68 121 0
68 87 0
68 141 1.31
68 116 9.38
68 80 1.99
68 171 8.4
68 180 0
68 139 7.54
68 188 0
68 175 5.38
68 131 0
68 149 0
68 196 0
68 173 0
68 102 0
68 72 0.21
68 160 5.88
68 84 0
68 105 0
68 155 0
69 76 3.72
69 189 0
69 98 7.11
69 145 0
70 114 0
70 142 0.78
70 115 0
70 160 8.15
70 144 1.57
70 87 7.27
70 82 0
70 194 3.38
70 138 0
70 188 7.01
70 79 0
71 198 3.02
71 177 0
71 93 0
71 147 4.4
71 145 4.39
71 190 0
71 155 0
71 137 0
71 143 4.71
71 170 0
71 182 0
72 126 0
72 195 0
72 184 9.31
72 172 0
72 113 0
72 74 0
72 84 0
72 137 9.76
72 140 0.36
72 149 5.7
72 182 0
72 170 0
72 102 3.38
72 173 3.58
72 112 7.61
72 163 8.6
73 193 0
73 82 0
73 90 0
73 179 0
73 77 4.09
73 114 6.25
73 91 4.23
73 104 9.7
73 190 3.12
73 96 8.56
73 167 0
73 164 0
73 163 2.79
73 145 7.6
73 195 0
73 110 0
73 194 0
73 120 3.01
73 93 0
73 127 1.92
74 190 0
74 89 0
74 88 5.88
74 173 0
74 163 0
74 161 0
75 102 1.9
75 199 0
75 111 0
75 188 0
75 88 0
76 117 8.98
76 153 0
76 156 0
76 143 4.64
76 195 8.87
76 174 0
76 198 8.1
76 97 0
76 181 0
76 149 0
77 78 0
77 129 1.93
77 94 3.26
77 101 7.67
77 103 5.39
77 85 0
77 179 4.92
77 182 9.28
77 124 0
77 120 7.68
78 168 6.22
78 89 0
78 193 3.78
78 143 0
78 120 2.88
78 100 0
78 172 7.79
78 173 0
78 199 0
78 182 0
79 183 0
79 145 4.28
79 181 0.68
79 124 0
79 120 0.8
79 98 0
79 197 0
79 169 1.17
79 97 0
79 80 0
79 157 0
79 171 4.42
79 168 0
79 142 0
79 128 6.52
79 121 0
79 108 0
79 178 5.92
79 138 6.44
80 106 9.68
80 148 0
80 116 1.86
80 114 5.81
80 146 8.15
80 159 0
80 198 0
80 128 0
80 121 0
80 84 6.4
80 141 5.38
80 113 0
80 188 3.51
80 125 0
80 88 0
80 136 8.47
80 82 0
80 98 0
81 84 7.11
81 187 0
81 120 0
81 150 2.42
81 86 6.48
81 140 0
81 118 0
81 137 8.43
81 111 4.23
82 93 8.68
82 172 4.34
82 101 2.38
82 181 0
82 100 0
82 123 3.7
82 197 0
82 165 9.26
82 140 0
82 110 0
82 107 5.31
82 94 0
82 159 0
82 168 0
83 169 4.7
83 133 4.37
83 101 0
83 106 0
83 85 0
83 125 0
83 146 0
83 94 6.31
83 140 0
84 192 2.22
84 126 5.68
84 123 0
84 149 2.9
84 157 6.1
84 107 8.76
84 188 7.68
84 94 4.37
84 112 3.27
84 194 8.4
84 114 5.62
84 171 9.52
84 168 7.81
84 140 1.89
84 122 0
84 133 8.52
84 189 7.53
85 106 2
85 94 8.02
85 193 0
85 199 6.87
85 183 6.67
85 86 1.13
85 172 7.4
85 192 6.73
85 155 5.43
85 142 4.7
85 181 4.53
85 185 0
86 182 5.11
86 88 0
86 92 7.56
86 99 0
86 109 0
86 189 4.27
86 102 3.2
86 166 8.16
86 154 0
86 199 9.21
86 152 8.78
86 184 7.67
86 145 0
86 142 2.04
86 197 0
86 144 7.82
86 171 0.03
86 148 0
86 175 0
86 165 0
86 119 0
87 160 0
87 110 6.26
87 105 0
87 109 7.58
87 175 0
87 133 0
87 151 9.19
87 148 2.14
88 145 0
88 150 2.56
88 140 0
88 90 0
88 138 5.7
88 177 0
88 159 0
88 103 6.13
88 147 8.19
89 111 8.4
89 196 0
89 110 0
89 91 8.86
89 174 0
89 118 0
89 186 3.46
89 166 0
89 116 0
89 90 8.49
89 106 2.49
89 119 8.11
89 184 8.55
89 187 0
89 108 0.82
89 99 4.94
89 180 0
90 137 0
90 108 9.16
90 122 6.35
90 180 0.36
90 183 3.64
90 91 0
90 115 9.03
90 182 1.62
90 110 0.59
90 191 0
90 142 0
90 141 4.04
90 167 7.15
90 185 8.8
90 194 0
90 199 0
90 173 6.86
91 180 2.73
91 107 0
91 100 0
91 111 1.34
91 130 0
91 109 0
91 149 0
91 161 6.11
91 94 9.27
91 106 1.43
91 150 0
91 162 1.93
91 103 6.28
92 156 8.08
92 97 2.94
92 127 6.94
92 130 0
92 181 4.97
92 140 0
92 160 8.04
92 189 4.61
92 142 0
92 111 2.02
92 157 0
92 139 4.84
92 133 8.81
92 174 0
93 133 0.42
93 154 7.36
93 132 0
93 168 5.71
93 170 0
93 99 0
93 94 0
93 182 0
93 163 6.6
93 140 0
93 100 4.14
93 126 3.74
93 127 0
93 165 4.19
93 184 0
93 97 4.61
93 131 5.65
93 188 0.57
93 161 8.86
93 167 0
93 187 5.07
93 122 0
93 113 0
93 96 0
93 157 8.89
93 130 0
93 173 0
93 107 7.64
93 198 0
93 108 0
93 129 4.13
94 140 0
94 165 0.92
94 183 6.85
94 105 4.18
94 136 0
94 120 6.73
94 154 0
94 167 5.88
94 181 0
94 95 0
94 196 0.6
94 188 1.91
94 174 4.64
94 121 1.31
94 186 0
94 182 0
94 98 5.45
94 169 9.87
94 137 0
94 180 0
94 160 0
94 197 5.97
95 172 0
95 137 0
95 169 0
95 176 0.5
95 129 0.33
95 121 5.67
95 167 0
95 113 0
95 198 0
95 181 0
95 120 7.01
95 114 7.97
95 194 0.97
95 184 2.62
95 189 0
95 109 6.62
95 110 1.91
95 166 0
95 142 0
95 130 2.83
96 188 0
96 101 4.92
96 145 2.36
96 159 5.75
96 133 1.03
96 160 9.73
96 118 0
96 98 1.63
96 182 0
96 100 0.85
96 164 0
96 111 9.23
96 107 0
96 115 0
96 103 3.29
96 144 0
96 171 0
96 122 0
96 126 0
96 181 0
97 187 0
97 108 0
97 123 6.15
97 169 7.06
97 132 0
97 164 0
97 175 7.7
97 184 0
97 102 0
97 170 0
98 165 0
98 169 0
98 148 0
98 136 7.47
98 198 0
98 134 8.89
98 182 2.57
98 138 0
98 195 5.93
98 186 0
99 136 9.62
99 106 6.84
99 172 0
99 148 6.76
99 163 0
99 195 1.95
100 128 1.82
100 183 5.32
100 114 3.21
100 135 0
100 165 7.35
100 123 0
100 120 0
100 127 0
100 174 0
100 162 3.78
100 171 0
100 130 0
100 156 3.4
100 101 6.75
100 118 4.92
100 124 0
101 154 9.6
101 140 6.68
101 115 0
101 180 1.27
101 128 7.58
102 175 0
102 192 6.03
102 163 6.92
102 134 0
102 164 0
102 140 0
102 139 4.11
102 168 0
103 142 0
103 188 0
103 164 4.52
103 133 0
103 163 4.76
103 160 0
103 174 5.48
103 168 0
103 128 8.47
103 110 2.09
103 137 0
103 179 2.91
104 110 0
104 128 2.72
104 125 9.26
104 181 0
104 137 3.06
104 178 0
105 177 0.88
105 158 0
105 169 0
105 160 0
105 192 6.82
106 169 0
106 127 9.86
106 144 0
106 163 0.58
106 195 5.71
106 141 5.33
106 131 0.46
106 172 4.01
107 129 4.17
107 138 0
107 167 3.28
107 112 0
107 166 1.87
107 186 0
107 157 2.95
107 193 8.23
107 111 7.57
107 118 6.08
107 184 2.58
107 135 0
107 128 0
107 187 5.62
107 133 0
108 155 0
108 114 0
108 169 0
108 115 4.48
108 116 9.94
108 150 8.74
108 144 0.98
108 159 0
108 148 0.39
108 130 9.31
108 117 0
108 122 0
108 184 3.94
109 110 0
109 176 0
109 183 4.8
109 180 0
109 171 0
109 174 4.34
109 149 0
109 162 0
109 124 4.9
109 150 7.92
109 192 0
109 191 4.71
109 139 5.74
109 154 0
110 155 9.25
110 135 2.72
110 156 0
110 184 0
110 177 0
110 166 0
110 126 0
110 199 0
110 128 0
110 153 0
110 163 7.88
110 171 0
111 112 0
111 189 3.22
111 134 7.51
111 167 0
111 123 0
111 141 0
111 117 6.79
111 113 8.35
111 185 7.48
112 117 8.15
112 189 0
112 186 0
112 163 5.82
112 138 0
112 144 0
112 120 0
112 155 8.89
113 166 0
113 169 0
113 154 4.27
113 146 1.28
113 143 8.5
113 115 0
113 194 2.57
113 119 0
113 197 0.43
113 167 0
113 132 2.01
113 182 6.5
113 144 2.14
113 153 0
114 188 0
114 194 0
114 143 0
114 130 7.23
114 163 1.74
114 133 6.75
114 137 2.59
114 153 6.47
114 154 0
114 119 0
114 141 0
114 195 9.75
114 185 0
114 178 0
114 168 8.4
114 164 0
114 162 7.29
114 122 3.55
114 128 0
114 146 2.68
114 150 8.82
115 133 0
115 155 0
115 191 0
115 156 7.92
115 123 0
115 194 2.92
115 134 2.41
116 169 4.31
116 171 0.96
116 124 4.77
116 145 0
116 179 3.06
116 161 5.32
116 186 6.32
116 134 0
116 151 1.69
116 168 0
116 191 7.36
116 190 0
116 147 0
116 159 0
116 181 0
116 198 9.19
116 156 5.78
116 142 0
116 129 0
117 162 8.46
117 130 0
117 147 9.43
117 198 0
117 183 0
117 134 0
117 142 0
117 155 0
117 121 0
117 151 5.72
117 192 1.3
117 122 0
117 188 4.22
117 158 1.69
118 131 2.21
118 154 0
118 120 8.68
118 187 4.04
118 188 0
118 166 2.88
118 192 7.53
118 156 0
118 145 0
118 128 0
118 161 8.74
118 147 0.61
118 199 0
118 158 0
118 179 6.62
118 155 5.5
118 167 0
119 156 0
119 188 9.33
119 171 0
119 163 0
119 179 9.29
119 184 0
119 191 0
119 134 0
120 196 9.94
120 197 9.91
121 171 6.95
121 194 0
121 183 0
121 154 0
121 159 0
121 186 8.44
121 157 0
121 123 4.79
121 182 0
121 130 4.23
121 131 1.33
121 132 0.29
121 149 0
121 176 2.15
121 150 8.87
121 180 5.25
121 140 0
122 185 0
122 151 6.76
122 132 0
122 195 0
122 166 0
122 182 0
122 177 0
122 175 0
122 127 0
122 142 9.04
122 159 0
123 169 0
123 151 9.98
123 157 0
123 168 7.79
123 148 5.66
123 158 0.65
123 143 7.35
123 124 0
123 132 0
124 166 0
124 196 0
124 143 6.25
124 182 0
124 154 6.45
124 184 0.09
124 164 0
124 129 6.95
124 144 0
125 133 0
125 194 0
125 179 0.98
125 164 0
125 174 0.42
125 172 0
125 158 9.64
126 127 3.05
126 160 7.61
126 178 0.35
126 162 6.58
127 148 0
127 161 7.33
127 146 0
127 137 0
127 156 2.08
127 173 8.61
127 170 0
127 142 7.43
127 194 6.4
127 151 6.89
127 160 1.7
127 184 6.77
127 167 0
128 139 0
128 160 5.07
128 174 1.84
128 181 0
128 161 0
128 154 1.77
128 191 0
128 144 0
128 196 2.03
128 151 0
129 174 0
129 172 5.07
129 133 0
129 134 5.07
129 150 4.48
129 130 8.9
129 186 0
129 195 0.44
130 192 2.19
130 151 0
130 182 0
130 196 0
130 172 0
130 178 5.1
130 157 0
130 147 7.4
131 150 0
131 138 0
131 148 0
131 157 5.42
131 147 0
131 185 7.57
131 153 0
131 187 2.97
131 182 0.54
131 162 0
131 194 1.7
131 170 0.09
131 168 1.47
131 199 7.23
131 164 0
132 147 9.78
132 141 0
132 182 0
132 186 0
132 164 0
132 197 0
132 137 7.71
132 153 0
132 163 0
132 158 0
132 174 0.99
132 181 0
132 187 2.97
132 173 6.15
133 138 0
133 171 0
133 135 0
133 166 0
133 158 0
133 160 0
133 136 3.04
133 154 5.91
133 147 7.68
134 155 9.3
134 173 5.68
134 189 0
134 161 0
134 136 2.66
134 143 2.1
134 174 3.5
134 164 8.14
134 152 5.61
134 194 0
134 181 0
134 145 0
134 148 9.02
134 135 1.8
135 195 5.94
135 138 0
135 143 0
135 139 1.9
135 157 0
135 173 0
135 147 4.29
135 192 0
135 153 3.99
135 140 0
135 198 0
135 165 5.22
135 163 0
135 196 8.46
135 136 4.79
136 167 0
136 165 4.63
136 170 0
136 180 0
136 193 9.57
136 154 5.04
136 142 0
136 160 0
136 143 0
137 149 0
137 179 1.44
137 150 0
138 141 0
138 168 7.89
138 179 0
138 151 2.01
138 166 9.54
138 158 0
138 182 6.33
138 175 0
138 196 5.15
138 190 0
138 157 0
139 174 0
139 151 2.41
139 199 7.71
140 194 1.88
140 196 0
140 150 0
140 142 8.74
140 161 0
140 190 0
140 184 0
140 163 0
140 181 3.86
140 171 5.93
141 165 9.26
141 160 0
141 154 0
141 179 7.91
141 144 0.21
141 143 9.31
141 193 0.35
141 161 0
141 157 0
141 190 0
141 199 3.85
141 198 0
141 146 0
141 162 0
141 180 0
141 145 0.1
142 150 0
142 188 4.4
142 189 8.65
142 199 0
142 158 3.18
142 156 0
142 180 3.36
142 181 1.1
142 179 0
142 151 0
142 183 0
142 161 4.74
142 178 0
142 174 0.12
143 162 2.89
143 185 0
143 181 0
143 173 0
143 159 9.59
143 164 0
143 195 0.7
143 179 0
143 171 7.31
143 154 5.43
144 171 0
144 145 9.16
144 167 7.55
144 158 0
144 176 0
144 190 5.6
144 186 6.8
144 191 0
144 152 0
144 172 0
144 181 0
144 197 0
144 182 0.91
145 180 0
145 158 8.3
145 147 4.5
145 198 0
145 168 0.64
145 150 0.78
145 163 0
145 192 4.76
145 159 7.58
145 181 0
145 146 6.56
145 193 4.9
145 151 0
145 165 6.47
145 172 0
145 164 6.01
145 171 0
145 149 2.62
145 197 0
145 161 0
145 186 5.17
145 190 7.66
145 173 0
145 154 0
146 165 3.75
146 156 0
146 180 0
146 166 1.51
146 150 0
146 162 0
146 164 0
146 169 0
146 197 0
146 161 0
146 173 0
146 190 0
146 185 0
146 189 0
146 186 0
146 183 2.99
147 192 2.3
147 165 1.75
147 188 0
147 155 0
147 199 2.26
147 174 0
147 184 4.61
147 179 4.72
147 172 0
147 162 4.54
147 151 0
148 157 0
148 199 6.64
148 156 0
148 194 5.4
148 151 0
148 189 9.48
148 178 5.65
148 179 0
148 154 0
149 151 9.34
149 196 0
149 190 0
149 181 0
149 172 0
150 178 0.61
150 185 0
150 196 4.68
150 169 0
150 159 4.17
150 174 0
150 189 0
150 160 0
150 157 9.5
150 182 8.77
150 151 1.74
150 152 4.75
150 194 9.55
150 183 0
151 157 3.15
151 191 3.25
151 196 5.84
151 174 9.43
151 154 9.36
151 192 0
151 167 3.8
151 159 0
152 192 0
152 180 7.53
153 181 1.01
153 172 0
153 188 0
153 195 0
153 180 7.31
153 174 0
153 155 5.89
153 158 0
153 164 3.51
153 183 0
153 175 0
153 173 0
154 194 0
154 168 1.38
154 171 8.42
154 178 0
154 189 0
155 185 5.69
155 182 7.86
155 198 3.97
155 188 6.28
155 183 7.59
155 192 0
155 194 0
155 170 0
155 199 4.18
155 162 0
155 165 0
156 187 5.36
156 161 0
156 159 5.38
156 190 7.03
156 186 0
156 196 0
156 195 3.84
156 167 0
156 183 8.94
157 175 6.24
157 180 0
157 195 5.58
158 191 0
158 197 7.66
158 187 4.59
158 184 0
158 160 0
159 169 9.1
159 162 2.82
159 166 4.02
159 194 0
159 186 0
159 178 2.91
159 199 0
159 177 9.05
160 174 6.27
160 183 0
160 164 0
160 199 7.98
160 189 3.4
160 195 0
160 181 0
161 196 6.78
161 195 0.62
161 168 8.27
162 187 0
163 184 0
163 172 3.18
163 174 0
163 166 6.32
163 170 7.72
163 173 0
164 181 0
165 171 0
165 177 5.81
165 190 8.34
165 182 5.69
165 193 7.51
165 198 7.03
165 179 0
165 185 0
165 168 2.56
166 192 4.03
166 187 0
166 184 1.3
166 173 0
166 186 3.88
166 175 0
166 198 0
167 180 7.19
167 172 1.49
167 178 0
168 187 0
168 185 0
168 174 0
168 180 0
168 182 0
169 178 9.73
169 195 0
169 198 0
169 186 2.8
169 189 3.19
169 187 0
169 171 0
169 197 3.81
170 176 0
170 194 0
170 198 0
170 173 0
170 177 5.47
170 195 6.07
170 197 0
170 181 0
170 184 0
170 178 7.34
170 188 0
171 199 0
171 179 0
171 189 0.9
171 187 5.77
171 180 0
172 191 0
172 194 0
172 180 0
172 183 6.84
172 192 0
172 196 0
173 183 9.65
173 193 8.64
173 192 0
174 194 3.7
174 189 2.32
174 199 3.33
174 195 8.37
175 179 0
175 193 7.13
175 194 0
175 199 0.15
175 196 0
175 186 1.34
175 185 6.85
175 184 6.05
176 191 2.68
176 177 9.43
176 194 0
176 192 3.22
176 188 0
177 199 1.58
177 198 4.53
177 189 0
178 182 0
178 192 7.52
178 188 0
178 179 0
178 181 5.05
178 186 5.53
179 193 3.39
180 194 6.03
180 193 0
180 192 7.98
180 182 5.38
180 189 0
181 193 4.3
181 195 7.39
181 185 0
181 198 0
181 186 7.71
181 189 0
181 196 4.71
182 187 0
182 193 7.09
182 186 0
182 184 0
183 188 0
183 185 0
183 187 3.86
183 196 0
183 190 9.28
184 196 0
184 193 0
184 190 7.93
184 191 0.45
184 198 0
184 187 0
184 189 0
185 187 0
185 186 5.76
185 199 0
185 196 0
186 190 9.64
186 193 6.39
186 187 9.09
187 198 2.56
187 189 0.86
188 197 2.03
188 193 0
188 199 0
188 192 0
189 199 0
189 194 2.52
189 196 0
189 193 0
189 190 0
190 192 0.07
190 193 0
190 199 6.45
190 191 7.46
191 195 0
191 192 0
192 198 4.15
192 199 0
192 196 0
193 196 0
193 194 8.2
193 199 5.43
193 198 0
193 197 0
193 195 0
194 195 4.58
195 196 3.41
195 198 0
196 199 3.2
