0 82 5.39
0 10 3.83
0 113 6.43
1 17 0.91
1 155 0
1 75 0
1 83 9.37
1 161 5.46
1 74 0
1 131 8.57
1 53 0
1 28 0
1 111 0.25
1 23 3.52
1 45 4.03
1 51 0
1 106 0
1 97 0
1 119 0
1 159 0
1 62 8.71
1 150 0
2 155 0
2 100 0
2 162 0
2 50 1.27
2 84 0
2 70 0
2 97 6.55
2 9 0
2 25 0.68
2 126 0.95
2 60 0
2 170 0
2 111 1.99
2 195 7.39
2 135 0
2 196 0
2 22 4.42
2 41 0
2 127 0
3 111 0
3 120 4.35
3 22 7.99
3 130 0
3 94 0
3 88 2.63
3 122 2.37
3 154 0
3 198 3.12
3 20 0
3 53 0
3 11 2.14
3 59 0
3 168 0
4 163 0
4 115 9.95
4 167 7.92
4 39 0
4 63 0
4 102 0
4 189 9.5
5 69 7.94
5 143 0
5 123 0
5 66 0
5 122 4.34
5 17 0
5 156 8.02
5 180 0
5 62 0
5 166 2.59
5 31 1.73
5 153 0
5 191 9.19
5 101 6.96
5 77 1.75
5 106 0
5 85 0
5 9 1.37
5 126 0
6 133 0
6 99 0
6 16 0
6 43 7.17
6 106 0
6 186 0
6 49 3.23
6 10 0
6 195 0.52
6 33 8.99
6 32 0
6 47 0
6 153 0
7 130 0
7 104 7.52
7 102 0
7 173 4.31
7 154 0
7 151 0
7 135 7.24
7 79 4.07
7 73 0
7 187 9.71
7 189 0
7 9 0
7 140 3.65
7 164 8.65
7 72 0
7 142 0
7 195 5.61
7 185 0
7 120 0
7 10 0.72
7 147 2.12
7 13 2.7
7 30 1.02
7 113 0
7 129 0.69
7 174 0
7 56 0
7 62 0
7 153 5.88
7 157 3.76
7 176 8.02
7 17 0
7 186 0
7 52 9.55
7 177 2.33
7 108 0
7 165 0.78
7 75 2.64
7 131 5.31
7 77 0
7 81 3.5
7 22 6.37
8 112 0
8 93 0
8 140 0
8 94 0
8 13 0
8 72 9.51
8 166 0
8 117 0.13
8 89 0
8 59 0
8 42 0
8 39 0
8 136 0
8 15 4.23
8 181 0
8 21 0
8 88 7.21
8 55 0
8 37 8.08
8 57 3.94
8 138 0
8 156 0
8 26 6.44
8 35 0
8 184 0
8 96 0
9 126 2.28
9 167 3.29
9 185 9.61
9 184 3.15
9 85 0
9 158 0
9 21 0
9 91 2.67
9 42 9.78
9 171 0
9 155 0
9 77 0
9 149 1.15
9 26 3.26
10 171 0
10 32 0
10 151 7.85
10 45 8.88
10 127 0
10 15 0
10 161 8.63
10 38 0
10 89 8.76
11 178 0
11 81 0
11 108 7.11
11 190 0
11 114 0
12 123 0
12 192 8.91
12 169 0
12 96 0
12 63 0
12 132 0
12 106 9.09
12 76 0.61
12 92 0
12 111 2.16
12 176 5.88
12 24 6.36
12 85 7.05
12 170 0
13 143 0.48
13 151 9.53
13 189 0
13 155 0
13 68 0
13 181 0
13 113 2.94
13 167 6.14
13 149 0
13 81 7.94
13 197 0
13 62 6.6
13 194 3.32
13 129 5.4
13 101 0
13 161 0
13 126 7.36
13 22 8.96
13 134 4.24
14 120 1.12
14 181 7.59
14 174 0
14 24 0
14 194 0.08
14 68 0
14 114 0
14 33 0
14 58 5.9
14 67 0
14 72 0
14 130 0
14 189 0
14 142 0
14 70 0
14 40 1.14
14 141 7.31
14 29 0
14 56 2.6
14 73 6.55
14 48 1.35
14 87 2.41
14 199 6.59
15 170 0
15 121 0
15 37 0
15 63 0
15 111 4.49
15 176 4.89
15 18 6.15
15 194 8.14
15 50 0
15 39 0
15 54 8.22
15 77 2.34
16 146 0
16 65 1.55
16 134 1.78
16 171 0
16 79 0
16 34 8.65
16 109 0
16 88 3.79
16 61 7.53
16 58 0
16 19 0
16 75 0
16 27 0
16 95 8.51
16 67 8.55
16 131 7.07
16 175 0
16 135 1.91
16 123 0
16 23 5.35
16 184 1.26
16 199 0
16 99 1.86
16 40 0
16 147 8.54
16 80 3.88
16 117 0
16 26 0
17 25 0
17 103 1.21
17 107 4.24
17 133 5.95
17 38 3.61
17 54 0.66
17 109 4.79
17 147 0
17 134 0
17 131 7.61
17 160 0
17 28 0
17 192 0
17 148 0
17 126 3.18
17 43 5.57
17 56 0
17 130 1.95
17 20 2.27
17 71 0
17 190 0
17 108 2.21
18 164 0
18 48 5.9
18 167 0
18 95 0
18 23 6.46
18 168 8.64
18 161 8.77
18 99 0
18 110 8.12
18 71 0
18 45 5.74
18 83 0
18 62 1.66
18 151 4.79
18 158 9.97
19 62 6.17
19 75 0
19 197 0.43
19 61 3.02
19 84 2.92
19 54 2.18
19 96 0
19 190 0
19 125 0.89
19 47 0
19 130 0
19 33 0
19 127 0
19 112 0
19 74 0
19 139 0
19 164 1.66
19 196 3.64
19 175 9.34
19 146 0
19 97 9.79
19 39 0
20 131 1.95
20 151 0
20 109 0
20 69 0.67
20 179 0
20 137 7.1
20 119 7.89
20 168 0
20 125 0
20 196 0
20 87 0
20 194 3.6
20 33 6.72
20 135 0
20 166 0.5
20 163 7.56
20 54 9.2
20 90 7.19
20 51 0
20 193 4.05
20 187 0
20 198 2.57
20 186 0
21 79 0
21 111 0
21 32 0
21 35 0
21 64 0
21 103 1.98
21 139 4.85
21 54 0
21 61 2.43
21 72 1.54
22 94 0
22 164 1.88
22 60 0.64
22 70 0
22 194 0
22 115 0
22 159 0
22 96 2.54
22 62 0
22 87 6.2
22 129 0
22 132 0
22 167 6.47
22 24 0
22 189 9.92
22 157 0.05
22 81 7.02
22 141 0
22 155 0
22 40 7.77
22 149 0
22 52 0
22 117 3.87
22 173 0
22 192 0
22 63 3.79
23 192 0
23 138 0
23 36 0
23 143 0
23 195 6.43
23 163 0
23 141 0
23 157 0
23 170 0
23 122 5.34
23 144 0
23 154 4.87
23 137 7.91
23 198 0
23 31 9.52
23 173 5.46
23 125 9.65
23 151 0
23 130 3.98
24 89 0
24 147 3.38
24 159 7.38
24 68 0
24 42 5.07
24 188 4.34
24 181 0
24 37 8.66
24 101 0
24 162 0
24 116 0
24 168 6.77
24 47 4.38
24 87 0
24 139 5.46
25 101 4.86
25 39 4.95
25 160 0
25 76 6.56
26 108 2.42
26 66 0
26 198 9.34
26 91 0
26 183 0
26 106 0
26 161 8.52
26 189 5.75
26 117 3.21
26 59 0
26 158 8.81
26 176 8.67
26 56 0
26 126 0
27 92 7.06
27 169 6.85
27 140 0
27 45 4.04
27 100 0
27 90 0.26
27 69 0
27 32 0
27 115 2.64
27 114 0
27 52 9.11
27 137 0
27 117 4.4
27 188 2.57
27 170 0
27 190 7.86
27 118 0
27 133 0
27 82 4.09
27 199 0
27 162 1.55
27 186 0.05
27 172 5.31
27 154 0
27 98 0
27 46 5.94
27 44 0
27 58 3.37
27 185 3.22
27 149 0
27 35 1.37
27 139 0
27 187 6.83
27 148 0
27 79 0
27 109 0
27 194 0
27 47 0
27 57 2.95
27 49 0
27 96 0
28 59 0
28 133 0
28 166 0
28 121 0
28 77 8.05
28 49 1.35
28 120 9.46
29 93 2.31
29 112 0
29 91 1.31
29 165 0
29 36 7.34
29 141 9.79
29 94 0
29 187 8.18
29 30 0
29 92 0
29 63 4.08
29 76 0
29 150 0
29 154 0
29 197 9.92
29 129 0
29 181 9.62
29 194 3.22
29 163 7.93
29 118 0
29 173 0
29 87 0
29 126 0
29 45 9.36
29 108 5.06
29 65 0
29 124 5.5
29 42 0
29 58 3.17
29 40 4.17
29 106 0
29 166 0
29 142 0
29 44 2.93
29 164 0
30 144 0
30 148 0.28
30 118 0
30 176 9.83
30 177 0
30 55 0
30 125 8.31
30 147 0
30 75 0
30 123 0
30 40 7.49
31 192 0
31 62 0
31 97 0.19
31 121 0
31 46 0
31 87 1
31 149 0
31 98 0
31 151 0
31 193 0
31 96 6.91
31 70 5.42
31 184 0
32 149 0
32 177 0
32 153 0
32 46 0
32 181 6.67
32 35 4.75
32 141 0
32 47 0
33 172 0
33 124 0
33 36 0
33 126 0
33 97 2.15
33 69 0
33 116 0
33 117 0
33 91 3.48
33 86 0
33 136 0
33 130 0
33 60 9
33 67 0
33 197 0.2
33 149 0
34 177 0.67
34 84 9
34 110 6.61
34 73 8.39
34 174 0
34 93 3.41
34 69 0.53
34 44 1.72
34 118 0
34 181 6.27
34 39 2.65
34 123 5.26
34 117 9.4
34 124 3.24
34 41 0
34 139 2.24
34 100 0
34 87 4.8
34 64 6.33
34 148 8.02
34 130 6.78
34 106 0
34 90 6.14
34 101 0
34 136 0
34 76 0
34 186 7.92
34 173 0
34 103 0
34 67 0
34 157 0
34 37 0
34 89 0
34 55 0
35 162 0
35 86 6.43
35 184 0
35 128 0.31
35 121 3.97
35 115 0
35 68 0.16
35 163 5.05
35 156 0
35 83 9.94
35 63 0
35 138 7.89
35 61 0
35 139 1.08
35 102 0
35 108 0
36 94 7.29
36 196 5.22
36 55 2.55
36 178 3.87
37 199 0.34
37 164 4.14
37 103 0
37 72 0
37 136 0
37 87 8.67
37 48 5.73
37 54 0.79
37 175 4.08
37 50 0
37 56 0
37 98 1.5
37 129 0.26
37 183 0
37 104 6.58
37 117 0
37 119 4.95
37 193 8.7
37 106 8.84
37 196 2.49
37 90 0
37 177 9.92
37 67 0
37 62 0
37 59 3.46
37 53 0.74
37 179 0
37 166 0
37 85 2.79
37 172 8.94
37 99 0
37 93 0.75
37 140 0
38 122 0.82
38 74 0.8
38 46 0
38 112 0
38 82 0
38 121 2.27
38 193 4.34
38 75 8.24
38 85 0
38 182 8.43
38 118 0
38 48 8.58
38 96 0
38 69 0
38 91 3.94
38 59 0.02
38 167 0
38 166 0
38 133 3.5
38 117 0
38 49 6.47
38 158 6.27
38 64 0
38 116 0
38 187 4.91
38 184 0
38 149 0
38 41 0
38 189 7.56
38 141 1
38 177 5.42
38 145 9.5
39 151 7.09
39 156 0
39 105 1.69
39 121 4.25
39 165 0
39 107 9.45
39 164 0
39 198 7.82
39 189 0
39 159 0
39 84 0
39 102 0
40 94 0
40 76 0.73
40 172 0.74
40 42 0
40 97 6.54
40 194 0
40 143 3.37
40 164 0
40 146 9.86
40 52 0
40 105 7.53
40 123 0
40 135 0
41 111 4.47
41 135 0.83
42 126 0
42 180 0
42 92 0
42 100 5.22
42 108 0
42 161 0.21
42 57 0
42 87 0
43 173 2.92
43 54 7.45
43 197 1.37
43 122 5.87
43 185 0
43 188 0
43 52 1.85
43 131 6.41
44 110 4.17
44 196 2.96
44 126 3.53
44 160 0.43
44 84 0
44 129 0
44 155 4.86
44 96 1.03
44 176 0
44 83 8.58
44 127 0
44 165 7.18
44 52 0
44 191 9.58
45 191 5.14
45 52 0
45 165 0
45 190 0.91
45 94 0
45 140 0
45 131 0
45 64 0
45 96 0
45 115 7.92
46 98 1.88
46 89 0
46 198 7.96
46 113 0
47 111 4.92
47 76 9.55
47 135 0
47 190 0
47 78 0
47 72 8.74
47 104 0.23
47 127 3.94
47 163 1.57
47 53 6.69
47 148 0
47 81 0
47 136 2.7
47 144 0
47 82 5.73
47 152 6.84
47 171 0
47 63 0
47 48 0
47 65 0
47 70 0
47 123 0
48 85 0
48 157 3.76
48 185 8.05
48 88 0
48 155 0
48 123 9.64
48 54 0
48 65 5.55
48 59 2.1
48 69 2.67
48 159 0
49 54 3.6
49 157 0
49 156 3.29
49 165 0.98
49 93 9.63
49 155 4.56
49 116 3.79
49 72 5.37
49 112 1.29
49 196 0
49 104 5.99
49 59 0
49 115 0
49 145 5.32
49 143 0
49 181 0
49 173 0
50 98 0
50 163 8.42
50 127 4.29
50 130 0
50 103 0
50 73 8.16
50 188 0
50 170 0
50 154 0
50 185 9.37
51 184 2.88
51 66 0
51 56 0
51 60 0
51 179 5.42
51 108 1.06
51 175 0
51 67 0
51 170 0
51 52 0
51 120 0
51 79 0
51 187 8.89
51 186 0
51 59 0
51 131 7.46
51 159 0
52 134 0
52 102 0
52 135 0
52 142 0
52 65 0
52 184 0
52 101 9.53
52 188 0
52 132 5.73
52 68 5.06
52 128 0
52 99 0
52 117 7.79
52 199 9.55
52 113 0
52 67 0.85
52 56 0
53 85 0
53 67 0
53 84 0
53 62 0
53 83 0
53 123 0
53 194 5.41
53 119 2.45
53 165 0
53 144 0
53 111 0
53 195 0
53 114 4.19
53 193 6.16
53 199 7.31
53 172 8.73
53 74 8.34
53 65 0
53 188 0
53 103 0
53 147 7.55
53 142 9.03
53 95 0
54 90 2.42
54 85 0.69
54 58 6.79
54 98 9.66
54 61 7.52
54 121 6.64
54 107 0
54 120 9.56
54 126 1.57
55 75 0.34
55 56 0
55 161 9.17
55 180 4.52
55 121 0
55 146 7.73
55 81 0
55 134 0
55 95 0
55 140 8.39
55 90 5.12
55 152 0
55 119 0
55 79 2.42
56 130 0
56 93 0.45
56 127 7.47
56 194 0
56 164 0
56 173 0
56 60 0
56 66 1.65
56 114 1.46
56 169 0
56 126 0.46
56 165 0
56 68 0.55
56 155 1.09
56 197 0
56 166 0
56 151 0
56 73 8.66
56 119 0
57 189 0
57 194 3.79
57 177 0
57 164 0
57 157 0
57 125 0
57 114 0
57 86 0
58 185 0
58 194 8.66
58 151 0.74
58 107 0
58 73 0
58 166 0
58 128 0
58 118 0
58 149 0
58 186 0
58 155 7.02
58 99 5.89
58 158 2.61
58 150 0
58 153 0
58 174 8.05
58 181 3.13
58 83 0
58 106 0
58 172 0
58 176 0
58 148 0
58 65 0
58 175 0
59 99 0
59 121 9.13
59 154 8.93
59 132 0
59 91 4.85
59 92 9.76
59 123 8.77
59 144 5.77
59 185 0
59 171 0
59 160 0
60 184 6.66
60 61 4.67
60 195 8.1
60 182 0
60 100 5.22
60 171 0.06
60 181 1.06
60 177 0
60 120 0.44
60 161 0.91
60 101 3.16
60 175 3.6
60 113 6.15
60 140 0
60 192 0
60 139 0
60 158 0
60 63 6.58
60 153 1.52
60 88 3.98
60 91 9.97
60 97 0
60 65 3.28
61 196 0
61 73 0
61 118 0
61 76 0
61 132 6.69
61 102 0
61 83 4.38
61 111 5.29
61 169 0
61 147 0.61
61 145 4.61
61 119 0
61 190 0
61 130 0
62 112 3.78
62 182 0
62 130 2.9
62 168 0
62 180 0
62 153 0
62 66 3.2
62 131 3.06
62 189 0
62 128 0
62 110 5.46
62 183 2.51
63 97 2.5
63 67 6.53
63 179 3.2
63 153 4.15
63 174 0
63 197 0
63 173 0
63 189 0
63 170 2.52
63 108 0.29
63 110 1.02
63 138 7.12
63 182 1.93
63 195 0
64 187 0.79
64 87 6.7
64 156 7.39
64 84 0
64 180 0
64 86 0
64 183 8.12
64 108 5.55
64 178 4.04
64 177 0
64 175 0
64 140 7.59
64 68 0
64 69 0
65 192 1.23
65 158 0
65 147 4.43
65 183 0
65 162 0
65 199 0
65 98 0
65 113 3.62
65 104 0
65 173 9.41
65 97 5.2
65 76 0
65 166 0
65 82 0
65 96 0
65 137 6.67
65 182 5.66
65 190 0
65 84 3.44
65 195 0
65 188 0
65 106 8.49
65 120 1.12
65 152 6.83
65 172 0
65 129 0
66 170 0.52
66 77 3.88
66 134 5.15
66 140 0
66 90 7.17
66 102 5.42
66 141 0
66 186 7.62
66 190 0
66 178 7.32
66 114 5.35
67 175 2.85
67 76 3.48
67 191 0
67 74 0
67 119 0
67 160 0
67 112 0
67 135 8.11
67 93 7.58
67 92 0
67 101 8.82
67 84 7
67 154 5.65
67 125 9.28
67 179 0
67 98 0
67 75 0
68 74 7.7
68 120 0
68 149 0
68 194 9.54
68 156 7.04
68 182 0
68 83 1.88
68 170 3.55
68 157 3.12
68 144 0
68 185 0
68 90 7.99
68 174 1.77
68 147 8.04
68 70 9.88
68 134 5.11
68 132 0
68 178 0
69 144 6.66
69 191 0
69 161 0
69 88 3.38
69 162 0
69 92 8.33
69 108 3.63
70 96 2.61
70 86 0
70 81 2.41
70 83 7.96
70 196 0
70 123 1
70 90 7
70 132 0
70 159 0
70 157 6.7
70 181 5.01
70 160 5.59
70 80 0
70 188 2.7
70 193 0
70 79 0
70 129 0
70 189 0.8
70 172 0
70 120 9.2
70 179 0
70 71 8.9
70 176 6.86
70 182 6.89
70 186 9.92
70 138 3.36
70 115 0
70 91 2.79
71 191 0
71 145 0.61
71 147 0
71 98 0.07
71 162 0
71 85 0
71 168 0
71 139 0
71 153 0
72 192 0
72 126 5.74
72 166 0
72 94 0
72 146 0
72 89 2.13
72 186 8.08
72 100 0
72 125 8.17
72 129 0
72 199 0
72 183 0
73 141 2.45
73 145 0
73 124 4.86
73 156 2.84
73 84 0
73 158 9.63
73 147 5.33
73 121 0
73 88 0
73 75 0
73 146 9.31
73 175 0
73 103 0
73 87 9.39
73 123 2.61
73 188 0
73 169 9.41
73 118 8.79
73 80 0
74 147 6.56
74 138 4.47
74 84 0
74 117 0.77
75 131 0
75 143 8.98
75 115 0
75 188 0
75 106 0
75 142 4.26
75 192 2.64
75 113 0
75 96 0
75 83 0
75 137 0
75 114 0
75 91 0
75 172 0
75 193 5.14
75 135 4.6
75 178 0.91
76 83 8.79
76 166 3.28
76 170 0
76 199 2.5
76 192 1.87
76 176 0
76 144 0
76 132 3.41
76 125 3.98
76 157 4.72
77 176 6.8
77 110 9.03
77 129 0
77 109 0
77 92 2.25
77 151 0
77 133 5.48
77 98 4.86
77 120 5.76
77 139 6.7
77 134 7.16
78 184 5.46
78 121 6.63
78 176 8.88
78 171 7.89
78 91 8.19
78 102 5.12
78 129 0
78 105 9.16
78 101 0
78 120 0
78 88 0
78 156 0
78 96 0
78 152 1.16
78 196 0
78 163 6.7
78 84 0
78 153 0
78 180 9.22
78 111 0
78 83 0
79 161 3.55
79 93 0.12
79 172 0
79 92 9.74
79 194 0
79 111 5.87
80 178 3.74
80 141 0
80 197 0
80 191 2.77
80 123 0
80 92 5.17
80 116 0
80 173 0
80 86 0.11
80 101 8.41
80 113 0
80 122 0
80 136 6.89
80 185 6
80 166 0
80 186 0
80 82 0
80 194 0
80 175 0
81 165 9.57
81 109 4.28
81 88 0
81 130 0
81 94 3.17
81 160 6.18
81 105 0
81 175 0
81 123 1.48
81 182 0
81 114 0
81 129 9.48
81 112 1.04
82 163 4.08
82 98 8.37
82 169 2.29
82 103 9.65
82 193 0
82 188 8.7
82 157 8.97
82 186 3.32
82 130 0
82 140 3.38
82 90 0
82 129 0
82 197 1.02
82 84 5.39
82 166 0
82 91 5.54
82 137 0
83 177 6.95
83 147 9.02
83 117 6.83
83 157 0
83 190 0.54
83 132 0
83 145 4.44
83 191 0
83 193 0
83 108 0
83 120 0
83 123 2.39
84 164 7.65
84 159 0
84 175 0
84 110 0
84 192 6.02
84 89 0
84 128 0.81
84 113 0
84 155 2.76
84 161 0
84 98 0
85 144 0
85 101 9.84
85 108 6.07
85 169 0.12
85 164 0
85 116 2.72
85 152 7.66
86 198 0.76
86 108 0
86 179 5.28
86 147 0
86 99 1.11
86 151 0
86 154 0.86
86 152 7
86 135 7.74
86 159 0
86 139 3.48
86 171 0
87 134 0
87 189 0
87 131 0
87 161 8.21
87 122 3.12
87 107 8.63
87 130 0
87 158 8.26
87 156 8.18
87 101 0
87 118 2.46
87 135 0
87 176 0
87 196 8
88 114 0
88 174 7.64
88 177 8.44
88 118 7.12
88 93 0
88 130 0
88 123 4.15
89 168 0
89 110 8.77
89 154 0
89 183 0
89 92 9.35
89 194 7.67
89 113 0
89 109 0
90 161 0
90 172 0
90 193 0
90 124 0
90 122 7.59
90 184 3.08
90 151 0
90 127 1.75
90 186 0
90 187 0
91 136 1.18
91 93 9.6
91 165 0
91 131 9.73
91 175 0
91 145 0
91 174 0
91 169 2.88
91 153 0
91 191 0
91 159 4.06
92 98 3.45
92 151 5.21
92 156 7.6
92 147 0
92 111 0
92 177 8.14
92 161 0
92 119 1.1
92 123 0
92 199 0
92 139 0
93 96 0
93 102 7.8
93 105 0
93 193 7.63
93 126 0
93 195 1.26
93 113 0
93 104 0
93 184 0
93 119 0
93 97 0
93 114 1.14
93 99 0
93 124 0
93 127 0
93 153 0
94 106 0
94 99 0
94 119 6.49
94 154 4.9
94 170 8.54
94 121 0
95 110 0
95 166 0
95 116 7.04
95 174 6.18
95 186 3.19
95 156 0
95 105 0
95 112 3.33
95 153 1.09
95 151 0
95 159 0
95 117 5.1
95 129 8.68
95 173 6.49
96 103 2.15
96 172 0
96 195 8.73
96 138 8.24
96 130 0
97 148 2.87
97 136 0.32
97 112 4.81
98 175 0
98 171 2.88
99 149 5.16
100 170 2.01
100 166 5.85
100 141 0
101 165 7.6
101 142 0
101 172 8.41
101 166 7.4
101 107 0
101 121 5.54
101 119 0
101 178 2.84
101 157 0
101 185 3.52
101 102 0
101 151 4.22
101 148 0
101 177 7.23
102 138 0
102 195 1.27
102 199 0
102 155 0
102 181 1.44
103 105 2.78
103 115 0
103 175 4.93
103 194 0
103 141 0
104 135 0
104 184 0
104 126 1.92
104 177 2.89
104 162 0
104 145 0
104 121 0
104 125 9.32
104 146 2.01
104 144 0.92
104 178 0.9
104 176 0
104 142 1.76
104 153 0
104 173 3.18
104 137 6.84
104 155 0
104 151 5.04
104 182 0
104 141 2.16
105 143 6.68
105 153 4.36
105 136 0
105 115 0
105 191 0
105 149 0
105 166 4.9
105 172 0
105 164 2.73
105 135 5.03
105 128 9.07
105 194 9.41
105 120 1.79
105 188 5.41
105 130 8.29
105 157 0
106 116 2.12
106 124 0
106 153 0
106 135 0
106 111 1
106 141 6.01
107 133 0.59
107 134 0
107 194 7.34
107 197 0
107 195 0
107 190 6.32
107 152 6.86
107 192 2.35
107 129 0
107 118 0.26
108 198 9.88
108 118 0
108 176 1.25
108 143 6.16
108 145 0.74
108 146 0
108 147 0
108 151 1.79
108 158 0
108 148 0
108 141 0
108 127 9.76
108 110 5.09
108 136 3.45
108 122 0
108 194 2.47
108 116 0
108 169 8.05
108 163 0.16
109 166 8.97
109 124 2.37
109 189 0
109 129 0
109 147 0
109 154 5.26
109 140 7.12
109 117 0
109 198 0
109 153 0
109 113 0
109 137 0
110 125 0
110 155 1.59
110 112 0
110 171 0
110 177 5.35
110 183 2.5
110 150 1.8
110 142 0
110 137 5.58
110 197 3.34
111 164 0
111 182 0.6
111 167 9.24
111 189 4.63
111 198 0
111 163 9.94
111 156 1.99
111 138 0
111 134 0
112 151 1.01
112 168 0
112 169 0.1
112 143 0
112 159 0
112 157 0
112 121 6.18
112 116 4.25
112 195 0
112 191 0
112 171 0
112 142 0
112 188 0
112 154 0
112 166 0
112 132 6.27
112 155 1.49
112 189 8.69
112 174 5.03
112 192 0
112 194 0
113 153 4.22
113 199 2.54
113 194 0
113 169 9.23
113 115 7.2
113 134 0.49
113 137 0
113 118 0
113 152 4.18
113 121 0
113 171 0
113 197 0
113 128 3.96
114 171 7.11
114 141 3.35
114 128 3.45
114 159 0
114 166 0
114 146 0.82
114 123 0
114 173 0
115 180 0.82
115 173 1
115 150 8.68
116 164 6.39
116 162 0
116 144 1.36
116 179 0
116 130 5.91
116 143 0
116 194 7.6
116 172 9.8
116 189 7.96
116 156 0
117 191 0
117 158 3.35
117 135 0
117 149 0
117 159 3.58
117 133 9.9
117 118 2.82
117 120 0
117 154 9.15
117 130 0
117 162 0
117 143 0
117 155 0
118 179 9.4
118 161 4.34
118 164 1.15
118 151 0
118 152 3.12
118 173 7.07
118 128 0
118 181 0
118 132 0
118 130 4.77
118 119 5.87
118 174 0
118 145 0
118 176 9.21
118 129 0
118 160 0
118 141 5.77
118 199 7.18
118 168 6.75
118 142 6.25
118 137 9.45
118 198 8.54
118 191 4.41
118 166 0
118 187 0
119 153 0
119 142 1.64
119 146 1.86
119 128 8.35
119 161 0
119 196 0
119 169 3.52
119 185 2.43
120 121 8.57
120 148 5.13
120 123 1.79
120 161 3.77
120 149 1.95
120 156 0.96
120 150 0
120 180 0
120 137 3.81
120 154 3.5
120 191 0
120 166 8.01
121 169 2.49
122 182 0
122 155 0
122 127 0
122 150 0
122 148 7.04
122 166 1.7
123 196 9.5
124 136 0
124 193 9.25
124 127 0
124 142 3.36
124 195 0
124 133 7.53
125 165 1.23
125 175 0
125 193 7.3
125 195 4.52
125 133 2.95
125 162 0
125 182 6.98
125 166 0
125 155 0
126 159 3.12
126 141 0
126 191 4.26
126 145 0
127 143 7.66
127 169 6.11
127 167 0
127 181 0.1
127 196 9.2
127 135 0
127 178 1.58
127 198 1.2
127 136 0
127 199 0.35
128 172 0
128 156 0
128 168 9.23
128 146 0.41
128 197 0
128 175 0
128 194 0
128 173 0
128 193 0
128 184 9.46
128 180 0
128 138 7.58
128 165 6.56
128 149 0
128 182 7.02
128 130 5.18
129 187 5.19
129 145 0
130 169 1.85
130 158 2.96
130 167 0
130 146 0
130 156 7.01
130 143 8.64
130 175 0
130 145 2.49
130 188 0
130 149 5.28
131 153 7.94
131 181 0
131 191 4.92
131 183 0
132 186 5.15
132 138 0
132 172 0
132 180 6.03
132 157 8.53
132 144 0
132 161 1
132 165 0
132 159 0
132 148 1.74
132 167 2.33
132 198 4.8
132 133 3.61
132 137 3.93
132 173 0
132 199 0
132 192 0
132 141 0
132 140 0
133 149 0
133 167 0
133 174 8.39
133 171 0
133 163 0
133 179 3.38
133 153 0
133 186 0.43
133 190 3.39
134 136 8.47
134 192 2.31
134 191 1.41
134 184 4.25
134 199 2.92
134 163 4.32
134 143 1.22
134 173 2.48
134 165 0
134 147 0
134 186 6.08
134 185 2.64
134 168 0
134 138 5.33
134 196 6.94
134 175 0
134 139 3.92
134 149 0
135 167 0
135 174 3.27
135 157 0
135 182 0
135 161 0
135 136 0.68
136 181 3.63
136 158 0
136 189 2.71
136 151 4.58
136 157 0
136 187 3.56
136 185 0
136 156 0
136 177 6.31
136 173 8.25
137 164 0
137 170 0.85
137 186 0
137 146 0
137 160 3.69
137 149 0
137 171 6.11
137 165 0
137 153 6.15
137 188 2.87
137 193 0
137 179 3.56
137 191 8.72
137 151 0
138 160 5.92
138 140 0
138 166 4.73
138 151 0
139 188 0
139 156 0
139 150 0
139 167 0
139 142 0
139 181 0
139 143 7.18
140 145 7.72
140 173 0
140 174 3.3
140 195 7.67
140 171 8.28
140 197 9.68
140 196 9.56
140 193 6.06
140 190 3.49
141 181 2.36
141 158 4.2
141 176 0
142 184 3.69
142 185 0
142 194 0
142 199 7.24
142 144 0
142 159 0
142 165 0
142 151 0.88
143 169 0
143 146 3.93
143 188 4.32
143 157 0
143 196 0
143 164 5.15
143 189 0.08
144 154 9.49
144 180 2.82
144 175 0
144 159 1.09
144 150 7.37
144 149 0.66
144 198 0
144 170 0.53
144 166 0
144 151 5.67
144 164 0
144 163 3.92
144 179 1.07
145 147 0
145 162 6.54
145 187 0
145 157 0
146 197 6.8
146 159 9.07
146 189 9.82
146 198 0
146 163 0
146 161 0
146 170 1.27
146 173 0
146 175 5.77
146 149 2.78
146 182 5.87
147 181 6.71
147 195 1.09
147 185 2.27
148 196 2.76
148 175 2.81
148 179 9.28
148 162 0
148 158 0
148 170 1.74
148 198 0.01
148 167 0
148 176 1.75
148 164 0
148 161 5.45
148 156 0
148 194 0
148 172 0
148 160 5.73
148 188 0
148 184 6.04
149 194 8.56
149 177 3.74
149 171 0
150 162 0
150 198 4.23
150 157 7.32
150 189 0
150 170 8.7
150 187 0.44
150 182 0
150 151 7.48
150 178 5.74
150 192 5.44
150 185 5.5
150 196 7.21
150 176 5.71
151 164 9.5
151 159 9.67
151 171 0
151 160 0
151 188 0
151 190 0
151 158 4.34
151 179 0
151 199 1.16
151 172 0
151 184 0.46
151 193 0
151 163 0.01
151 177 6.21
151 157 2.62
152 178 0
152 157 5.22
152 180 5.09
153 199 0
153 180 0
153 182 0
153 179 0
153 192 9.41
154 165 0
154 188 3.28
154 197 5.18
154 192 0
154 171 1.97
154 189 0
154 169 7.73
154 159 5.29
154 180 0
155 168 4.66
155 182 0
155 165 0
155 176 0
155 160 0
155 166 9.84
155 185 0
155 191 0
156 162 0
156 157 0
156 171 1.67
156 188 0
156 170 9.53
156 194 6.18
156 199 0
156 183 0.48
156 179 5.16
157 186 0
157 162 0
157 180 0
157 159 6.3
157 174 4.98
157 196 7.02
157 168 2.93
157 195 0
158 179 0
158 162 6.81
158 160 0
158 191 0
158 175 0
159 193 0
159 182 6.6
159 167 0
159 166 0
159 195 8.31
160 174 0
160 196 0.3
160 163 1.37
160 185 6.61
160 187 0
160 172 0.73
160 171 0
161 180 8.3
161 168 0
161 175 4.95
161 188 5.84
162 192 8.53
162 190 0
162 171 2.89
162 185 3.43
162 191 0
162 172 3.24
162 167 4.67
162 183 0
162 175 0
162 187 0
162 178 0
162 177 0
162 198 0
163 183 0
163 172 0
163 167 3.99
163 190 0
163 180 0
163 173 0
163 170 0
163 197 2.06
163 195 0
163 186 2.08
163 182 7.72
164 168 0
164 194 0
164 169 1.31
164 171 0
164 186 0
164 190 0.25
165 182 0
165 171 3.67
165 189 0
165 167 6.96
165 176 0
165 193 0
165 172 9.75
166 178 5.21
166 183 4.53
166 197 9.13
166 184 4.6
166 182 5.29
166 186 2.32
166 173 3.32
166 198 0
166 170 7.74
166 190 0.86
166 168 2.42
166 199 0
167 169 0
167 176 2.84
167 178 0
167 185 1.32
167 168 0
167 172 5.21
167 184 0
168 198 0
168 177 4.83
168 188 9
168 171 9.64
168 174 0
168 185 0.03
168 195 4.91
169 191 1.24
169 176 5.06
169 175 1.88
169 181 0
169 179 0
169 177 0
169 178 0
169 193 6.54
169 199 0
169 196 8.26
169 195 4.86
169 171 9.29
169 194 2.49
170 186 0
170 185 0
171 194 1.39
171 181 0
171 198 0
172 189 0.74
172 178 0
172 182 3.27
172 192 1.56
172 177 0.25
172 180 0
172 187 0
172 198 0
172 191 0
172 190 0
172 188 9.21
173 175 0
173 199 1.98
173 184 0
174 194 0.34
174 192 5.51
174 189 9.17
174 193 9.88
174 183 1.68
174 185 7.8
174 196 0
174 179 0
174 195 0
174 175 0
174 177 0.29
174 178 6.03
175 195 7.64
175 188 0
176 190 0
176 183 8.27
176 179 3.69
176 196 5.85
176 198 0
176 187 2.69
176 189 0.62
176 197 9.19
176 184 4.57
176 193 7.68
176 199 7.81
177 198 9.23
177 186 4.98
177 184 0
178 184 0
178 180 1.01
178 196 2.74
178 187 5.4
179 180 3.66
179 188 0
179 195 0.49
179 193 0
180 199 1.29
180 185 0
180 189 0
180 181 0
180 184 0
181 194 4.13
181 199 0
181 186 0
182 197 0
182 186 0
182 199 0
182 189 8.14
183 191 0
183 199 6.69
183 185 0
184 193 5.28
184 197 0
184 199 0
184 198 8.08
184 192 4.85
184 189 0
184 196 7.26
184 194 6.82
184 195 2.22
184 186 0
184 188 1.97
185 188 1.62
185 199 0.16
185 191 8.47
185 187 8.93
185 195 2.74
185 198 5.84
185 196 7.45
186 187 2.59
186 188 3.09
186 194 2.88
186 198 0
187 199 2.02
187 196 0
187 198 3.96
188 195 0
188 199 2.46
188 189 2.32
188 192 7.6
189 192 3.96
189 190 0
190 199 0
190 195 0
190 193 0
191 198 0
192 197 2.2
192 199 0
193 195 0.86
193 198 0
194 196 6.84
195 199 0
195 198 2.24
196 197 7.81
196 198 0
197 199 0
197 198 0
