0 257 0
0 383 4.55
0 492 8.13
0 73 0
0 425 0
1 348 5.25
1 222 0
1 484 0
1 297 0
1 92 0
1 177 0
1 481 5.77
1 193 0
1 258 1.6
1 228 0
1 375 2.43
2 71 0
2 499 6.12
2 263 5.73
2 158 0
2 173 6.31
2 172 3.97
2 424 5.72
2 21 0
2 28 4.82
2 475 1.03
2 365 0
2 484 0
2 442 0
2 135 7.03
2 56 0
2 74 0
2 150 2.3
2 76 0
2 141 0
2 233 0
2 356 0.87
2 79 9.5
2 305 0
2 197 3.28
2 437 4.74
2 187 5.34
2 398 0.72
2 131 2.85
2 32 3.72
2 8 0.76
2 417 0
2 418 5.55
3 369 0
3 184 0
3 391 0
3 60 6.88
3 346 0
3 359 0
3 442 0
3 288 1.64
3 99 0
3 348 0
3 78 0
3 256 0
3 311 2.73
3 474 5.47
3 91 0
3 319 0
4 306 0
4 305 1.38
4 411 3.6
4 218 0.03
4 400 0
4 469 8.22
4 172 5.19
4 230 0
4 454 0
4 294 0
4 15 5.26
4 354 8.49
4 318 0
4 192 3.03
4 216 8.54
4 32 0
4 399 6.38
4 369 0
4 315 2.27
4 459 0
4 33 0
4 43 0
4 67 4.91
4 421 0
4 358 9.12
5 481 0
5 98 0
5 416 0
5 268 0.81
5 215 2.67
5 279 4.9
5 400 7.18
5 247 3.99
5 167 0
5 245 0
5 33 0
5 250 5.12
5 138 2.85
5 370 5.74
5 60 4.78
5 391 0
5 362 0
5 184 0
5 491 0
5 331 0
5 34 4.02
5 480 4.35
5 248 0
5 64 0
5 24 6.07
5 19 2.09
5 42 0
5 202 0
5 100 7.12
5 259 3.46
5 186 0
5 365 1.25
5 470 0.6
5 274 0.41
5 20 0
6 417 0
6 153 8.79
6 243 0.08
6 97 6.03
6 96 0
6 477 0
6 174 0
6 124 6.17
6 257 2.22
6 264 0
6 246 0
6 462 1.38
6 289 1.78
6 279 0.03
6 44 8.41
6 435 9.05
6 272 7.34
6 248 7.47
6 442 3.69
6 67 0
6 88 0
6 299 0
6 312 7.84
6 82 0
6 268 5.92
6 58 0
6 191 0
6 416 5.14
7 267 0
7 84 9.32
7 171 0
7 188 5.93
7 443 0
7 237 2.34
7 60 0
7 82 4.67
7 298 0
7 246 8.65
7 362 4.11
7 359 0
7 77 4
7 444 3.85
7 154 2.05
7 376 0
7 105 0
7 144 0
7 418 0
7 254 0
7 166 3.66
7 108 2.33
7 34 5.98
7 312 0
7 56 7.13
8 442 1.33
8 128 3.29
8 287 0
8 421 4.53
8 317 0
8 55 0
8 473 0
8 134 5.11
8 57 5.59
8 61 0
8 68 6.37
8 49 0
8 429 0
8 314 7.19
8 423 0
8 360 1.94
8 434 0
8 323 5.59
8 86 0
8 418 0
8 371 3.99
8 364 0
8 69 0
8 18 0
8 351 3.58
8 65 0
8 119 0
8 135 0.53
8 347 0
8 460 0
8 479 7.56
8 104 0
8 60 2.58
8 147 0
8 247 0
8 328 7.67
8 203 9.96
9 269 0
9 406 0
9 434 0.72
9 127 0
9 124 7.37
9 482 0.01
9 400 1.36
9 450 4.66
9 346 0
9 423 0
9 102 0
9 449 2.01
9 182 6.41
9 360 0
10 300 0
10 455 0
10 122 0
10 226 0
10 16 8.84
10 495 4.14
10 175 0
10 94 0
10 368 4.48
10 217 2.42
10 35 5.1
10 54 9.34
10 356 0
10 454 0
10 62 0
10 295 1.28
10 224 0
10 386 0
10 449 8.23
10 365 7.61
10 307 0
10 126 6.71
10 499 0
10 328 0
10 376 4.69
10 451 3.27
10 11 0
10 225 0
11 281 3.87
11 27 7.65
11 283 6.87
11 462 0
11 145 0
11 276 0.25
11 465 4.55
11 305 6.9
11 40 3.43
11 387 8.33
11 76 0
11 199 8.61
11 430 5.33
11 98 3.32
11 61 5.84
11 101 7.38
11 14 4.2
11 315 0
11 420 0
11 492 0
11 228 0.32
11 59 0
11 402 9.6
11 255 0
11 499 0
11 95 7.32
11 163 0
11 35 0
11 484 0
11 68 0
11 410 0
11 313 6.71
11 407 2.54
11 474 0
12 43 6.1
12 345 0
12 241 7.08
12 236 9.99
12 279 4.8
12 375 4.46
12 311 3.13
12 67 0
12 111 0
12 136 2.7
13 136 8.39
13 183 6.97
13 301 0
13 240 8.15
13 196 0.22
13 124 7.18
13 257 0
13 166 0
13 119 0
13 206 0
13 79 0.49
13 65 1.8
13 269 0
13 106 0
13 313 0
13 318 9.52
13 315 7.06
13 238 2.82
13 43 0
13 135 0.02
13 312 2.78
13 84 7.31
13 423 0
13 97 0
14 201 0
14 292 0
14 236 0
14 296 9.38
14 180 0
14 85 0
14 100 0.44
14 447 2.02
14 172 5.74
14 61 0
14 261 0
14 481 1.41
14 328 0
14 449 3.74
14 378 0
14 193 0
14 210 4.65
14 364 0
14 67 4.08
14 47 0
14 116 0
14 251 0
14 289 0
14 30 0
14 154 5.96
14 393 0
14 216 9.89
14 191 7.71
14 492 1.31
14 109 6.29
14 254 0
14 388 0
14 144 0
14 101 7.91
14 459 0
14 473 8.94
14 368 0
14 467 0
14 43 4.89
14 416 0.05
14 164 0.47
14 117 7.95
14 227 0
14 238 0
14 466 4.95
14 330 0
14 490 9.76
14 275 0
14 341 3.95
14 456 0
14 52 0
14 365 0
14 250 0
14 453 5.68
14 369 0
14 269 6.27
14 493 0
14 197 0
14 212 0
14 413 0
15 368 0
15 423 0
15 441 0
15 334 0
15 492 6.03
15 467 3.75
15 96 0.19
15 223 0
15 408 4.31
15 330 0
15 379 3.97
15 101 0
15 103 6.78
15 110 0
15 209 7.82
15 338 7.34
15 277 9.71
15 491 0
15 444 0
15 468 7.75
15 102 0.47
15 80 0
15 381 7.68
15 28 0
15 359 0
15 167 5.43
15 252 0
15 456 0
15 82 0
15 269 1.9
15 61 0
15 23 4.36
15 319 0
15 388 4.13
16 364 0
16 422 6.82
16 309 0
16 447 0.29
16 486 3.39
16 184 6.35
16 37 6.77
16 223 0
16 160 5.11
16 152 1.4
16 429 6.27
16 423 2.4
16 85 0.53
16 133 0
16 411 9.61
16 384 0
16 328 0
17 24 3.82
17 150 0
17 331 0
17 37 0
17 25 0
17 435 1.46
17 114 1.67
17 50 5.84
17 199 0
17 445 8.75
17 247 0
17 135 1.83
17 275 3.6
17 300 0
17 183 1.53
17 391 1.05
17 163 0
17 22 9.72
17 350 3.18
17 52 1.64
17 404 8.42
17 73 0
17 59 3.92
17 86 8.91
17 424 2.4
17 102 3.46
17 368 9.54
18 410 0
18 287 0
18 299 6.65
18 63 0.85
18 105 0
18 363 0
18 200 7.97
18 240 0
18 330 1.59
18 101 4.05
18 254 0
18 387 6.41
18 41 0
18 173 0
18 181 0
18 338 0
18 402 1.58
18 466 0
18 433 7.52
18 142 0.82
18 353 0
19 34 7.02
19 421 0
19 347 0
19 342 0
19 230 5.71
19 307 1.93
20 292 0
20 156 0
20 435 0
20 199 0
20 176 7.91
20 365 2.07
20 357 9.1
20 434 4.62
20 188 5.94
20 230 0
20 208 2.16
20 28 0
20 110 4.88
20 497 0
20 257 0
20 217 0
20 100 8.93
20 288 6.19
20 23 0
20 60 0
20 487 4.51
20 92 1.45
20 97 0
20 419 4.45
20 358 0
20 491 6.78
20 86 4.32
20 324 0
20 183 0
20 80 6.32
20 48 0
20 266 0
20 272 5.32
20 454 3.1
20 486 2.16
20 376 7.2
20 99 0
20 297 8.83
20 479 0
20 124 0
20 286 7.32
20 47 0.76
20 389 6.14
20 244 0
20 318 2.72
20 107 0
20 278 3.65
21 113 8.19
21 127 4.34
21 222 9.01
21 45 0
21 197 4.32
21 343 0
21 124 0
21 449 0
21 476 3.99
21 465 0
21 444 1.92
21 430 5.41
21 425 0
21 154 2.6
21 241 6.23
21 105 6.21
21 118 0
21 114 0
21 191 0
21 405 7.74
21 319 0
21 218 6.52
21 347 7.53
21 233 0
21 396 0
21 299 0.06
22 281 0
22 269 2.37
22 268 2.16
22 280 0
22 179 9.52
22 58 7.83
22 495 0
22 169 7
22 28 0
22 315 2.62
22 123 0
22 297 0
22 338 7.8
22 251 0
22 214 0
22 209 0.54
22 135 0
22 176 0
22 260 9.07
22 313 4.29
22 118 3.25
22 378 0
22 278 0
22 435 0
22 55 4.15
22 379 3.95
22 283 7.36
22 266 0
22 237 1.39
22 165 0
22 218 0
22 355 5.34
22 395 0
22 462 8.35
23 95 5.53
23 311 6.32
23 438 3.53
23 323 6.7
23 382 0.77
23 480 9.78
23 465 8.24
23 120 0
24 495 4.51
24 368 8.63
24 161 0
24 59 0
24 204 0
24 193 0
24 339 0
24 478 2.67
24 446 6.19
24 321 0
24 496 2.43
24 225 0
24 424 0
24 107 2.49
24 403 0
24 462 7.22
24 53 7.28
24 349 0
24 438 0
24 65 4.51
24 466 0
24 291 0
24 199 0
24 160 0
25 26 7.07
25 224 0
25 308 0
25 200 0
25 294 4.64
25 158 0
25 492 0
25 330 3.15
25 423 9.69
25 156 0
25 260 9.47
25 495 0
25 437 3.38
25 181 0
25 57 0
25 207 1.06
25 404 0
25 138 5.12
25 238 2.22
25 337 5.87
25 150 5.26
25 258 0
25 355 0
25 482 0
25 339 0
25 451 1.27
25 130 0
26 303 0
26 144 7.97
26 247 9.71
26 48 1.13
26 75 1.01
26 424 0
26 359 0
26 46 3.68
26 158 0
26 331 3.59
26 224 0
26 221 9.56
26 67 0
26 437 0
26 152 2.85
26 54 1.9
26 154 0
26 373 2.49
26 177 9.46
26 205 0
26 199 0.98
26 57 0
26 466 2.63
26 432 9.63
26 335 0.03
26 100 0
26 36 0
26 393 0
26 206 0.53
26 79 0.06
27 396 8.69
27 345 0
27 74 0
27 466 7.37
27 242 5.51
27 458 0
27 427 0
27 332 0
27 53 2.75
27 165 6.76
27 233 0
27 489 5.68
27 448 0
28 208 8.84
28 321 0
28 168 0.02
28 292 6.11
28 327 0
28 324 0
28 55 0.67
28 256 0
28 392 0
28 50 0
28 71 0
28 300 7.17
28 474 0
28 482 5.58
29 104 0
29 428 0
29 72 0
29 81 0
29 402 0
29 389 0
29 102 6.69
29 260 0
29 359 0
29 234 4.85
29 363 0
29 400 9.04
29 439 0
29 299 4.5
29 467 0
29 82 0.46
29 226 7.62
29 288 1.12
29 415 0
29 499 7.29
29 221 0
29 432 0
29 419 0
29 218 8.56
29 269 0
29 476 0
29 34 0
29 376 7.98
29 382 2.86
29 256 1.61
29 387 0.81
29 291 0
29 88 0
29 157 2.73
29 125 0
29 201 4.17
29 209 0
29 308 4.03
29 310 0
29 98 2.82
29 422 0
29 395 0
29 146 0
30 141 0
30 228 9.22
30 395 7.26
30 246 8.92
30 199 4.05
30 163 0
30 72 0
30 89 1.95
30 496 1.07
30 486 0
30 431 0
30 53 0.62
30 331 5.48
30 407 0
30 119 4.19
30 249 8.18
30 248 1.51
30 370 5.31
30 259 0
30 50 0
30 499 0.77
30 287 9.21
30 154 1.48
30 115 0
30 318 0
30 200 0
30 424 0.27
31 265 7.85
31 454 0
31 284 8.81
31 403 2.29
31 47 0
31 101 0
31 106 0
31 124 0.74
31 492 0
31 261 0
31 486 5.25
31 358 0
31 212 0
31 59 0
31 338 1.25
31 469 7.72
31 415 0
31 426 7.75
31 495 0
31 324 0
31 463 9.34
31 204 3.78
31 433 0
31 240 0
31 210 0
31 219 0
31 332 3.67
32 491 0
32 299 0
32 489 7.87
32 33 8.91
32 243 6.62
32 58 0
32 372 0
32 279 8.71
32 482 4.91
32 295 0
32 414 3.45
32 122 0
32 46 8.44
32 312 0
32 300 0
32 395 0.45
32 464 0
32 412 0
32 436 0
32 160 2.87
32 451 0
32 236 0
32 425 0
32 154 0
32 463 0
32 51 0
32 321 0
32 307 0
32 249 9.1
32 254 6.89
32 194 0
32 361 0
32 446 4.02
32 49 0
32 180 9.88
32 391 0
32 239 6.26
32 64 0
32 282 4.87
32 480 0
32 178 7.47
32 400 1.9
32 40 8.7
32 419 0
33 164 6.01
33 374 0
33 396 0.24
33 240 5.27
33 379 4.11
33 495 0
33 103 4.53
33 288 0
33 344 0
33 196 0.14
33 268 7.15
33 261 0
33 89 0.16
33 435 4.94
33 115 8.04
33 293 0
33 217 0
33 458 0
33 199 0
33 303 0
33 60 0
33 334 0
33 206 0
33 249 0
33 323 0
33 321 0
33 417 0
33 157 1.11
33 407 0
33 73 7.1
33 158 5.54
33 286 3.52
33 235 7.5
33 57 0
33 282 5.47
33 72 0
33 245 0
33 79 0
34 413 0
34 458 3.9
34 245 5.28
34 100 0
34 448 0
34 274 9.77
34 184 0
34 399 2.93
34 394 2.92
34 253 0
34 275 7.63
34 411 1.48
34 144 0
34 59 0
34 407 0
34 179 0
34 87 0
34 63 0
34 212 0
34 60 0
34 282 2.26
34 349 0.33
34 326 2.11
34 85 7.95
34 188 0
35 487 7.92
35 390 0
35 210 3.53
35 472 0
35 87 8.42
35 58 8.13
35 167 0
35 74 0
35 44 0
35 305 0
35 142 0
35 349 0
35 265 0
35 456 0
35 123 4.64
35 203 0
35 168 6.09
35 302 0
35 46 8.27
35 416 0
35 184 0
35 269 0
35 469 0
35 66 6.45
35 376 4.09
35 346 0
35 127 0
35 240 0
35 213 5.47
35 272 0
35 323 8.43
35 331 0
35 161 0
35 89 0.9
35 273 8.92
35 178 8.86
35 277 0
35 174 0
36 495 0
36 422 0
36 71 0
36 481 0
36 396 6.82
36 370 0
36 251 4.46
36 473 0
36 434 0
36 364 0
36 335 4.1
36 186 2.53
36 444 6.29
36 210 9.29
36 220 2.15
36 147 0
36 217 0
36 204 3.24
36 156 0
36 118 4.76
36 200 0
36 211 2.84
36 304 0
36 120 0
36 301 0
36 394 3.02
36 272 0.96
36 207 7.69
36 213 2.73
36 357 1.73
36 284 0
36 293 0
36 319 5.82
36 285 0
36 98 0
36 383 0
36 69 0.71
36 165 7.02
36 426 2.88
36 244 0
36 183 0
36 343 9.1
36 384 2.68
36 455 0
36 332 0
36 142 0
36 99 0
36 116 0
36 111 0
36 202 8.72
36 226 0
36 256 3.56
37 95 4.82
37 86 3.13
37 47 0
37 232 8.66
37 119 0
37 216 6.04
37 243 8.18
37 479 1.57
37 228 5.78
37 417 5.6
37 131 0.28
37 58 1.29
37 91 2.45
37 355 0
37 137 0
37 327 1.95
37 189 0
37 164 0
37 280 0
37 53 0
37 244 0
37 143 0
38 296 0
38 150 7.36
38 274 2.98
38 346 9.92
38 163 5.56
38 364 3.65
38 342 5.7
38 317 0
38 422 5.16
38 67 7.33
38 439 0
38 206 5.7
38 233 0
38 476 0
39 320 7.92
39 44 4.32
39 414 8.05
39 460 0
39 165 0.85
39 331 0
39 366 1.99
39 120 0.48
39 326 6.22
39 368 0
39 492 0
39 273 0
39 418 3.32
39 338 8.43
39 412 0
39 252 9.62
39 310 1.99
40 58 0
40 48 0
40 478 6.88
40 403 8.99
40 138 0
40 265 0
40 300 6.23
40 80 5.6
40 215 6.19
40 475 5.87
40 159 1.69
40 247 6.22
40 459 2
40 473 0
40 85 0
40 404 6.05
41 46 7.35
41 251 8.81
41 322 0
41 375 0
41 230 3.17
41 393 6.4
41 487 0
41 270 0
41 359 0
41 424 0
41 241 9.65
41 42 0
41 496 8.05
41 218 0
41 172 0
41 105 6.55
41 99 0
41 197 0
41 333 1.6
41 302 5.53
41 329 1.48
41 44 4.74
41 403 0
41 119 4.14
41 154 9.64
41 492 0
41 52 9.27
41 248 0
41 361 2.14
41 471 0
41 92 3.16
41 388 8.15
41 407 3.98
41 376 0
41 306 0
41 71 0.05
41 140 0
41 383 0
41 330 3.22
41 186 0
41 201 6.68
42 481 0
42 388 0
42 354 8.96
42 341 0
42 232 0
42 144 7.42
42 169 0
42 331 0
42 229 0
42 218 7.13
42 325 9.8
42 419 0
42 303 1.92
42 309 0
42 310 5.27
42 486 0
42 466 8.08
42 204 7.24
42 246 0
42 375 0.02
42 44 0
43 49 0
43 478 0
43 468 0
43 327 0
43 145 0
43 73 0
43 114 0
43 320 0
43 162 0
43 105 0
43 183 0
43 62 3.24
43 405 0
43 385 6.39
43 85 0.34
43 213 0
43 108 0.5
43 156 3.37
43 208 5.45
43 375 0
43 435 0
43 451 1.55
43 346 7.06
43 485 8.99
43 401 0
44 421 1.24
44 257 0
44 109 7.75
44 313 0
44 474 0
44 169 7.96
44 194 0.02
44 97 9.37
44 377 0
44 186 7.36
44 180 5.2
44 358 0
44 198 0
44 236 3.4
44 456 0
44 345 0
44 387 2.49
44 355 0
44 233 6.34
44 118 0
44 288 9.27
44 112 0
44 401 0
44 409 0
44 343 0
44 408 0
44 363 9.97
44 483 6.9
44 77 7.89
44 400 9.21
44 290 7.53
44 487 8.98
44 458 0
44 429 9.24
44 74 9.83
44 52 1.43
44 95 6.27
44 260 0.93
44 84 0
44 171 0
44 473 0
44 314 5.42
44 385 0.84
45 444 5.11
45 233 0
45 263 4.6
45 157 0
45 396 8.15
45 87 0
45 168 0
45 277 9.13
45 89 0
45 103 0
45 298 0
45 106 4.55
45 497 0
45 248 0
45 470 2.43
45 107 1.15
45 339 0
45 201 0
45 130 2.66
45 325 8.16
45 198 5.74
45 88 0
45 284 4.78
45 378 5.88
45 211 6.22
45 332 0
45 478 0
45 187 0
45 384 0
45 499 6.17
45 370 9.42
45 385 0
45 415 5.06
45 496 0
45 307 0
45 177 0
45 498 6.35
45 181 9.32
45 179 0
45 466 5.61
45 424 2.44
45 488 0
45 80 1.39
45 397 0
46 132 0
46 299 0
46 418 0.76
46 330 0.02
46 270 6.21
46 203 6.46
46 294 0
46 202 0
46 318 4.36
46 470 6.99
46 296 0
46 358 0
46 363 9.33
46 135 5.04
46 323 0
46 230 4.16
46 114 0
46 261 0
46 235 1.11
46 280 0
46 213 4.88
46 377 0
46 425 1.24
46 88 1.41
46 416 0
46 494 0
46 197 0
47 211 0
47 137 5.05
47 247 6.26
47 159 3.41
47 261 5.64
47 193 0
47 488 0
47 372 0
47 250 0
47 302 9.44
47 317 3
47 480 0
47 411 0
47 347 0
47 409 3.86
47 458 0
47 481 7.17
47 487 0
47 126 0
47 169 3.97
47 228 0
47 180 0
47 344 5.29
47 288 9.68
47 265 8.76
48 65 0
48 274 0
48 483 0
48 203 6.19
48 213 0
48 135 0
48 222 8.56
48 462 0
48 62 7.59
48 201 5.8
48 307 0
48 482 3.72
48 273 9.73
48 478 2.83
48 380 0
48 147 0
48 425 0
48 396 2.11
48 310 6.85
48 277 0
48 492 0
48 228 0
48 465 0
48 445 0
48 320 0
48 319 6.08
48 168 0
48 413 6.93
48 196 0
48 175 0.01
48 249 8.53
48 130 4.69
48 244 0
48 358 6.69
48 179 9.28
48 325 0
48 107 0
48 498 0
48 289 0
48 381 4.32
48 104 0
48 432 8.12
48 276 0
48 84 0
48 438 0
48 155 4.9
48 323 9.86
48 55 0.83
48 160 3.11
49 279 0
49 67 0
49 274 0
49 122 0
49 315 0
49 331 1.24
49 155 2.68
49 213 0
49 225 6.45
49 168 0
49 463 5.21
49 309 0
49 437 0
49 319 4.67
49 68 0
49 440 2.62
49 300 4.03
49 253 1.32
49 189 0
49 203 9.82
49 359 5.1
49 242 9.56
49 271 0
49 291 8.13
49 431 0
49 258 2.66
49 476 1.78
50 387 0
50 481 1.09
50 311 0
50 208 5.46
50 89 0
50 446 6.09
50 498 0
50 187 4.28
50 483 0
50 73 0
50 341 6.53
50 320 4.05
50 105 0
50 191 0.3
50 495 0
50 425 1.06
50 273 1.73
50 351 0
50 349 0.76
50 52 4.99
50 335 0.08
50 420 1.97
50 260 0
50 239 0.75
50 329 5.7
50 257 6.34
50 362 8.9
50 155 7.24
50 280 0.11
51 65 4.23
51 411 4.95
51 365 1.37
51 259 5.84
51 278 0
51 114 6.2
51 258 0
51 187 0
51 290 0.84
52 95 0
52 61 0
53 204 0.39
53 281 9.05
53 138 6.95
53 283 0
53 307 0.74
53 239 9.1
53 63 0
53 107 3.58
53 369 9.69
53 308 3.72
53 349 0
53 219 3.1
53 316 0
53 302 0
53 430 0
53 478 0
53 323 0
53 423 7.17
53 244 0
53 197 0
53 214 8.52
53 407 0
53 225 0
54 162 9.83
54 387 0
54 104 5.29
54 479 0
54 300 1.65
54 122 9.99
54 476 0
54 490 5.87
54 431 0
54 260 0
54 440 0
54 327 3.1
54 133 1.46
54 439 3.57
54 442 0
54 187 2.68
54 234 0
54 151 8.03
54 361 0
54 382 0
54 386 0
54 250 7.25
54 474 0
54 150 2.43
54 253 8.33
54 97 2.37
54 155 0
54 136 0
54 289 3.06
54 472 2.88
54 420 0
54 482 5.92
54 210 0
54 246 0
55 104 0
55 185 0.68
55 382 6.58
55 406 0
55 221 0
55 164 1.2
55 230 5.95
55 364 0
55 448 0
55 61 0
55 336 7.05
55 479 0
55 494 1.23
55 293 1.89
55 172 0
55 351 0
56 196 8.38
56 210 0.93
56 58 0
56 126 0
56 112 4.86
56 316 0
56 250 0
56 166 1.24
56 215 0
57 443 0
57 390 0
57 269 0
57 459 0
57 338 0
57 331 0
57 262 0
57 310 0
57 141 1.74
57 342 0
57 483 8.46
57 126 3.78
57 385 2.19
57 322 0.55
57 134 4.31
57 138 0
57 251 4.23
57 304 9.83
57 441 5.82
57 182 0
57 404 0.04
57 67 0
57 240 0
57 113 1.09
57 199 0.26
57 380 0
57 202 5.31
57 137 4.49
57 440 0
57 478 0
57 179 0
57 110 0
57 150 6.43
57 92 0
57 60 0
57 175 2.36
58 212 0
58 456 0.41
58 255 1.99
58 203 0.02
58 294 2.38
58 167 0
58 193 0
58 356 0
58 250 2.87
58 338 0
58 359 0
58 239 0
58 331 0
58 198 0
58 177 0.49
58 492 0.11
58 285 0
58 188 0
58 404 1.12
58 403 6.74
58 281 7.42
58 100 0.27
58 489 7.37
58 102 9.8
58 426 0
58 390 2.6
58 227 0
58 471 0
58 264 0
58 111 0
59 392 0.86
59 368 0
59 292 0
59 343 0
59 365 2.04
59 218 0
59 413 0
59 110 0
59 194 2.47
59 118 9.53
59 300 0
59 296 0
60 287 4.98
60 153 0
60 285 7.59
60 417 1.96
60 312 0
60 347 1.84
60 265 0
60 221 5.59
60 149 0
60 119 0.68
60 489 1.24
60 238 2.91
60 429 2.85
60 374 0
60 375 0
60 208 0
61 452 6.45
61 180 0
61 222 4.18
61 109 0
61 201 3.2
61 155 0
61 89 1.12
61 192 8.26
61 334 0
61 183 0
61 88 1.9
61 322 5.21
61 265 0
61 207 0.65
61 416 1.5
61 389 0
62 388 6.9
62 419 0.24
62 359 0.37
62 235 0
62 108 0
62 231 0
62 244 5.05
62 186 0
62 187 0
62 481 5.68
62 461 9.19
62 487 0
62 142 1.28
62 224 8.64
62 125 2.42
62 105 0
62 265 0
62 486 0.7
62 372 0
62 490 0
62 415 0
62 232 8.85
63 470 6.56
63 206 0
63 386 5.6
63 168 0
63 420 0
64 467 0
64 443 8.12
64 457 0
64 473 1.26
64 105 5.01
64 321 6.56
64 480 0
64 256 0
64 241 1.5
64 236 0
64 281 0
64 447 7.73
64 341 2.07
64 337 0
64 142 6.77
64 140 0
64 450 0
64 143 0
64 362 0
64 193 4.84
64 184 4.36
64 325 0
64 439 6.85
64 377 3.18
64 106 5.79
64 172 0.29
64 369 7.32
64 112 0
64 108 0
64 338 0
64 495 3.05
64 199 7.6
64 357 0
64 125 2.46
64 477 0
64 353 0
64 226 0.04
64 191 0
64 286 0
65 313 0
65 355 2.7
65 272 0
65 145 0
65 182 8.26
65 347 0
65 411 0
65 309 4.25
65 303 0.63
65 284 4.09
65 238 8.26
65 245 0
65 74 4.55
65 282 0
65 299 6.36
66 162 2.62
66 127 1.01
66 400 1.37
66 323 0
66 248 0
66 198 0
66 82 0.59
66 104 0
66 494 0
66 408 0
66 131 1.56
66 483 0
66 286 8.66
66 375 0
66 396 0
66 125 2.68
66 398 0
66 468 7.23
66 326 0.06
66 440 6.23
66 209 0
66 277 2.66
66 130 7.02
66 108 0
66 211 0
66 208 0
66 420 4.68
66 451 9.27
66 126 8.12
66 166 3.38
66 89 9.94
66 76 9.32
66 150 0
66 372 0
66 234 4.27
66 353 4.71
66 471 0
66 196 7.14
66 212 1.45
66 390 0
66 302 0
66 141 1.24
66 259 0
66 255 2.4
66 438 0
66 491 9.35
66 481 5.75
66 116 0
66 330 3.41
66 433 9.15
67 303 1.48
67 311 0
67 416 0
67 155 8.42
67 289 0
67 104 3.82
67 314 0
67 111 4.25
68 227 0
68 450 9.27
68 314 0
68 106 0
68 305 0
68 416 6.24
68 176 0
68 168 6.57
68 469 0
69 311 4.16
69 254 0
69 366 0
69 186 0
69 148 5.89
69 368 0
69 282 0
69 213 0
69 85 0
69 255 0
69 252 7.72
69 469 2.68
69 436 8.89
69 327 0
69 73 8.76
69 381 8.61
69 251 4.77
69 329 0
69 485 3.38
69 233 6.56
69 286 0
69 449 0
69 393 0
69 364 0.13
69 320 0.61
69 456 0
69 333 6.18
69 426 1.91
69 265 8.35
69 492 0
70 181 0
70 175 0
70 113 0
70 146 3.41
70 337 2.5
70 305 0
70 411 5.45
70 145 9.08
70 353 0
70 237 8.6
70 450 0
70 134 0.06
70 299 0
71 315 0
71 344 3.75
71 398 3.4
71 187 0
71 490 5.29
71 422 4.23
71 157 0
71 78 0
71 319 8.39
71 445 0
71 116 3.73
71 417 0
71 227 1.76
71 297 7.48
71 415 9.67
71 356 0
71 130 0
71 373 0
71 202 2.45
71 485 0
71 219 6.85
71 98 5.38
71 402 0
71 381 3.4
71 136 2.53
71 335 0
71 497 8.98
72 97 0.65
72 462 2.55
72 204 0
72 238 0
72 125 1.26
72 212 0
72 199 4.57
72 130 0
73 219 5.22
73 207 2.02
73 423 5
73 107 0
73 315 5.67
73 379 8.32
73 383 1.97
73 478 5.25
73 180 6.64
73 122 4.72
73 409 0.48
73 290 9.37
73 146 0
73 287 3.55
73 486 0.4
73 490 0
73 166 0
73 257 2.68
73 170 0
73 354 5.8
73 137 8.11
73 216 2.03
73 323 4.43
73 411 0
73 331 9.71
73 139 1.57
73 163 8.61
73 336 0
73 341 2.25
73 260 9.98
73 387 5.01
73 303 0
73 277 5.1
73 98 0
73 114 0
73 252 0
73 110 0
74 119 0
74 480 0
74 160 0
74 112 0
74 212 0
74 336 4.79
74 379 9.92
74 304 0
74 479 6.01
74 224 0
74 481 1.76
74 395 0
74 270 9.74
74 289 0
74 76 0
74 213 0
75 117 0.7
75 336 0
75 202 0
75 144 0
75 254 6.9
75 307 0
75 342 0
75 450 7.44
75 382 0
75 238 9.96
75 345 0
75 474 0
75 403 0.35
75 445 2.83
75 322 0
76 329 6.54
76 211 0
76 92 3.15
76 322 8.67
76 494 8.29
76 283 0
76 233 0
76 89 0
76 339 3
76 145 0
76 431 0
76 88 0.92
76 130 9.69
76 93 3.33
76 131 0
76 160 0
77 493 9.38
77 95 4.86
77 496 6.91
77 265 7.92
77 298 0
77 289 1.38
78 263 7.36
78 310 0
78 134 0
78 193 0
78 286 0
78 387 0
78 357 7.31
78 174 5.53
79 314 6.77
79 406 6.28
79 334 7.81
79 238 0
79 308 0
79 232 0
79 370 0
79 152 0
79 270 0
79 486 7.48
79 140 2.7
79 375 9.66
79 243 4.65
79 383 5.47
79 248 0
79 316 6.29
79 302 6.98
79 453 0
79 397 4.64
79 241 2.17
79 186 1.03
79 160 0
79 109 0
79 483 0
79 433 9.27
79 91 7.41
79 199 0
79 95 7.47
80 405 8.8
80 495 4.7
80 162 0
80 484 0
80 293 0
80 346 0
80 466 7.28
80 449 2.3
80 149 1.14
80 129 0
80 429 9.48
80 285 0
80 371 0
80 200 0
81 118 0
81 108 0
81 268 9.29
81 129 0
81 314 0
81 192 0
81 385 8.01
81 211 0
81 468 0
81 327 2.37
81 495 0
81 252 8.28
81 372 9.51
81 269 0
81 260 0
81 317 0
81 319 0
81 185 6.59
81 189 9.62
81 428 2.55
81 437 0
81 345 0
81 186 1.55
81 221 1.22
81 280 8.71
81 193 0.48
81 358 0
81 277 1.01
81 369 0
81 159 4.67
81 322 0
81 486 5.3
81 398 5.28
81 399 7.35
81 396 9.89
81 220 5.46
81 356 3.86
81 196 9.02
81 315 2.19
81 142 0
82 422 7.66
82 447 7.4
82 199 9.2
82 205 2.28
82 189 9.25
82 408 1.39
82 328 0
82 397 8.43
82 479 2.41
82 429 0
82 174 8.48
82 271 8.78
82 368 0
82 244 7.81
82 203 6.26
82 143 0
82 246 0
82 430 0
82 459 0
82 107 0
82 110 0
82 129 0
82 192 0
82 442 0
82 235 3.29
82 496 5.85
82 114 0
82 475 6.44
82 303 0
82 267 0
82 226 1.5
82 149 1.98
82 324 0
82 264 0
82 435 3.57
82 387 0
82 245 0.59
83 209 0
83 97 7
83 329 1.68
83 415 0.18
83 349 2.86
83 473 8.97
83 187 0
83 212 0
83 288 0
83 159 0
83 228 0
83 270 8
83 498 0
83 331 1.33
83 265 2.93
84 291 0.16
84 353 0
84 493 6.44
84 448 1.28
84 280 0
84 491 6.28
84 183 4.81
84 88 7.76
84 156 0
84 166 0
84 180 6.23
84 334 3.69
84 285 0
84 436 0
84 431 1.45
84 179 2.06
84 277 0
84 331 8.81
84 450 0
84 209 0.65
84 340 0
84 136 8.87
84 373 0.59
84 344 0
84 125 0
84 198 8.35
84 369 0
84 496 0
84 351 0.78
84 471 0
84 442 0
84 316 0
84 444 9.05
84 456 9.29
84 185 0
84 236 0
84 234 0
84 392 0
84 167 4.28
84 195 0
84 187 4.71
84 264 0
85 259 3.39
85 383 0
85 426 7.85
85 143 0
85 146 0
85 456 0
85 137 3.09
85 496 0
85 353 5.5
85 347 0
85 140 2.33
85 183 0
85 491 9.89
85 367 0.34
85 319 0
85 378 5.34
85 231 0
85 389 0
85 269 2.8
85 386 3.83
85 107 0
85 175 3.26
85 398 0
85 401 6.32
85 243 0.33
85 420 8.02
85 264 0
85 103 7.81
85 191 0
85 101 0
85 208 0
85 210 2.26
85 118 8.65
85 409 0
85 408 0
85 186 6.34
85 280 0
85 444 9.94
85 227 1.59
85 211 6.8
86 287 0
86 368 3.31
86 100 0.59
86 490 0
86 495 6.68
86 382 0
86 97 7.89
86 259 0
86 440 0
86 409 0
86 210 0.97
86 87 2.47
86 373 0
86 442 4.22
87 176 0
87 156 0
87 343 2.83
87 416 0
87 450 6.32
87 484 0
87 364 0
87 253 6.07
87 458 5.37
87 471 4.57
87 333 6.9
87 406 0
87 383 7.65
87 117 6.42
87 429 0
87 294 0
87 285 3.89
87 218 0
87 203 8.4
87 111 0
87 262 0
87 300 3.31
87 131 0
87 311 0
87 315 0
87 330 0
87 422 0
87 108 4.46
87 238 0
87 411 0
87 463 0
87 234 0
87 308 0
87 307 0
87 171 8.59
87 385 0
87 442 5.42
87 444 7.86
87 377 0
87 324 0
87 339 6.29
87 166 0
87 342 0
87 130 0
87 211 0
87 438 3.78
87 496 0
87 481 0
87 346 2.54
87 190 3.95
87 451 9.14
88 227 4.13
88 437 0
88 221 9.81
88 420 8.68
88 287 3.16
88 95 1.52
89 119 0
89 404 0.53
89 307 0
89 400 0
89 138 0
89 270 0
89 149 0
89 132 7.31
89 490 8.48
89 152 0
89 468 2.76
89 308 5.04
89 497 0.05
89 417 2.68
89 191 9.37
89 195 0
89 131 7.5
89 303 2.97
89 341 9.2
89 233 3.54
89 312 8.73
89 306 6.47
89 485 6.49
89 288 1.71
89 285 0
90 440 7.5
90 204 0.12
90 101 0
90 235 0
90 376 0
90 490 0
90 323 3.87
90 221 0
90 340 7.08
90 352 0
90 181 0
90 480 0
90 464 0
90 413 0
90 122 0
90 311 0
90 465 2.49
90 349 0.98
90 171 8.07
90 119 0
90 455 0
90 370 0
90 334 0
90 410 4.7
90 229 5.71
90 438 0
91 249 0
91 494 0
91 320 0
91 238 5.34
92 302 0.3
92 143 3.07
92 116 0
92 414 7.86
92 412 2.78
92 358 5.14
92 364 0
92 427 7.73
92 307 5.92
92 265 0
92 137 0
92 217 0
92 486 7.17
93 440 0
93 208 5.95
93 431 4.89
93 336 3.82
93 191 0
93 467 0
93 251 0
93 346 6.31
93 485 0.05
93 399 9.13
93 483 3.26
93 230 0
93 390 3.94
93 386 0
93 327 0
93 277 9.99
93 377 4.64
93 193 8.01
93 205 9.72
93 98 4.98
93 215 9.39
93 275 2.9
93 272 0
93 339 3.16
93 147 0
93 221 1.53
93 358 0
93 330 8.24
93 392 1.42
93 151 0
93 465 0
93 211 0
93 459 1.65
93 428 4.34
93 496 0
93 307 6.51
93 158 9.58
93 206 1.9
93 384 0
93 118 2.64
93 487 7.03
93 203 0
94 212 7.88
94 113 0
94 423 0
94 308 0
94 227 0
94 224 4.17
94 197 4.95
94 421 0
94 305 0
94 399 2.68
94 331 0
94 473 2.2
94 393 9.64
94 418 0
94 338 0
94 130 0
94 366 0
94 147 5.17
94 454 0
94 311 6.42
95 262 0
95 331 0
95 313 6.81
95 158 0
95 114 0
95 379 0
95 432 0
95 96 0
95 127 4.03
95 252 0
95 475 0
95 210 1.98
95 153 0
95 288 4.19
95 201 7.63
95 302 5.2
95 118 0
95 337 6.34
95 381 0
95 246 8.4
95 159 4.44
95 296 9.84
95 274 1.06
95 208 8.25
95 483 0
95 124 9.18
95 292 7.1
95 231 3.98
95 344 6.68
95 269 9.14
95 175 2.98
95 203 0
95 308 0
95 164 0
95 244 3.07
96 355 8.27
96 494 0
96 290 7.71
96 222 2.75
96 199 0.61
96 406 8.92
96 439 0
96 114 6.19
96 152 9.55
96 460 9.53
96 159 9.78
96 191 4.13
96 140 0
97 388 0
97 411 2.85
97 320 4.09
97 215 0
97 102 7.78
97 187 0
97 393 3.58
97 437 0
97 357 9.02
97 260 0
97 239 1.62
97 401 0
97 117 0
97 410 8.32
97 241 0
98 447 0
98 243 0
98 494 0.2
98 373 0
98 316 2.19
98 179 0
98 422 0
98 153 0
98 353 2.44
98 368 0
98 399 1.41
98 168 5.41
98 328 4.69
98 372 4.2
98 380 9.74
98 377 0.05
98 139 0
98 163 0
98 406 1.23
98 435 9.39
98 484 0
98 394 0.34
98 157 0
98 405 6.1
98 285 7.59
98 487 0
98 287 8.28
98 107 0
98 297 0
98 476 0
98 100 1.34
98 283 6.22
98 210 0
98 262 8.47
98 237 0
98 355 0
99 477 0
99 333 2.3
99 447 0
99 302 0
99 463 0
99 168 5.46
99 266 0
99 218 5.62
99 331 0
99 389 0
99 257 0
99 116 7.73
99 196 7.6
99 344 6.96
99 136 0
99 318 2.76
99 176 0
99 407 0
99 202 6.93
99 487 9.3
99 496 0
99 321 0
99 492 0
99 385 9.7
99 428 0.5
99 100 5.63
99 427 0
99 345 0
99 406 0.39
99 128 0
99 224 0
99 163 0
99 371 0
99 491 9.08
99 187 0
99 102 0
99 424 2.18
100 292 0
100 207 6.15
100 428 9.71
100 381 5.86
100 169 5.54
100 244 0
100 366 0
100 220 0
100 339 0
100 336 0
100 495 0
100 435 0
100 362 8.36
100 301 0
100 282 0
100 302 0
100 434 0
100 126 3.72
101 119 0
101 220 0
101 308 0
101 137 1.81
101 344 3.53
101 152 0
101 197 8
101 377 0
101 163 0
101 455 6.59
101 155 0
101 149 0
101 326 2.84
101 386 0
101 463 3.96
101 462 0
101 193 6.56
101 216 0
101 440 0
101 138 2.95
101 384 0
101 142 0
101 419 0
101 475 7.54
101 114 0
101 243 0
101 316 1.1
101 256 8.63
101 370 0
101 228 5.77
101 306 0
101 127 0
101 166 3.1
101 241 0
101 179 2.47
101 387 3.47
101 350 0
101 206 2.44
101 272 0
101 436 0
101 183 0
101 132 7.97
101 322 7.27
101 315 0
101 269 0
101 226 8
101 470 0
101 130 0
101 451 0
101 401 8.09
101 412 0
101 169 0
102 369 0
102 295 0
102 113 6
102 149 3.8
102 474 0
102 366 4.49
102 411 0
102 289 0
102 273 0
102 177 0
102 333 4.43
102 431 0
102 326 0
102 288 1.73
102 496 0
102 134 4.38
102 196 0
102 403 3.39
102 297 0
102 246 6.99
102 153 5.19
102 236 0
102 384 9.2
102 481 0
102 108 7.65
102 392 0
102 319 0
102 499 0
102 231 0
102 485 8.23
102 106 7.7
102 321 7.09
102 247 7.75
102 206 0
102 368 0
102 407 0
102 254 8.62
102 260 0
102 300 9.3
102 402 3.57
102 312 3.59
102 228 3.77
102 472 0
102 454 0
103 130 3.45
103 441 0
103 418 8.17
103 413 0
103 118 2.63
103 211 0
103 292 0
103 371 0
103 394 3.1
103 415 0
103 239 2.2
103 270 8.37
103 230 0
103 458 3.82
103 215 4.63
103 166 5.81
103 145 1.79
103 191 1.11
103 277 6.11
103 258 8.72
103 133 4.84
103 217 0
103 122 0
103 134 0
103 238 3.45
103 198 0.41
103 148 2.19
103 359 4
103 203 6.6
103 124 4.8
104 295 0
104 227 0
104 373 1.22
104 475 7.11
104 289 0
104 199 0
104 256 7.99
104 363 4.62
104 244 0
104 139 0
104 382 0
104 334 9.83
104 354 0
104 119 6.13
104 385 0
104 351 7.75
104 219 0
104 152 0
104 113 0
104 140 0
104 233 8.03
104 346 0
104 178 4.45
104 372 0
104 465 1.09
104 384 9.73
104 242 9.38
104 342 0
104 442 0
105 247 3.36
105 230 0
105 264 0
105 182 0
105 120 4.6
105 363 7.98
105 284 9.91
105 408 4.57
105 329 0
105 458 0
105 462 0
105 177 0
105 143 7.01
105 344 0
105 178 5.27
105 445 0
105 330 9.47
105 398 0
105 202 0
105 450 4.01
105 381 0
105 465 5.95
105 306 9.16
105 243 5.73
105 124 9.89
105 337 0
105 206 0
105 258 0
105 136 0.53
105 492 3.28
105 374 2.87
106 222 0
106 270 2.91
106 200 8.99
106 209 0
106 389 0
107 333 1.73
107 193 0
107 177 5.75
107 410 0
107 134 5.83
107 374 0
107 256 0
107 293 0
107 473 4.98
107 418 0
107 125 0
107 281 1.65
107 434 0
107 311 0
107 175 4.51
107 366 9.08
107 232 0
107 245 8.52
107 336 0
107 368 0
107 200 0
107 479 0
107 162 0
107 118 7.12
107 338 0
107 283 2.11
107 253 2.14
107 299 6.43
107 314 0
107 365 0
108 228 0
108 240 0
108 275 7.04
108 314 6
108 121 2.18
108 425 0
108 474 0
108 494 0
108 289 0
108 308 7.38
108 118 0
108 449 9.46
108 490 4.48
108 187 0
108 366 6.86
108 330 0
108 229 0
108 352 0
108 315 4.16
108 177 6.41
108 236 8.62
108 284 7.1
108 202 0
108 123 0
108 455 0
108 344 0
108 192 7.53
108 288 0
108 144 1.02
108 109 0
108 453 0
109 413 4.88
109 442 0
109 167 0
109 266 0
109 381 1.56
109 199 1.33
109 154 0
110 259 0
110 311 0
110 431 8.26
110 360 0
110 285 0
110 348 3.83
110 130 9.04
110 202 2.31
110 400 0
110 282 0.28
110 322 0
110 155 0
110 280 0
110 368 0
110 289 0
110 174 4.92
110 410 9.51
110 275 6.37
110 178 7.02
110 357 0
110 395 0
110 211 0
110 331 9.73
110 128 0
110 465 0
111 286 0
111 470 2.28
111 162 6.04
111 375 0
111 210 3.14
111 227 0
111 485 0
111 430 8.84
111 456 4.88
111 484 0
111 278 0.05
111 274 8.02
111 192 0
111 343 6.89
111 388 9.08
111 357 6.04
111 334 4.49
111 464 6.46
111 266 0
111 420 0
111 312 0
111 435 6.72
111 425 0
111 392 6.98
111 288 0
112 405 5.25
112 374 7.53
112 445 5.61
112 237 4.65
112 482 8.73
112 302 0
112 177 0
112 339 9.33
112 282 2.17
112 119 0
112 424 3.55
112 254 0
112 463 8.4
112 344 0
112 292 0
112 220 5.81
112 354 0
112 497 8.12
112 400 0
112 281 7.51
112 432 6.74
112 295 5.99
112 473 6.17
113 196 3.08
113 294 0
113 291 6.78
113 448 7.93
113 378 0
113 335 6.9
113 461 1.85
113 222 2.77
113 310 0
113 286 5.28
113 236 0
113 405 0
114 406 9.67
114 488 0
114 397 0
114 499 8.29
114 129 0
114 269 0
114 448 6.48
114 439 1.91
114 426 6.72
114 236 2.57
114 482 8.94
114 434 0
114 336 3.49
114 316 7.79
114 173 0
114 315 3.13
114 188 9.7
114 232 0.94
114 230 0
114 186 5.91
114 273 0
114 185 0.9
114 312 4.97
114 272 0
114 410 9.54
114 396 9.22
114 120 0
114 474 4.63
115 434 6.79
115 440 3.48
115 247 1.23
115 479 0
115 267 0
115 352 0
115 456 0
115 397 6.56
115 432 0
115 150 9.62
115 253 2.71
115 245 4.25
115 488 8.88
115 173 8.33
115 474 1.55
115 327 3.06
115 345 0
115 466 4.42
115 442 3.6
115 215 0
115 136 7.9
115 375 5.82
115 295 9.68
115 303 2.32
115 272 8.85
115 126 0
115 189 0
115 478 0
115 143 6.66
115 196 9.01
115 188 0
115 353 0
115 221 7.59
115 148 5.73
115 204 1.27
115 325 9.38
115 395 0
115 165 5.81
115 166 8.51
115 336 0
115 137 0
115 391 0.51
115 121 0
115 315 0
115 158 0
115 464 8.39
115 170 2.98
115 162 0
115 264 0
116 451 4.04
116 354 0
116 459 0
116 389 4.99
116 361 0
116 269 8.03
116 150 9.12
116 309 1.46
116 265 0.07
116 480 0
116 328 7.15
116 347 4.76
116 395 0
116 443 9.96
116 455 7.61
116 349 6.95
116 231 2.45
116 165 0
116 184 0
116 358 0
116 436 1.81
116 216 2.61
116 398 8.08
116 158 1.61
116 323 0
116 124 0
116 462 1.18
116 264 0
117 392 0
117 449 0
117 487 0
117 193 0
117 340 0
117 257 0
117 361 8.43
117 410 8.47
117 232 0
117 144 0
117 350 4.01
117 341 8.59
117 434 2.58
117 356 9.8
117 480 0
117 371 9.98
117 297 0
117 375 0
117 281 2.29
117 372 3.53
117 127 1.76
117 289 9.25
117 254 4.31
117 129 1.68
117 456 0
117 422 7.71
118 256 0
118 459 0
118 139 0
118 249 0
118 434 4.29
118 427 0
118 358 0
118 389 0
118 377 0
118 221 4.94
118 347 4.52
118 211 3.66
118 177 4.79
118 291 1.79
118 137 0
118 148 0
119 267 5.72
119 310 0
119 387 8.91
119 460 0
119 471 0
119 411 9.38
119 260 3.24
119 388 2
119 232 7.28
119 296 0
119 285 0
119 454 0
119 432 0.73
119 312 5.14
119 431 1.32
119 201 0
119 437 0
119 304 0
119 216 0
119 283 1.96
119 155 0
119 423 0
120 343 0
120 471 0.17
120 126 0
120 329 0
120 286 8.11
120 461 0
120 370 0
120 474 0
120 238 0
120 483 3.84
120 159 0
120 236 0
120 472 0
120 144 1.29
120 328 0
120 384 0
121 345 0
121 326 2.32
121 320 0
121 245 0
121 477 9.96
121 478 5.9
121 381 0
121 284 0
121 266 0
121 360 0
121 447 6.06
121 347 5.55
122 273 0
122 240 8.28
122 218 0
122 307 0
122 224 0
122 417 5.28
122 475 4.79
122 178 4.61
122 301 2.31
122 457 0
122 181 0
123 352 7.15
123 226 8.4
123 192 0
123 426 0
123 369 0
123 489 3.88
123 170 0
124 324 4.44
124 177 0
124 458 0
124 380 0
124 233 3.32
124 250 1.3
124 415 6.03
124 238 9.79
124 433 0
124 140 0
124 197 0
124 188 1.57
124 281 0
124 196 0
124 307 0
124 357 0
124 405 4.16
124 191 0
124 317 0.32
124 304 6.6
124 344 0
124 495 3.6
124 283 0
124 257 0
124 217 8.27
125 218 0.28
125 204 0
125 467 4.63
125 432 0
125 351 6.75
125 494 0
125 158 5.52
125 150 8.66
125 459 0
125 369 9.47
125 385 8.74
125 293 0
125 222 3.25
125 445 1.7
125 490 2.08
125 294 0
125 358 0
125 466 0
125 471 9.45
125 302 9.87
125 489 0
125 163 0
125 422 0
125 174 6.27
125 273 3.18
125 475 0
125 281 0
125 201 4.4
125 365 2.26
125 305 0
125 256 0
125 372 0.46
125 248 0
125 364 0
126 429 0
126 393 9.47
126 488 0.42
126 317 0
126 372 7.1
126 453 6.22
126 283 4.29
127 494 0
127 181 0
127 276 0
127 352 0
127 496 7.69
127 208 0
127 471 0
127 402 9.73
127 146 0
127 437 5.33
127 227 9.28
127 209 6.02
127 196 7.94
127 408 0
127 428 7.78
127 296 2.5
127 498 4.82
127 235 8.22
127 445 9.55
128 324 0
128 385 0
128 183 4.75
128 339 4.42
128 172 5.91
128 441 6.05
128 411 0
128 286 0
128 318 3.21
128 234 7.57
128 475 0
128 350 0
128 452 0
128 342 3.77
128 174 8.95
128 173 1.84
128 472 5.9
128 396 0
128 238 0.23
128 197 0
129 166 0.6
129 251 3.75
129 289 1.95
129 283 0
130 358 0
130 288 0
130 448 0
130 163 0
130 331 0
130 310 9.76
130 309 0
130 465 0.9
130 499 0.03
130 227 0
130 253 0
130 228 0
130 362 4.57
130 333 8.5
130 379 0.04
130 212 1.71
130 185 5.18
130 476 2.23
130 410 7.59
130 257 4.16
130 206 9.83
130 481 0.97
130 247 0
130 284 0
130 354 0
130 480 0
130 136 2.35
130 296 3.69
131 210 0
131 213 0
131 161 1.71
131 316 0
131 162 0
131 139 6.37
131 159 0
131 184 6.14
131 434 0
131 353 0
131 346 6.24
131 315 0
131 236 0
131 426 0
131 384 0
131 442 4.44
131 151 0
131 405 0
131 387 0
131 174 0
131 167 0
131 302 0
131 425 3.52
131 290 0.42
132 435 1.95
132 343 0
132 283 0
132 388 0
132 480 7.03
132 161 7.37
132 354 0
132 226 0
132 172 4.97
132 289 0
132 454 0.08
132 423 0
132 181 0
132 258 0
132 336 0
132 170 0
132 376 0
132 294 0
132 426 4.21
133 351 7.08
133 467 0
133 372 0
133 340 0
133 482 1.46
133 138 5.71
133 374 0
133 151 9.51
133 294 5.68
133 293 7.82
133 385 0
133 206 4.95
133 238 0
133 319 0
133 494 9.95
133 433 3.37
133 185 8.17
133 437 0
133 424 2.67
133 252 0
133 309 5.9
133 364 0
134 228 0
134 299 0
134 308 0
134 261 0
134 200 0
134 295 8.15
134 284 9.54
134 394 0
134 471 0
134 258 0
134 459 8.19
134 217 1.82
134 391 0
134 432 7.33
134 374 2.13
134 467 0
134 454 8.53
134 451 0
134 384 0
134 297 0
134 288 1.23
134 150 0
134 365 0
134 494 5.14
134 493 0
134 450 0
134 230 5.01
134 390 0
134 208 0.4
134 291 0
134 392 0
134 351 0
134 281 2.91
134 179 9.12
134 232 6.19
135 494 0
135 220 0
135 403 6.16
135 361 0
135 176 9.17
135 345 0
135 243 7.21
135 322 4.68
135 285 0
136 229 0
136 374 0
136 226 0
136 494 0
136 214 0
136 280 1.79
136 283 0
136 465 0
136 249 2.87
136 488 9.44
136 417 0
136 200 0
136 261 7.6
136 142 0
136 464 1.54
136 266 1.16
136 383 9.26
136 499 0
136 369 6.62
136 191 0.75
137 181 8.49
137 380 0
137 356 0
137 242 0
137 383 6.76
137 371 0
137 248 3.01
137 420 0
137 426 0
137 477 0
138 149 0
138 304 0
138 237 3.23
138 381 5.87
138 345 0
138 421 0
138 351 4.7
138 262 0
139 293 0
139 267 0
139 460 2.61
139 152 5.45
139 253 0
139 212 0
139 441 9.32
139 492 0
139 382 0
139 372 2.2
139 353 0
139 437 9.03
139 383 0
139 371 5.21
139 347 0
139 381 0
139 341 1.63
139 144 0
139 239 3.73
139 171 0
139 166 0.16
139 288 0
139 143 1.81
139 162 0
139 378 0
139 310 4.83
139 327 0
139 205 7.03
139 331 0
139 223 6.08
139 395 5.69
139 368 0
139 418 0
139 209 0
139 348 0
139 147 0
139 388 2.52
139 312 4.45
139 221 0
139 234 6.45
140 347 0
140 141 6.25
140 369 0
140 210 4.21
140 290 5.44
140 303 0
141 177 7.09
141 237 0
141 160 0
141 174 0
141 297 0
141 165 0
141 149 0
141 470 0
141 181 0
141 150 2.83
141 247 0.23
141 385 3.6
141 343 6.68
141 147 3.73
141 442 1.05
141 314 5.54
141 205 0
141 182 0
141 204 0
141 462 0
141 158 0
141 312 9.25
141 358 7.59
141 407 1.56
142 214 1.38
142 159 0
142 455 0
142 342 0
142 416 0
143 253 3.82
143 225 0
143 314 1.73
143 309 6.5
143 279 0
143 403 5.46
143 155 4.69
143 443 6.93
143 223 0
143 495 0
143 194 6.99
143 215 7.39
143 385 6.08
143 288 0
143 486 0
143 468 0
143 381 9.48
143 480 9.74
143 483 0
143 165 2.48
143 498 5.84
143 313 0.11
143 269 2.53
143 291 7.26
143 310 0.05
143 237 0.1
143 368 0
143 391 0
143 484 0
144 344 3.01
144 462 7.83
144 383 5.35
144 155 0
144 447 0
144 234 0
144 261 0
144 405 1.93
144 199 0
144 268 5.63
144 265 9.2
144 320 0
144 280 0
144 305 2.94
145 445 9.93
145 386 0
145 190 0
145 149 5.24
145 402 0
145 228 1.87
145 418 0
145 389 0
145 232 0
145 196 2.43
145 226 0
145 151 0
145 185 0
145 264 1.01
145 447 4.67
145 385 0
145 147 6.53
145 184 9.58
145 381 7.35
145 171 0
145 331 3.87
146 149 0
146 379 0.52
146 468 5.04
146 271 5.7
146 208 0
146 328 0
146 473 0
146 308 0
146 425 6.36
146 348 1.82
146 211 4.08
146 364 6.26
146 365 3.36
146 381 0
146 349 9.31
146 166 5.23
146 336 7.79
146 216 0
146 390 8.72
146 212 0.46
146 464 9.85
146 443 1.85
147 192 8.76
147 195 0
147 219 2
147 386 0.44
147 178 2.29
147 363 0
147 490 0
147 486 0.47
147 160 0
147 426 0
147 334 3.38
148 393 5.47
148 306 0
148 284 0
148 458 0
148 422 1.45
148 220 4.45
148 457 7.5
148 216 2.58
149 409 7.52
149 468 0
149 492 0
150 466 0
150 343 0
150 457 0
150 475 0.37
150 258 0
150 421 0
150 309 3.61
150 378 0
150 168 1
150 402 5.13
150 205 9.35
150 282 5.07
150 242 0
150 383 0.93
150 230 5.13
150 306 0
150 373 2.27
150 365 0
150 237 9.52
150 302 0
150 227 0
150 151 8.53
150 244 4.13
150 456 8.51
150 450 0.51
150 428 8.08
150 329 0
150 273 4.85
150 390 0
150 307 8.72
150 328 8.8
150 452 0
150 243 1.59
151 172 9.61
151 224 9.43
151 492 2.1
151 154 0
151 322 0
151 400 0
151 335 0
151 246 3.51
151 249 2.43
151 392 6.98
151 466 1.07
151 352 5.14
152 191 6.76
152 414 7.16
152 374 9.08
152 193 1.77
152 299 0
152 409 0
153 481 0
153 244 7.02
153 484 0
153 238 0
153 293 1.01
153 437 0
153 346 0
153 453 3.84
153 370 5.63
153 451 3.37
153 177 0
153 433 3.43
154 476 2.43
154 431 9.51
154 496 2.7
154 489 7.28
154 483 0
154 366 0
154 164 0
154 171 0
154 436 0
154 484 9.72
154 249 0
154 451 7.22
154 473 5.42
154 227 0
154 332 0
154 357 0
154 443 6.98
154 400 0
154 341 7.83
154 271 0
154 269 0
154 339 0
154 218 6.73
154 435 0
154 457 0
154 242 0
154 495 0
154 460 7.9
154 395 8.51
154 246 0
154 288 0
154 161 3.38
154 419 0
154 344 1.69
154 377 2.69
154 402 8.26
154 396 0
154 382 8.06
154 195 0
154 190 0
154 437 6.95
154 384 0
154 497 7.49
154 230 1.17
155 271 3.81
155 385 0
155 490 2.43
155 298 3.75
155 339 0
155 382 0
155 162 0
155 280 0
155 353 0
155 362 0
155 170 0
155 344 0
155 192 8.95
155 404 0
155 195 3.43
155 450 0
155 310 0
155 196 0
155 351 0
155 479 3.55
155 486 0
155 461 0
155 191 0
155 463 9.55
155 257 0
155 447 2.36
155 483 0
155 381 3.91
155 178 4.43
155 267 0
155 330 4.69
155 410 0
155 350 0.83
155 259 0
155 199 7.39
155 388 0
156 371 0
156 356 0
156 212 0
156 388 0
156 415 7.15
156 328 5.05
156 164 0
156 162 0
156 451 0
156 226 5.08
156 396 0
156 208 0
156 385 0
156 224 0
157 264 0.88
157 255 0
157 210 2.4
157 216 0
157 190 0
157 182 0
157 448 7.97
157 463 1.22
157 321 0
157 239 0
157 400 0
157 383 2.44
157 348 0
157 460 8.9
157 418 0
157 300 7.68
157 314 2.81
157 486 0
157 201 0
157 253 0
157 488 4.93
157 265 0
157 176 0
157 345 8.65
157 388 0
157 209 0
157 180 7.63
157 441 0
157 212 0
157 393 0
157 367 0
157 392 8.77
157 324 0
157 445 0
157 427 0
157 322 1.59
157 474 0
157 379 5.51
157 478 6.86
157 206 0
157 396 0
157 385 0.81
157 459 0
157 215 7.46
157 360 0
157 420 8.98
158 208 0
158 461 9.63
158 243 9.38
158 454 5.16
158 236 0
158 418 0
158 274 0
158 363 4.54
158 358 10
158 458 8.53
158 397 5.56
158 341 0
158 194 0
158 382 0
158 402 2.69
158 465 0
158 281 0
158 173 4.83
158 469 0
158 351 0
158 233 8.23
158 488 0
158 273 5.11
158 379 0
158 345 0
158 330 4.05
158 223 4.68
158 374 3.43
158 248 1.05
158 264 9.39
158 227 0
158 404 0
158 480 9.33
158 219 2.71
159 379 0.09
159 402 0
159 243 0
159 362 3.96
159 477 0.55
159 202 0
159 352 0
159 446 0.3
159 343 1.76
159 213 0
159 457 8.88
159 389 6.46
159 197 3.75
159 193 0
159 355 2.28
159 183 0
159 422 0
159 440 0
159 332 3.71
159 224 0
159 454 0
159 338 0
159 408 8.02
159 238 8.38
159 184 7.14
159 245 2.08
159 443 0
159 390 2.36
159 252 0
159 448 1.14
159 360 7.86
159 434 0
159 479 2.19
159 417 2.5
159 194 0
159 432 0
159 305 4.16
159 459 0
159 190 8.56
160 226 1.28
160 314 8.74
160 432 0
160 228 0
160 370 0
160 336 2.54
160 403 0
160 475 0
160 354 0
160 479 0
161 320 0
161 196 0
161 427 8.46
161 263 4.88
161 466 0
161 375 7.16
161 346 0
161 350 0.36
161 338 2.97
162 181 0
162 208 6.57
162 183 6.4
162 256 0
162 496 4.03
162 343 0
162 382 2.14
162 357 9.83
162 339 0
162 219 1.01
162 367 8.33
163 463 0
163 434 5.22
163 310 6.26
163 214 0
163 497 0
163 445 0
163 321 0
163 201 0
163 488 6.48
163 172 0
163 278 6.87
163 270 0.46
163 205 9.24
163 164 0.98
163 212 0
163 245 0
163 436 0
163 324 0
163 223 5.13
163 318 0
163 199 5.92
163 457 0.93
163 446 8.67
163 384 0
163 175 9.89
163 289 0
164 471 0
164 282 0.74
164 218 0
164 373 1.9
164 249 9.34
164 172 0
164 384 0
164 325 0
164 378 0
164 498 0.85
164 388 7.39
164 447 0
164 272 0
164 170 0
164 352 7.5
164 293 1.84
164 287 0
164 274 5.03
164 426 5.38
164 413 0.95
164 490 0
164 273 0
164 415 7.4
164 348 2.93
164 229 0
165 290 8.45
165 261 2.11
165 441 0
165 498 0
165 171 8.16
165 466 6.89
165 460 0
165 247 0
165 484 3.37
165 315 0
165 243 0
165 403 6.73
165 359 0
165 223 3.64
165 178 0
165 235 0
165 183 0
165 486 7.92
165 423 0
165 305 2.34
165 182 0
165 489 0
165 196 5.45
165 421 5.33
165 199 0
165 419 0
165 392 0
165 472 2.78
165 191 2.04
165 416 0
166 417 8.3
166 255 7.32
166 391 5.05
166 443 9.08
166 221 0
166 374 4.97
166 413 4.39
166 347 7.48
166 489 1.69
166 220 2.7
166 409 0
166 242 0
166 404 2.55
166 301 6.86
166 431 0.18
166 311 0
166 385 0
166 358 1.57
166 432 2.9
166 411 9.9
166 256 0
166 342 3.71
166 491 0
166 330 0
166 396 0
166 296 2.04
166 345 0
167 351 9.03
167 224 3.18
167 344 0
167 452 7.54
167 469 0
167 260 4.44
167 175 0
167 264 4.74
167 234 0
167 195 9.72
167 333 0
167 226 0
167 445 7.58
167 403 0
167 282 9.84
167 240 3
167 389 0
167 291 0
167 353 0
167 390 9.06
167 314 9.98
167 345 0
167 434 3.33
167 439 0
167 400 0
167 334 0
167 407 0
167 488 0
167 466 0
167 225 2.36
167 426 0
167 349 0
167 213 0
167 293 0
167 208 9.56
167 306 0
167 460 9.5
167 267 6.56
167 203 0
167 192 6.72
167 418 0
167 368 0
167 477 5.95
167 440 0
167 370 0
167 295 0
167 187 4.38
167 247 8.57
167 318 0
168 275 0
168 185 1.97
168 333 0
168 468 7.66
168 246 2.44
168 347 0
168 459 0
168 477 0
168 381 3.26
168 329 0
168 413 0
168 479 0
168 350 0
168 476 1.59
168 441 2.3
168 225 6.71
168 421 0
168 432 0
168 444 0
169 446 1.67
169 412 0.19
169 243 8.41
169 216 4.79
169 293 9.43
169 195 0
169 427 9.84
169 420 0
169 311 0
169 229 0
169 486 0
169 359 0
169 251 8.42
169 244 4.77
169 338 0
169 212 0
169 435 0
169 327 0
169 485 0
169 447 8.76
169 266 4.34
169 488 0.9
169 392 0
169 313 0.12
169 226 7.75
169 170 7.68
169 309 0
169 494 0
169 183 0.86
169 470 0
169 314 2.57
169 330 8.55
170 189 0
170 382 5.31
170 227 0
170 387 0
170 345 0
170 487 0
170 295 0
171 177 8.79
171 179 0
171 184 9.63
171 303 0
171 225 0.09
171 284 0.02
171 180 3.43
171 375 0
171 272 0
171 219 1.73
171 195 0
171 337 0.32
171 422 0
171 394 8.55
171 470 0.05
171 494 9.67
171 242 0
171 457 0
171 257 0
171 405 0
171 323 4.63
171 285 0
172 301 1.89
172 479 6.84
172 286 7.94
172 290 0
172 341 0
172 199 0
172 425 0
172 221 0
172 376 0
172 415 0.24
172 303 7.25
173 422 0
173 327 1.17
173 498 0
173 481 0
173 305 0
173 292 0
173 335 9.63
173 357 1.85
173 325 0
173 421 0
173 236 0
173 258 0
173 255 4.29
173 484 8.02
173 252 6.29
173 299 0
173 288 7
173 358 0
173 398 0
173 403 0
173 486 0
173 291 0
173 232 7.81
173 464 2.4
173 228 0
173 178 4.56
174 472 0
174 352 5.33
174 494 5.71
174 189 3.16
174 412 7.13
174 405 9.04
174 427 1.66
174 314 1.06
174 327 0.92
174 345 0
174 211 8.88
174 378 0
174 473 0
174 414 6.64
174 490 0.32
174 236 8.84
175 254 0
175 414 0
175 346 0
175 314 0
175 424 0
175 345 9.46
175 198 7.29
175 406 0
175 322 0
175 382 4.52
175 409 7.26
175 451 0
175 315 0
175 418 0
175 438 4.73
175 190 0
175 293 0
175 194 2.84
175 276 9.09
175 420 0
175 490 7.09
176 497 0
176 432 1.9
176 260 8.99
176 323 4.45
176 302 0
176 364 1.39
176 315 9.14
176 309 8.85
176 473 0
177 453 0.35
177 263 0
177 199 0
177 291 0
177 216 2.7
177 489 5.65
177 283 1.33
177 223 0
177 484 0
177 325 0
177 190 0
177 286 0
177 364 0
177 498 0
177 426 4.59
177 475 5.04
177 256 0
177 392 0
177 435 0
177 189 0
177 306 0
177 402 0.66
177 184 9.11
177 309 2.73
177 466 0
178 331 9.88
178 324 4.56
178 368 0
178 359 4.56
178 304 0
178 363 5.26
178 365 0
178 226 3.09
178 188 0
178 334 3.24
178 480 7.37
178 299 9.53
178 405 6.09
178 449 0
178 482 8.63
178 197 0
178 419 0
178 235 0
178 220 3.97
178 360 0
178 222 0
178 264 1.1
178 493 5.49
178 420 4.97
178 356 9.02
178 309 3
178 266 4.49
178 370 9.03
178 422 1.74
178 247 2.1
179 343 0
179 197 0
179 317 0
179 492 0
179 464 0.33
179 481 0
179 279 0
179 230 0
179 349 0
179 185 8.85
179 345 0
179 336 2.44
179 352 4.94
179 471 0
179 276 0
179 394 0
180 430 3.08
180 210 0
180 361 0
180 486 0
180 304 0
180 392 0
180 301 0
180 457 3.97
180 400 9.42
180 390 0.36
180 211 4.05
180 473 0
180 487 0
180 275 5.02
180 332 0
180 196 0
180 363 0
180 260 0
180 303 2.28
180 376 5.97
180 222 0
180 249 0.46
180 265 0
180 378 6.71
180 258 0
180 454 5.1
180 190 0.28
180 285 0
180 246 5.09
180 404 0
180 350 2.73
180 305 3.48
180 261 5.05
181 387 0.32
181 400 6.08
181 263 0
181 298 0
181 264 0
181 460 0
181 188 0
181 371 0
181 469 0.1
181 484 0
181 183 0
181 277 0
181 441 0
181 261 2.04
181 440 0
181 358 0
181 185 0
181 249 2.78
181 274 0
181 334 0
181 351 0
181 438 1.77
181 224 2.14
182 271 6.56
182 320 0
182 362 0
182 276 0
182 336 0.11
182 393 2.45
182 269 0
182 240 0
182 340 7.99
183 445 1.28
183 392 3.83
183 231 4.19
184 461 0
184 205 0
184 256 5.42
184 413 5.15
184 443 7.43
184 491 1.92
184 240 2.78
184 480 4.91
184 345 6.39
184 191 0
184 334 0
184 485 2.42
184 419 0
184 421 4.88
184 218 4.88
184 292 9.77
184 200 0
184 288 0
184 422 0
184 213 0
185 188 0
185 431 7.8
185 469 0
185 283 0
185 244 0
185 395 5.03
185 390 2.49
185 466 0
185 241 0
185 294 0
185 295 10
185 499 0
185 204 6.56
185 366 4.08
186 462 0
186 327 5.88
186 355 0
186 410 8.06
186 266 0
186 232 3.89
186 449 3.9
186 484 0
186 308 3.06
186 200 0
186 495 0
186 421 9.99
186 199 3.11
186 227 6.41
186 333 0
186 424 4.5
187 224 5.64
187 332 0
187 436 0
187 341 0
187 317 7.74
187 409 5.16
187 490 9.82
187 368 3.88
187 208 6.69
187 363 8.44
187 470 4.79
187 352 5.83
187 468 0
187 316 6.42
187 447 9.1
187 355 1.6
187 455 3.94
187 395 0
187 206 0
187 282 0
187 433 0
187 217 0
187 193 5.4
187 257 0
187 322 0.61
187 307 0
187 424 6.38
187 266 0
187 456 0
187 428 0
187 287 0.08
187 327 0
187 285 5.92
187 410 6.84
187 373 2.84
187 399 0
187 189 8.51
187 414 0
187 265 2.67
187 194 8.91
187 416 2.83
187 325 8.8
187 249 0
187 374 0
187 494 0
187 496 0
187 472 0
188 278 0
188 214 0
188 381 0
188 250 6.45
188 448 7.56
189 301 0
189 365 0
189 390 5.2
189 486 4.39
189 316 0.8
189 304 0
189 434 0
189 412 1.71
189 451 0
189 431 2.15
189 398 4.03
189 224 0
189 438 0
189 268 0.07
189 346 8.24
189 233 7.26
189 381 0
189 249 0
189 401 0
189 475 0
189 297 0
189 254 1.72
189 286 2.04
189 344 0
189 246 5.2
189 452 0
189 288 0
189 197 0
189 292 0
189 430 1.64
189 229 0
190 421 0
190 210 3.66
190 304 0
190 268 7.65
191 235 0
191 492 4.22
191 395 0
191 489 0
191 343 0
191 328 0
191 277 6.14
191 269 0
191 345 4.52
191 252 8.07
191 300 0
191 206 7.42
191 209 0
191 319 5.58
191 349 0
191 486 9.61
192 376 0
192 449 6.63
192 350 0
192 367 3.79
192 359 5
192 290 0.61
192 436 0
192 443 0
192 326 0
192 275 8.48
192 193 0
192 301 0
193 299 6.4
193 498 1.93
193 315 0
193 259 0
193 413 9.58
193 425 0
193 405 0
193 326 7.2
193 225 0.01
193 264 0
193 400 0
193 221 3.94
193 197 7.9
193 354 9.87
193 363 0
193 247 9.28
193 441 4.65
194 200 8.77
194 198 0
194 319 0
195 411 0
195 470 0
195 381 7.8
195 299 0
195 360 0
195 474 0
195 282 0
195 357 0
195 333 0
195 246 0
195 272 0
195 371 0
195 415 0
195 284 0
195 281 0
195 231 0
195 386 3.32
195 226 3.77
196 351 2.55
196 255 2.93
196 285 0
196 442 1.38
196 349 0
196 297 7.86
196 380 0
196 481 9.39
196 425 0
196 408 7.19
196 265 0.97
196 430 4.81
196 400 0
196 308 6.58
196 237 0
196 494 0
196 462 9.97
196 436 0
196 426 0
196 336 0
196 434 0
196 459 0
196 313 0
196 327 0
196 239 2.5
196 344 0
196 429 0
196 488 3.55
196 322 6.6
196 210 0
196 361 1.03
196 212 0
197 216 1.52
197 320 4.2
197 361 4.86
197 411 8.02
197 342 6.78
197 470 1.17
197 419 3.84
198 411 6.27
198 419 0
198 447 0
198 217 7.89
198 351 0
198 263 5.5
198 325 3.7
198 203 0
198 259 0
198 492 2.54
198 482 8.41
198 494 7.89
198 231 0
198 354 0
198 300 0
198 477 0
198 302 2.87
198 285 6.36
198 228 1.76
198 304 6.74
198 311 0
198 245 0
198 398 2.12
198 345 1.8
198 229 0
198 359 6.99
198 270 0
198 238 0
198 391 7.04
198 401 2.18
198 262 4.98
198 226 0
198 497 3.79
198 276 0
198 299 4.82
198 244 6.06
198 412 5.1
199 438 4.93
199 327 9.29
199 498 0
199 232 7.39
199 407 0
199 398 4.13
199 290 5.95
199 433 1.7
199 329 5.81
199 284 0
199 330 0
199 439 0
199 213 5.71
200 356 0
200 418 1.04
200 345 0.93
200 492 4.14
200 204 0
200 383 0.74
200 352 8.2
200 489 0
200 409 0
200 303 0
200 288 4.47
200 436 0
200 292 8.77
200 248 0
200 393 0
201 245 0
201 383 0
201 246 0
201 419 6.64
201 216 0
201 439 3.59
201 365 7.79
201 468 0
201 458 7.68
201 217 9.01
201 310 0
201 378 4.87
201 483 0
201 389 4.86
201 332 3.48
201 211 8.12
201 386 0
201 444 6.91
201 325 0
201 335 0
201 214 0
201 337 0
201 484 1.07
201 339 0
201 278 0
202 348 0
202 379 0
202 210 0
202 235 6.39
202 445 0
202 376 6.06
202 286 0
202 448 1.19
202 450 6.71
202 294 3.54
202 263 9.12
202 485 0
202 325 0
202 441 0
202 365 0.57
202 357 9.83
202 476 3.23
202 453 4.32
202 207 0
202 415 0
203 490 9.78
203 205 0.44
203 321 0
203 241 0
203 451 0
203 204 2.21
203 326 9.4
203 352 0
203 253 0
203 336 0
203 315 0
203 267 0
203 480 2.77
203 401 0
203 351 6.27
203 221 0
203 497 0
203 289 0
203 266 5.52
203 206 2.02
203 443 0
203 257 5.75
203 219 0.03
203 493 3.03
203 368 8.37
203 462 0.93
203 469 0
203 231 0
203 454 0
203 362 4.88
203 276 0
203 254 0
204 424 0
204 479 0.42
204 492 0
204 344 0
204 212 2.52
204 491 0.27
204 342 0
204 496 0
204 322 0
204 377 0
204 443 0
204 261 3.21
204 368 5.44
204 265 8.77
204 386 3.12
204 294 3.7
205 358 5.49
205 306 6.37
205 294 8.49
205 250 2.74
205 493 0
205 356 0
205 369 2.14
205 255 2.08
205 449 0
205 254 4.3
205 248 0
205 455 1.36
206 414 0
206 458 0
206 219 0.89
206 481 6.08
206 411 0
206 435 2.91
206 434 0
206 428 0
206 327 0
207 439 0
207 473 0
207 277 0
207 364 4.39
207 377 6.82
207 215 0
207 328 0
207 434 0
207 351 1.42
207 327 9.61
207 212 0
207 421 3.11
207 308 3.79
207 319 9.02
207 321 0
207 281 3.49
207 464 9.23
207 278 7.97
207 306 7.33
207 249 0
207 472 0
207 260 0
207 445 0
208 239 0
208 487 0
208 419 1.97
208 234 0
208 266 5.54
208 241 0
208 284 0
208 393 0
208 414 6.22
208 379 4.49
208 492 7.15
208 365 0
208 352 0
208 297 0
208 445 3.72
208 288 0
208 211 0
208 332 7.44
208 371 9.4
208 280 8.78
208 499 0
208 454 0
208 360 5.53
208 353 0
208 283 0
208 495 0
208 435 8.68
208 351 0
208 466 6.59
208 356 5.02
208 264 6.79
208 347 0.59
208 282 9.57
208 411 8.15
209 380 5.88
209 436 0
209 402 0
209 451 0
209 212 0
209 231 8.17
209 454 0
209 485 0
209 368 0
209 453 6.67
209 241 0.75
209 386 9.55
209 480 9.91
209 270 1.57
209 465 0
209 282 0
209 428 0
209 260 0
210 262 0
210 436 3.92
210 219 4.29
210 217 0
210 440 5.77
210 423 0
210 409 7.07
210 244 0
210 228 0
210 305 5.62
210 316 5.82
210 274 0
210 369 4.81
210 395 1.16
210 309 0
210 295 0
210 301 0
210 381 0
210 323 1.77
210 497 5.51
210 348 3.86
211 284 0
211 213 7.16
211 477 2.35
211 317 0
211 419 0
211 212 0
211 474 7.04
211 272 8.91
211 478 0
211 263 4.57
211 287 0
211 465 8.31
211 329 0
211 451 3.22
211 374 0
211 490 3.35
211 411 4.08
211 308 1.28
211 365 6.98
211 288 1.51
211 464 0
211 471 0
211 330 3.91
211 242 0
211 310 9.1
211 314 0
211 493 0.22
211 432 2.62
211 278 0
211 435 4.14
211 292 0
211 254 5.94
211 485 0
212 383 1.98
212 281 9.16
212 314 0
212 430 0
212 265 0
212 243 5.8
212 350 0
212 368 0.51
212 369 0.82
212 447 0
212 336 0
212 215 3.66
212 472 0
212 339 0
212 248 5.88
212 322 0
212 418 5.23
212 288 0
212 340 0
212 404 0
212 400 0
212 353 6.41
212 483 0
212 490 7.39
212 262 0
212 323 7.7
212 462 9.9
212 275 7.07
212 390 5.05
212 411 0
212 357 0
212 310 0.05
212 474 0
212 459 4.6
212 403 0
212 251 0
212 451 2.88
212 437 5.57
212 384 4.23
212 290 0
213 409 0
213 420 5.64
213 381 8.33
213 407 0
213 257 5.92
213 397 0
213 357 0
213 393 0.19
213 216 0
213 332 7.67
213 408 0
213 454 0
213 421 0
213 396 9.2
213 447 5.63
213 258 0
213 426 0
213 345 1.19
213 247 0
213 321 0
213 234 5.34
213 232 0
213 418 9.39
213 327 0
213 437 2.47
213 220 0
213 456 0
213 475 9
213 339 0
213 326 8.45
213 223 0
213 427 0
213 369 6.98
213 370 8.88
213 405 0
213 273 9.94
213 242 0
213 499 0
214 395 0.66
214 293 0
214 340 0
214 274 1.03
214 374 0
214 449 0
214 257 5.39
214 280 6.16
214 261 0.03
214 400 0
214 223 0
214 271 0
214 309 7.76
214 475 7.31
214 448 0
214 243 0
214 302 8.38
214 260 7
214 496 0
214 405 5.17
214 387 0
214 305 0
214 297 0
214 285 2.25
214 409 0
214 392 0.45
214 290 1.6
214 328 5.94
214 365 0
214 373 5.39
214 354 7.87
214 224 4.52
214 345 4.18
214 378 5.16
214 413 0
214 319 0
214 445 0.96
215 359 0
215 382 0
215 414 0
215 257 0
215 298 0
215 412 3.02
215 487 5.18
215 484 0.21
215 393 7
215 235 5.2
215 254 7.64
215 442 0
215 449 0
215 447 0
215 352 0
216 237 2.6
216 266 0
216 463 2.11
216 306 9.29
216 383 0
216 269 3.19
216 240 0
216 453 8.21
217 432 3.07
217 471 0
217 366 4.93
217 306 0
217 239 0
217 429 1.19
217 323 0
217 236 0.81
217 437 8.42
217 398 0.12
217 377 5.06
217 391 7.84
217 225 0
217 332 0
217 438 3.12
217 273 0
217 394 0
217 301 3.32
217 487 8.43
217 264 0.54
217 456 0
217 486 2.69
217 298 0
217 277 6.04
217 470 8.15
217 224 3.18
217 285 7.84
217 441 0
217 308 8.51
218 345 0
218 346 5.75
218 269 0
218 463 4.62
218 312 0
218 247 0
218 347 0.73
218 471 0.17
218 358 5.19
218 336 0
218 265 0.24
218 277 5.63
218 241 5.01
218 301 0
218 366 0.84
218 474 7.43
218 482 0
218 459 0
218 267 0
218 237 5.38
218 416 0
218 281 0
218 486 0
218 302 0
218 402 4.56
218 427 0
218 490 7.35
218 315 4.85
218 350 0
218 431 0
218 368 2.04
218 450 0
218 370 0
218 276 0.53
218 385 0
218 324 8.93
218 422 8.21
219 457 0
219 325 7.05
219 357 0
219 398 3.04
219 499 0
220 230 2.76
220 389 0
220 464 5
220 309 0
220 305 0
220 488 8.48
220 292 0
220 267 5.81
220 363 0.74
220 485 9.92
220 427 1.56
220 228 0
220 327 0
220 337 0
220 395 0.47
220 409 0.82
220 298 8.16
220 294 0
220 499 5.16
220 381 8.66
220 235 2.18
220 448 0
220 365 0
220 318 0.25
220 275 2.14
221 332 2.65
221 490 0
221 264 4.11
221 330 9.83
221 306 0
221 491 1.56
221 393 0.85
221 350 7.66
221 403 0
221 293 0
221 283 0
221 323 0
221 233 0
221 336 6.77
221 357 0
221 255 1.56
221 450 0
221 379 3.01
221 454 0
221 231 0
221 273 0
221 271 0
222 463 9.98
222 294 0
222 341 0
222 416 0
222 309 4.64
222 310 0
222 394 0
222 428 0
222 434 7.94
222 234 0
222 238 4.46
222 290 2.29
222 338 0
222 334 0
222 476 0
222 291 0
222 245 0
222 477 8.7
222 485 0.23
222 336 0
222 362 6.69
222 458 5.9
222 468 0
222 357 3.39
222 398 0.34
222 247 5.76
222 270 0
222 489 0
222 409 7.35
223 447 9.91
223 446 0
223 233 8.19
223 265 3.35
223 406 0
223 310 0
223 353 6.35
223 427 5.88
223 225 0
223 394 4.21
223 399 9.63
223 332 0
223 231 6.03
223 232 3.52
223 257 0
223 267 0
223 490 9
223 297 0
223 430 3.44
223 256 7.52
223 414 3.16
223 485 0
223 234 0
223 254 8.5
223 444 0
223 321 0
223 260 0
223 373 2.54
223 489 3.91
223 431 0
223 361 7.76
223 293 0
223 493 0.57
223 424 0
223 287 0
223 440 0
224 484 1.19
224 317 2.33
224 475 2.95
224 444 7.69
224 448 0
224 251 0
224 279 8.4
224 233 0
224 307 9.58
224 315 9.98
224 425 9.3
224 378 0
224 264 1.61
224 318 6.43
224 463 1.63
224 344 6.39
224 277 1.23
224 243 4.68
224 246 0
224 413 6.86
224 461 6.27
224 380 0
224 236 1
225 356 0
226 456 0
226 414 0
226 284 0
226 363 0
226 320 2.08
226 395 0
226 332 0
226 255 0
226 466 0
226 350 5.35
226 287 3.93
226 446 4.11
226 300 5.89
226 308 0
226 478 3.06
226 461 2.66
226 236 3.87
226 407 6.85
226 328 5.55
226 379 0
226 322 8.37
226 233 4.81
226 440 0
226 370 0
226 245 5.79
226 303 0
226 498 0
226 256 0
226 480 0
227 390 6.71
227 454 8.1
227 289 0
227 327 6.26
227 251 0
227 308 7.71
227 243 0.26
227 411 1.89
227 474 0
227 245 8.88
227 386 1.41
227 416 6.01
227 389 4.2
227 257 0
227 311 8.74
227 361 0
227 453 4.77
227 449 2.09
228 425 7.14
228 395 5.81
228 405 0
228 419 2.23
228 429 3.59
228 394 0
228 426 0
228 393 7.53
228 457 0
228 384 0
228 352 7.2
228 281 0.34
228 235 4.62
228 400 0
228 369 0
228 416 1.45
228 468 4.8
228 439 0
228 404 3.68
229 431 0
229 310 0
229 369 9.2
229 297 9.41
229 396 0.85
229 370 0
229 236 0
229 300 8.6
229 282 6.69
229 450 0
229 417 5.17
229 275 0
229 321 4.68
229 240 6.26
229 302 8.61
229 441 0
230 346 0
230 419 2.89
230 309 0
230 415 9.16
230 304 0
230 395 0
230 360 9.2
230 298 0.6
230 384 0
231 431 0
231 256 4.92
231 383 0
231 275 0
231 460 0
231 350 0
231 265 3.28
231 409 7.44
231 435 9.21
231 285 0
231 316 2.96
231 330 0
231 429 2.34
231 242 0
231 375 4.1
231 467 1.04
231 262 0
231 336 4.76
231 446 3.52
231 361 9.89
231 306 1.71
231 485 0
231 492 0.17
231 498 7.08
231 269 1.42
231 482 0
231 277 0.34
231 430 8.46
232 477 7.6
232 487 5.9
232 261 0
232 353 1.34
232 419 5.49
232 293 0
232 368 9.49
232 290 0
232 268 1.21
232 421 0
232 479 8.37
232 369 2.04
232 452 0
232 472 5.45
232 309 8.4
232 377 7.9
232 244 0
232 380 6.42
233 397 5.71
233 298 4.8
233 426 1.96
233 308 8.09
233 346 6.86
233 435 8.24
233 437 0
233 264 2.89
233 313 6.94
233 281 0
233 324 5.71
233 253 6.66
233 422 0.06
233 345 0
233 401 4.29
233 332 6.01
233 315 0
233 355 0
233 323 0
233 256 0
233 266 0
233 347 0
233 477 7.36
234 278 9.18
234 454 8.58
234 294 0
234 355 2.12
234 481 6.88
234 365 7.42
235 422 6.02
235 365 1.26
235 348 9.36
235 370 0
235 366 0
235 368 0
235 461 0
236 481 6.28
236 446 0
236 323 0
236 386 5.03
236 455 0
236 463 4.71
236 399 0
236 391 0
236 484 0
236 375 7.83
236 439 1.88
236 384 0
236 440 2.81
236 333 1.91
236 364 0
236 459 0
236 305 5.95
236 482 0
236 243 8.22
236 409 4.82
236 430 8.4
236 347 2.15
236 274 0
236 369 2.57
236 426 4.7
236 380 0
237 326 6.16
237 484 5.45
237 487 0
237 240 6.01
237 339 0
237 261 1.45
237 347 6.72
237 451 0
237 489 6.01
237 273 3.58
237 239 0
237 372 4.03
237 257 0
237 327 8.14
237 277 0
237 321 0
237 432 0.3
237 481 0
237 308 7.42
237 330 3.48
237 358 0
237 499 0
237 260 0
237 462 2.3
237 293 7.45
237 492 0
237 311 0
237 342 3.58
237 413 0
237 279 5.16
237 270 0.52
237 359 0
237 371 4.82
237 333 6.12
238 458 0
238 374 0
238 436 0
238 279 4.75
238 428 4.3
238 377 8.06
238 283 0
238 371 4.49
238 322 0
238 453 5.92
238 388 0
238 245 6.25
238 303 4.73
238 429 0
238 486 2.25
238 380 3.65
238 282 0
238 253 0
238 248 3.15
238 443 1.5
238 315 9.5
238 366 0
238 320 4.66
238 254 0
238 420 0.89
238 358 0
239 390 0.33
239 364 0.86
239 363 0
239 358 0.53
239 338 0
239 421 5.18
239 447 0
239 474 1.61
239 287 0
239 299 6.51
239 273 0
239 415 0
239 263 0
239 493 2.88
239 274 6.4
239 312 5.25
239 473 0.86
239 295 0
239 374 8.91
239 453 0
239 340 8.89
239 482 6.79
239 260 4.37
239 290 5.42
239 432 0
239 403 0
239 304 0
239 317 7.01
239 303 2.4
239 439 5.21
239 420 3.86
240 256 9.77
240 345 7.66
240 333 7.74
240 241 4.89
240 473 6.83
240 329 0
240 289 8.31
240 483 0
240 274 0
240 317 3.49
240 429 0
240 472 0
240 307 7.47
240 464 0
240 304 0
240 294 2.75
241 472 0
241 342 0
241 243 0
241 382 0
241 493 1.48
241 479 0
241 477 0
241 368 0
241 434 0
241 482 5.81
241 317 8.3
241 490 7.64
241 275 8.86
241 430 0
241 449 9.08
241 462 7.41
241 355 6.93
241 292 0
241 475 0
241 290 0
241 353 0
241 401 1.59
241 338 0
241 497 0
241 318 0
241 421 0
241 276 0
241 366 2.48
241 326 7.31
241 445 5.35
241 348 6.69
242 307 0
242 260 2.56
242 416 0
242 368 0
242 475 7.28
242 314 7.44
242 394 0
242 403 0
242 486 0
242 303 0
242 433 0
242 424 5.69
242 476 5.93
242 270 0
242 463 0
242 291 4.69
242 461 1.82
242 454 0
242 290 0
242 449 0
242 489 0
242 466 3.63
242 351 2.82
242 264 0.39
242 446 0
242 347 0
243 481 0
243 371 3.4
243 292 0
243 339 0
243 273 0
243 347 0
243 282 0
243 373 0
243 391 0
244 340 6.09
244 487 0
244 300 0
244 330 0
244 304 1.85
244 390 0
244 365 6.61
245 251 4.57
245 437 4.44
245 291 0
245 342 0
245 328 0
245 392 0
245 390 4
245 400 6.09
245 327 9.09
245 488 0
245 381 8.52
245 316 9.68
245 299 0
245 290 0
245 361 1.14
245 341 0
246 382 3.79
246 281 0.23
246 441 7.74
246 427 0
246 273 0
246 379 2.58
246 411 0
246 496 2.47
246 253 0
246 403 9.63
246 251 0
246 363 9.74
247 296 5.67
247 262 2.5
247 302 0
247 249 0
247 347 4.58
247 344 0
247 478 0
247 360 0
247 335 0
247 281 0
247 453 0
247 422 4.17
247 405 0
247 446 0.73
247 290 0
247 363 8.34
247 251 3.8
247 268 1.61
247 486 1.62
248 321 2.17
248 279 2.02
248 477 4.24
248 425 0
248 433 1.59
248 369 0
248 377 4.99
248 472 1.2
248 495 6.08
248 267 0
248 420 1.84
248 450 0
248 353 8.63
248 445 0
249 312 0
249 255 0
249 404 0
249 275 9.73
249 332 1.62
249 308 3.6
249 281 5.79
249 476 7.96
249 259 4.5
249 462 1.42
249 346 1.75
249 297 0
249 383 0
249 276 0
249 422 8.29
250 372 0
250 338 0
250 486 0
250 292 0.6
250 374 6.04
250 367 0
251 285 0
251 256 4.98
251 494 0.98
251 474 0
251 362 1.31
251 260 3.24
251 472 6.52
251 326 7.24
251 347 7.49
251 271 0.29
251 316 8.64
251 493 9.07
251 463 4.87
251 464 7.53
251 364 2.76
251 394 0
251 404 0
251 387 0
251 257 0
251 468 0
251 419 8.39
252 268 0.57
252 396 0
253 308 0
253 397 7.2
253 318 2.45
253 428 0
253 352 0
253 282 0
253 394 0.26
253 373 0.94
253 340 1.74
253 413 0
253 392 9.36
253 499 8.2
253 455 0
253 480 0.4
253 464 9.2
253 475 0
253 412 0
253 370 4.45
254 326 0
254 410 5.51
254 342 4.16
254 317 9.23
254 419 0
254 289 0
254 308 0
254 368 7.97
254 319 0
254 405 9.5
254 483 7
254 338 8.87
254 267 8.99
254 465 1.97
254 300 0
255 439 4.03
255 334 0
255 474 0
255 448 9.57
255 382 8.7
255 416 0
255 444 0
255 266 0
255 395 7.55
255 260 4.3
255 482 0
255 256 0
256 430 6
256 306 4.07
256 490 0
256 434 1.14
256 347 1.96
257 313 0
257 448 3.33
257 450 0
257 341 0
257 297 0
257 430 0
257 289 0
257 287 8.19
257 456 7.15
257 403 0
257 425 0
257 400 0
257 314 0
257 376 0
257 496 8.06
257 319 0.9
257 306 0
257 272 9.92
257 419 0
257 413 3.69
257 463 1.84
257 271 9.24
257 478 8.51
257 332 0
258 376 9.05
258 341 8.65
258 374 6.35
258 413 9.4
258 423 0
258 387 0
258 411 5.93
258 346 0
258 405 8.55
258 488 0
259 436 0
259 498 0
259 358 0
259 320 1.88
259 384 0
259 293 7.37
259 444 8.12
259 380 0
259 435 7.67
259 438 0
259 371 0
259 291 4.58
259 394 0
259 318 0.32
259 367 8.52
259 346 2
259 324 2.67
259 386 0
259 366 9.55
260 493 0
260 436 5.34
260 325 0
260 411 8.68
260 263 1.39
260 303 1.44
260 489 1.57
260 446 3.5
260 455 0
260 499 4.87
261 466 6.19
261 372 0
261 473 0
261 444 2.8
261 392 4.04
261 474 0
261 316 6.44
261 402 7.01
261 498 0
261 349 4.59
261 493 9.91
261 463 0
261 306 1.65
261 353 0
261 337 0
261 272 0
261 496 7.38
261 431 0.04
261 419 2.85
261 455 2.65
262 329 7.86
262 472 0
262 397 0.94
262 394 2.86
262 286 7.25
262 313 8.12
262 352 9.78
262 466 4.53
262 492 5.09
262 302 6
262 440 8.87
263 478 0
263 425 0
263 344 0
263 327 8.28
263 487 7.68
263 362 4.55
263 388 0
263 477 7.06
263 311 0
263 302 0.94
263 484 0
263 452 8.31
263 387 9.55
263 423 0
263 488 1.71
263 369 0.61
263 455 9.97
263 417 0
263 308 0
263 414 0
263 468 0
263 375 4.58
264 346 2.63
264 472 0
264 479 0
264 336 0.8
264 464 0
264 457 0
264 324 9.49
264 339 8.06
264 290 3.49
264 466 0.02
264 313 0
264 337 0
264 320 6.54
264 397 0
264 434 8.18
264 355 1.7
264 480 0
265 372 0
265 298 0
265 420 0
265 334 0
265 495 0
265 488 4.73
265 365 0
265 482 0
265 326 0
265 387 0
265 474 0.91
265 312 0
265 321 2.23
265 499 0.12
266 352 3.53
266 396 4.45
266 320 9.29
266 341 6.68
266 290 0
266 285 0
266 457 0
266 415 8.3
266 466 0
266 379 3.63
266 422 8.88
266 428 0
266 496 6.51
266 324 0
266 344 0
266 451 0
266 315 0
266 325 0
266 357 0
266 296 6.63
266 482 5.34
266 474 3.13
266 472 0.71
267 318 3.03
267 274 1.87
267 389 0
267 292 0
267 489 0.17
267 406 0
268 339 0
268 276 0
268 366 4.35
268 463 4
268 451 9.74
268 401 7.83
268 498 0
268 439 9.69
268 323 0
268 432 6.12
268 397 7.24
268 377 0
268 400 0
268 285 6.74
268 269 3.18
268 392 0
268 493 1.48
268 344 2.19
268 434 4.8
268 465 4.22
268 418 2.95
268 330 1.06
268 457 0
268 476 5.02
268 382 1.15
268 411 6.33
268 379 0
268 356 0
268 417 2.79
268 332 0.34
268 398 0
268 325 5.86
268 449 0.73
268 487 0
268 270 0
268 308 0
268 473 5.2
268 410 0
268 460 0
268 477 1.76
268 459 1.3
268 416 3.8
268 291 0
268 375 9.9
268 447 5.78
268 453 0
269 304 7.96
269 401 4.77
269 315 2.28
269 288 0
269 447 6.75
269 393 0
269 351 3.47
269 345 0
269 398 8.59
269 367 0
269 362 0
269 406 9.66
269 330 3.09
269 298 0
269 423 9.07
269 435 2.88
269 445 0
269 480 2.58
269 408 0
270 402 1.59
270 401 1.04
270 471 0
270 385 1.33
270 426 1.89
270 496 5.39
270 475 2.07
270 350 0
270 403 0
270 300 8.94
270 407 8.44
270 447 4.2
270 335 3.99
270 427 0
270 443 0
270 337 0
270 384 5.65
270 422 0
271 417 0
271 372 5.96
271 336 5.28
271 373 0
271 450 8.43
271 331 4.17
271 394 0.15
271 487 5.88
271 495 0
271 305 0
272 483 1.15
272 330 0
272 309 4.94
272 468 0
272 454 8.55
272 318 4.42
272 396 0
272 327 0
272 449 3.39
272 444 7.26
272 332 5.26
272 347 4.36
272 304 4.47
272 464 0
272 324 0
272 423 0
272 348 9.6
272 420 0
272 373 0
272 390 0
272 467 8.64
272 431 0
272 312 3.64
273 274 2.89
273 346 0
273 499 3.45
273 468 0
273 327 0
273 481 6.38
273 348 0
273 451 4.52
273 398 0
273 382 6.39
273 397 0
273 410 0
273 280 6.98
273 341 0
274 399 0.12
274 398 0
274 397 0
274 302 3.35
274 295 6.45
274 335 6
274 392 0
274 344 0
274 471 5.77
274 487 9.63
274 312 8.58
274 430 3.97
274 296 0
275 342 3.86
275 278 0
275 487 0
275 299 0
275 453 0
275 471 5.6
275 294 0
275 431 0
275 422 9.56
275 398 6.71
275 361 0
275 407 6.77
275 346 1.86
275 295 0
275 415 0
275 343 9.26
275 447 0
275 464 4.71
275 325 9.46
275 425 0
275 452 9.87
275 492 0.32
275 371 0
275 358 0
275 336 3.61
275 344 0
275 329 0.23
276 337 0
276 427 0
276 379 0
276 461 4.81
276 387 0
276 420 0
276 423 0
276 489 4.82
276 366 0
276 402 0
276 318 0
276 430 0
276 347 0
276 368 0
276 458 2.7
276 493 0
276 418 0
276 404 0
276 457 4.55
276 316 0
276 315 0
276 460 0
276 486 0
276 293 0
276 299 0
276 412 0
276 302 9.9
277 379 0
277 464 0
277 441 0
277 457 2.79
277 490 5.66
277 381 8.94
277 466 1.22
277 460 2.22
277 476 0
277 328 0
277 320 4.58
277 403 4.34
277 290 0
277 411 0
277 410 0
278 314 8.4
278 484 5.47
278 386 9.75
278 397 1.15
278 439 0
278 290 7.23
278 297 0
278 464 8.7
278 459 7.73
278 357 0
278 416 0
279 468 0
279 434 2.11
279 451 4.12
279 330 2.05
279 386 1.28
279 290 0
279 391 5.59
279 419 0
279 283 6.31
279 390 0
279 383 6.06
279 308 3.86
279 348 0
279 443 9.06
279 392 0
279 310 8.17
279 333 9.66
279 476 3.19
279 403 1.25
279 464 0.08
279 436 8.58
279 338 2.59
279 428 0
280 473 0
280 478 9.34
280 372 8.79
280 470 0
280 410 0
280 429 0.22
280 353 0
280 292 0
280 370 0
280 417 9
280 341 0
280 438 0
280 381 0
281 478 9.18
281 312 6.28
281 444 2.74
281 440 1.06
281 434 0
281 479 8.31
281 430 0
281 349 2.84
281 394 0
281 403 0
281 334 0
281 285 3.58
281 308 9.7
281 336 6.9
281 369 0
281 485 6.63
281 342 7.63
281 378 0
281 302 1.81
281 296 0
281 463 3.55
281 370 0
281 441 0
281 480 8.26
281 319 0
281 360 0
281 340 6.7
281 490 0
281 355 0
281 460 0
281 288 8.71
281 366 0
281 307 8.6
281 397 0
281 286 4.02
281 311 7.73
281 461 6.51
282 407 0
282 357 8.19
282 398 0
282 421 3.88
282 403 4.54
282 431 7.81
282 354 6.2
282 474 0
282 490 0
282 312 0
282 374 6.88
282 315 0.69
282 466 2.74
282 436 6.17
282 390 5.04
282 336 1.55
282 405 2.55
282 477 2.72
282 335 0
282 325 0
282 296 0
282 441 2.6
283 314 5.51
283 439 0
283 394 0
283 338 0
283 298 0
283 440 0
283 489 0
283 467 5.09
284 383 0
284 366 5.68
284 484 0.35
284 491 0
284 327 3.01
284 432 0
284 334 0
284 315 0
284 487 0
284 376 0
284 430 7.23
284 355 0
285 464 5.58
285 392 0
285 334 0
285 425 0
285 332 5.44
285 450 0
285 301 1.76
285 296 0
285 402 4.68
286 352 0
286 317 0
286 314 8.44
286 468 0
286 382 6.94
286 458 0
286 386 0
286 306 0
286 327 0
286 437 0
286 451 6.73
286 391 0
286 428 7.27
286 483 0
286 321 0
286 333 0
286 485 0
286 308 0
286 444 0
286 414 0.11
286 305 1.05
286 398 0
286 291 0
286 476 0
286 409 0
286 351 5.96
286 413 0
286 302 1
287 395 9.67
287 445 0
287 357 0
287 499 2.23
287 373 6.31
287 448 0
287 481 3.33
287 292 0
287 398 4.69
287 449 0
287 331 0
287 402 0
287 419 8.72
288 373 0
288 472 1.47
288 452 6.1
288 465 0
288 404 5.15
288 388 4.39
288 461 0
288 294 0
288 426 1.35
288 292 0
288 344 0
288 442 9.85
288 493 0
288 413 0
288 466 0
289 421 0
289 461 9.78
289 437 0
289 424 4.89
289 408 1.59
289 326 1.19
289 319 0
289 481 1.86
289 403 1.72
289 383 5.65
289 340 0
289 414 8.76
289 314 7.97
289 360 7.47
289 298 0
289 396 3
289 390 0
289 452 6.05
289 456 0
289 379 0
289 388 0.67
289 495 3.57
290 499 4.15
290 326 8.85
290 401 3.35
290 342 1.2
290 324 0
290 426 5.23
290 377 0
290 384 0
290 301 0
290 442 5.17
291 405 4.16
291 441 1.62
291 464 0
291 407 0.66
291 437 7.37
291 353 5.16
291 315 0
291 323 0
291 347 0
291 301 0
291 367 0.19
291 382 0
291 481 1.02
291 403 1.66
291 345 1.02
291 489 0
291 373 0.86
291 402 7.19
291 392 5.45
291 333 3.55
291 357 0
291 331 3.88
291 460 0
292 312 6.18
292 296 6.77
292 395 0
292 355 7.28
292 472 6.26
292 348 4.86
292 310 0
292 324 5.98
292 457 0
292 389 0
292 453 0
292 449 4.85
292 463 0
292 362 2.16
292 426 0
292 475 0
292 295 3.27
292 410 0
292 431 0
292 477 0
292 488 1.09
292 337 0
292 435 0
292 480 0
292 456 0
292 391 0
293 408 0
293 431 3.15
293 402 0
293 462 0
293 320 0.64
293 444 0
293 382 8.36
293 458 0.45
293 380 6.89
293 313 0
293 403 0
293 340 0
293 437 0
293 396 0
293 350 0
294 413 3.07
294 303 0
294 426 0
294 400 0
294 448 0
294 305 0
294 423 7.33
295 296 1.34
295 357 3.89
295 328 4.43
295 481 3.09
295 326 0
295 440 0.23
295 462 0
295 469 9.68
295 373 0.41
295 454 0
295 344 4.72
295 449 0
295 415 4.23
296 396 0
296 349 6.57
296 346 0
296 336 0
296 392 0
296 398 3.37
296 302 0.92
296 427 1.07
296 369 5.28
296 410 5.27
296 314 5.45
296 395 0
296 483 5.34
296 341 0
296 297 5.78
296 389 2.15
296 489 2.09
296 472 0
297 471 4.63
297 347 0
297 355 0
297 415 0
297 411 7.47
297 371 0
298 490 0
298 389 4
298 437 0
298 380 6.21
298 333 0
298 484 0
298 456 0
298 449 0
298 354 0
298 362 0.22
298 417 0
298 499 2.16
298 476 0
298 497 0
298 452 0
298 411 6.72
298 347 0
298 360 0
298 302 0
298 439 0.31
298 386 6.85
298 339 2.5
299 369 6.38
299 320 0
299 393 0
299 468 0
299 427 0
299 405 0
299 311 0
299 417 0
299 415 1.29
299 340 0
299 344 6.62
299 338 0
299 437 0
299 352 0
299 466 0
299 364 0
299 450 0
299 419 9.41
299 348 0
299 463 0
299 375 5.77
299 439 0
299 447 7.63
299 337 0
299 421 1.22
299 379 7.84
299 485 3.8
299 486 9.55
299 418 0
299 420 0
299 372 1.63
299 391 4.33
299 397 1.07
299 401 0
299 445 0
299 492 3.96
299 345 0
299 362 6.73
299 350 8.92
299 432 3.65
299 446 5.73
299 342 0
300 360 0
300 429 0
300 402 9.11
300 377 3.55
300 419 0
300 400 0
300 480 8.57
300 431 0.3
300 307 0
300 434 0
300 395 0.27
300 341 7.68
300 323 0
300 334 0
300 355 0
300 438 0
300 386 2.45
300 475 0
300 471 0
300 349 0
300 435 4.9
301 306 1.76
301 404 0
301 463 4.74
301 420 8.02
301 339 6.89
301 444 3.61
301 498 0
301 408 4.93
301 396 2.22
301 338 0
302 358 0
302 426 0
302 360 0
302 456 6.34
302 487 0
302 491 0
302 492 0
302 392 0
302 311 4.63
303 331 0.1
303 382 6.95
303 330 6.13
303 432 5.66
303 449 0.25
303 490 5.73
303 411 9.04
303 480 0
303 328 7.59
303 345 0
303 377 0
303 487 9.13
303 424 8.66
303 351 0
303 468 0
304 491 0
304 486 5.74
304 327 0
304 325 6.5
304 386 0
304 484 1.06
304 410 1.08
304 468 6.11
304 411 0
304 390 3.16
305 479 0
305 428 0
305 327 9.67
305 400 0
305 328 7.77
305 431 1.11
305 454 8.93
305 320 0
305 484 6.81
305 324 1.24
305 413 8.02
305 475 0
305 409 0
305 315 0
305 417 0
305 438 0
305 395 7.82
305 375 0
305 422 3.62
305 309 0
305 383 9.37
305 353 5.43
305 374 1.8
305 433 0
305 444 0
305 493 8.77
305 331 4.88
306 445 9.5
306 377 0
306 457 0
306 434 1.64
306 424 0
306 371 0
306 498 0
306 328 0.28
306 345 0
306 443 0
306 364 5.28
306 470 3.79
306 425 3.62
306 456 2.37
306 383 0
307 331 6.7
307 496 2.06
307 329 4.5
307 460 4.53
307 404 0
307 344 0
307 471 0
307 351 0
307 364 8.01
307 387 0.14
307 430 1.59
307 362 9.19
307 402 7.47
307 336 5.84
308 419 0
308 494 0
308 455 4.89
308 388 4.61
309 351 3.1
309 327 7.93
309 448 0.22
309 455 6.81
309 397 0
309 370 0
309 362 0
309 310 5.57
309 336 0
309 378 0
309 498 5.54
309 464 6.37
309 369 1.79
309 372 0.52
309 478 0
309 423 3.98
309 366 7.16
309 453 0
309 347 3.04
309 426 6.25
309 414 4.7
310 406 9.79
310 366 8.43
310 498 4.86
310 334 9.18
310 399 0
310 373 7.03
310 441 7.8
310 456 1.22
311 471 0
312 371 0
312 386 0
312 410 0
312 403 9.47
312 441 0
312 485 3.94
312 421 0
312 434 0
313 368 0
313 470 6.37
313 350 7.53
313 354 1.91
313 388 0
313 418 6.2
313 430 9.11
313 393 0
313 323 2.38
313 495 3.27
313 395 0
313 353 0
313 447 6.78
313 458 0
313 357 6.95
313 407 9.81
313 417 0
313 477 0
313 369 0
313 392 9.07
313 346 0
313 371 8.08
313 396 0
314 450 0
314 482 2.36
314 321 0.9
314 371 0.15
314 497 0.05
314 498 9.19
314 386 0
314 420 0
314 397 0
314 487 1.68
315 415 0
315 425 0
315 409 3.73
315 443 0
315 403 5.24
315 320 0
315 346 0
315 422 0
315 363 0
315 322 8.28
315 444 6.69
315 427 0
315 456 0
315 323 0
315 368 0
316 453 5.84
316 432 4.14
316 420 0
316 415 9.12
316 470 6.74
316 319 9.02
316 322 0
316 320 2.46
316 410 1.8
316 383 0
316 343 0
316 494 0
316 433 4.19
316 430 6.72
316 416 0
316 329 7.1
316 373 0
316 385 0
316 350 6.89
316 409 4.12
316 456 7.2
316 326 7.23
316 398 0
316 353 0
316 406 7.9
316 391 5.44
316 478 9.13
316 489 0
316 348 0
316 356 0
316 380 0
316 425 0
316 466 0
316 355 2.79
316 395 1.63
317 396 0
317 436 7.99
317 370 8.84
317 331 0
317 380 0
317 488 9.75
317 489 3.21
317 350 2.02
317 466 0
317 376 3.29
317 477 0
317 463 7.7
317 373 0.13
317 341 9.4
317 433 0
317 428 3.63
317 467 0
317 384 0
317 431 0
317 457 0
317 444 3.74
318 413 0
318 485 9.41
318 430 0
318 411 5.55
318 342 6.62
318 418 0
318 352 0
318 469 1.68
319 337 9.71
319 465 0
319 390 0
319 329 0.47
319 452 6.05
319 391 8.37
319 426 0
319 470 0.62
320 424 3.34
320 425 5.52
320 361 0
320 321 0
320 323 4.81
320 407 1.72
320 461 0.41
320 400 6.25
320 469 0
320 408 0
320 435 0
320 431 0
320 479 2.95
320 470 0
320 395 3.84
320 393 0
320 372 0
320 433 0.1
320 457 0
320 357 7
320 440 9.42
320 485 3.05
320 466 6.68
320 351 0
320 383 0.57
321 431 5.97
321 357 5.98
321 415 0
321 466 0
321 486 0.18
321 434 0
321 395 9.74
321 353 0
321 363 7.67
321 476 0
321 356 4.08
321 425 0
321 352 0
321 382 2.2
321 432 0
321 410 3.14
321 359 0
321 391 0
321 370 0
321 366 4.41
321 481 0
321 345 8.87
321 355 6.25
321 461 6.19
321 454 5.51
321 358 4.48
321 467 0
321 323 0
321 418 0
321 437 0
322 427 9.18
322 356 0
322 400 0
322 422 5.27
322 327 1.61
322 375 0
322 391 0
322 495 8.38
322 448 0
322 451 0
322 378 0
322 430 8.73
322 345 0
323 335 9.55
323 424 0
323 475 3.52
323 326 0
323 460 7.56
323 378 0
323 463 6.03
323 365 0.71
323 425 3.76
323 484 4.82
323 455 7.75
323 497 0.81
323 426 0
324 461 8.6
324 404 0
324 389 2.09
324 457 7.35
324 468 0
324 472 0
324 479 0
324 424 0
324 401 0
324 492 1.97
324 403 0.19
324 466 0.62
324 454 7.07
324 495 8.94
325 341 2.1
325 422 0
325 431 0
325 482 0
325 352 4.43
325 345 2.49
325 332 0
325 449 0
326 449 0
326 393 1.84
326 383 6.89
326 430 0
326 450 0
326 452 0
326 385 0
327 469 0
327 394 0
327 493 5.85
327 418 8.81
327 395 1.62
327 443 7.77
327 401 0
327 428 0
327 452 9.73
327 432 9.66
327 365 3.88
327 379 4.71
327 392 0
327 398 0.57
327 397 0
327 419 1.32
327 450 2.73
327 355 0
327 405 0
327 382 0
327 483 0
327 482 4.32
327 393 0
328 422 6
328 426 0
328 332 0
328 380 0
328 372 6.6
328 487 6.44
328 405 4.57
328 447 0
328 341 0
328 362 7.18
328 408 0.1
328 488 0
329 499 8.92
329 336 0
329 413 9.29
330 392 8.27
330 427 6.26
330 417 0
330 387 0
330 458 9.47
330 452 8.77
330 493 2.81
330 355 0
330 377 2.78
330 484 1.54
330 488 0
330 494 6.85
330 485 2.43
330 433 0
330 338 4.8
330 440 1.89
330 448 2.57
330 375 4.62
330 339 7.18
330 499 3.61
330 386 7.14
330 395 8.68
330 467 8.04
330 478 2.45
330 459 6.57
331 489 0
331 496 0
331 424 4.87
331 372 0
331 340 8.08
331 486 0
331 446 9.84
331 359 0
331 386 0
331 375 0
331 442 0
332 481 9.47
332 463 8.41
332 458 0
332 362 7.08
332 335 7.69
332 469 0
332 387 6.41
332 400 0
332 408 5.35
332 380 0
332 355 0
332 360 0
332 371 0
332 384 0
332 374 0
332 410 1.28
332 436 0
332 443 0
332 383 9.77
332 376 0
332 453 5.05
332 423 0
333 354 7.66
333 386 0
333 478 7.97
333 474 0
333 392 6.05
333 469 9.34
333 361 8.53
333 449 0
333 435 9.71
333 425 5.77
333 436 9.36
333 400 0
333 382 0
333 390 0
333 431 5.79
333 352 5.41
333 499 0
333 488 8.34
333 368 8.64
333 360 0
333 362 3.65
333 496 0
333 340 2.28
333 426 8.9
333 493 0
333 494 6.52
333 464 0
334 386 0
334 361 4.55
334 344 4.02
334 415 9.25
334 474 0
334 380 3.8
334 339 0
334 423 2.99
334 433 9.48
334 493 2.07
334 487 0
334 338 8.7
334 497 0
335 377 1.3
335 408 0
335 433 7.31
335 488 6.54
335 389 0
335 467 4.07
335 482 0
335 385 1.85
335 465 0
335 449 0
335 393 0
335 417 0
335 422 0
335 457 7.18
335 474 0
335 454 0
336 388 0
336 447 7.13
336 457 2.15
336 470 0
336 468 2.56
336 351 0
336 430 5.36
336 406 0
336 440 0
336 391 6.33
336 475 5.93
337 459 0
337 412 0
337 409 5.79
337 350 7.84
337 372 0
337 377 8.33
337 394 8.16
337 391 5.58
338 493 6.81
338 354 3.35
338 353 2.29
338 380 0
338 391 3.89
338 461 1.53
338 422 9.04
338 364 0
338 488 9.45
338 498 6.27
338 496 7.7
338 414 0
338 474 7.63
338 445 0
338 464 9.12
338 396 5.88
338 432 0
338 379 1.78
338 491 2.69
339 427 0
339 418 7.92
339 398 0
339 463 4.78
339 355 0
339 484 2.73
339 376 0.77
339 469 0
339 434 0
339 488 7.94
339 347 6.53
339 413 5.1
339 364 7.36
339 447 7.26
339 489 4.13
339 357 0
339 370 0
339 465 0
339 366 0
339 393 0
339 406 6.71
340 367 0
340 363 1
340 391 0
340 399 0
340 361 0
340 494 0
340 482 0
341 435 0
341 488 8.98
341 429 0
341 407 0
341 438 0
341 396 0
342 375 0
342 436 0
342 367 0
342 419 0
342 401 1.43
343 495 0
343 388 0
343 457 4.01
343 365 0
343 425 0
343 460 0
343 449 0
343 347 0
343 373 5.9
343 356 0
344 420 4.61
344 426 0
344 410 0
344 346 0
344 474 5.86
344 366 0
344 398 8.14
345 352 0
345 384 0
345 428 0
345 396 0
345 348 0
345 388 5.87
345 477 5.69
345 389 0
345 429 0
345 484 3.7
345 492 1.6
345 394 9.93
345 381 0
345 488 0
345 425 0
346 409 5.21
346 393 1.22
346 366 7.78
346 413 0
346 382 0
346 361 1.03
346 418 7.91
346 390 0
346 425 6.44
346 480 4.18
346 378 0
346 383 0
346 438 3.67
346 356 5.82
346 443 0
346 467 0
346 439 4.7
346 453 5.33
346 353 0
346 428 0
346 376 8.92
346 448 1.02
347 427 0
347 403 0.75
347 458 8.95
347 457 0
347 398 0
347 481 5.85
347 422 0
347 430 0
347 357 0
347 436 7.81
347 498 0
347 413 0
347 412 0.16
347 468 8.42
348 439 5.34
348 452 3.76
348 382 2.54
348 444 0
348 417 0
348 486 2.97
348 485 6.87
348 415 5.81
348 429 8.83
348 475 1.16
348 424 0
348 436 7.3
349 412 0
349 374 1.87
349 450 7.69
349 414 0
349 474 0
349 431 0.46
349 485 0.21
349 379 5.98
349 413 0.24
349 406 0
349 378 0
349 459 0
349 432 0
349 489 0
350 495 0
350 390 0
350 479 0
350 460 0
350 437 0
350 417 4.25
350 433 0
350 477 2.5
350 494 4.29
350 375 0
350 476 6.11
350 372 0
350 465 0
350 467 5.6
350 376 1.66
350 483 4.32
350 428 5.15
350 427 0
350 430 0.86
350 449 0.44
351 360 0
351 487 0
351 381 0
351 370 0
351 393 8.16
351 390 0
351 467 0
351 428 9.49
351 367 0.76
351 478 5.07
351 456 5.65
351 354 0
351 371 0
351 473 0
351 443 0
351 359 7.44
352 479 0
352 381 6.36
352 443 0
352 461 2.28
352 449 9.5
352 474 0
352 395 0
352 401 2.57
352 430 0
352 422 4.59
352 423 3.29
352 452 7.26
352 485 0
352 488 3.87
352 413 7.86
352 433 9.98
352 404 5.57
352 426 5.9
352 375 3.3
352 473 7.17
352 495 0
352 385 3.13
352 411 0
353 398 0
353 402 6.47
353 417 0
353 355 0
353 382 7.23
353 467 0
353 428 0
353 429 0
353 397 8.16
353 455 2.36
353 487 0
353 407 0
353 370 0
353 358 0
353 441 0
353 413 0
353 446 0.51
353 495 0
353 390 9.81
353 363 1.99
353 364 3.64
354 395 9.61
354 416 6.76
354 428 0.84
354 434 8.16
354 495 7.56
354 423 0
354 380 0
354 449 0
354 476 0
354 438 0
354 435 3.5
354 439 8.26
354 369 0
354 498 0
354 386 6.99
354 432 0
354 358 0
354 363 0
354 452 0
354 482 6.17
354 406 4.97
355 372 8.74
355 371 1.18
355 380 4.37
355 391 3.53
355 381 0
355 444 5.79
356 438 8.33
356 389 0
356 392 0
356 374 0
356 422 0
356 423 5.1
356 405 1.36
356 429 0
356 421 5.03
356 468 9.24
356 446 8.5
356 491 0
356 469 1.14
356 450 9.34
356 400 0
356 437 0
356 486 0
356 497 0.35
356 371 7.83
356 364 2.93
356 385 9.85
357 494 9.19
357 416 0
357 456 0.6
357 474 0
357 466 0
357 495 8.8
357 431 0
357 413 0
357 401 0
357 467 4.95
357 372 0
357 362 0
358 399 2.2
358 410 0
358 377 0
358 368 0
358 432 0
358 378 0
358 385 0
358 416 9.39
358 391 6.15
358 406 3.37
358 361 0
358 464 2.81
358 449 0.2
358 442 0
358 421 5.5
358 395 0
358 472 6.63
358 455 0
358 409 8.2
358 404 0
358 360 1.67
358 478 9.31
358 367 4.66
358 423 0
358 470 0
359 470 9.52
359 387 0.33
359 429 5.16
359 419 2.14
359 469 4.48
359 428 0
359 490 0
359 480 0
359 466 0
359 439 0
359 496 0
359 493 0
359 431 7.03
359 436 0
359 392 1.35
359 464 0.73
359 481 8.03
359 398 0
359 435 2.32
360 499 0
360 418 0
360 393 5.74
360 497 5.11
360 461 9.58
360 368 1.94
360 400 0.49
360 377 0
360 382 0
360 381 0
360 492 0.69
360 392 0
360 385 0
361 494 0.83
361 364 0.45
361 444 0
361 487 0
361 432 0.78
361 414 0
361 402 4.69
361 400 8.05
361 387 0
361 380 6.06
361 416 0
362 431 1.37
362 495 5.25
362 456 0
362 498 4.23
362 371 0
362 409 0.68
362 457 0.35
362 408 7.51
362 366 0
362 445 1.29
362 381 0
362 411 0
362 476 0
362 398 4.46
362 404 8.55
362 428 0
362 414 0
362 480 0.8
362 379 3.7
362 436 0
362 365 0
362 427 3.63
362 406 8.19
362 374 0
362 437 0
362 433 0
362 413 0
362 455 3.65
362 472 4.69
363 427 0
363 406 0.21
363 456 0
363 412 0
363 445 0
363 429 0
363 468 0
363 469 2.34
364 428 0
364 378 4.36
364 382 0
364 375 9.1
364 403 0
364 488 0.64
364 482 0
364 377 0
364 405 7.9
364 398 0
364 410 0
364 436 0.3
364 465 6.12
364 404 1.09
364 463 5.87
364 489 0.06
364 402 0
364 392 0
364 439 6.98
364 388 0
364 452 6.54
364 383 0
364 454 5.98
364 493 4.7
365 492 0
365 473 7.58
365 399 5.88
365 474 5.96
365 387 0
365 377 2.18
365 447 0
365 459 6.28
365 490 0
365 375 5.12
365 440 2.07
365 417 2.75
365 401 7.13
365 452 0
365 378 5.15
365 445 0
365 487 9.29
365 424 0
365 407 1.81
365 414 0
365 495 0
365 477 0.6
366 434 9.88
366 416 1.24
366 393 0
366 399 2.05
366 430 0
366 421 0.48
366 423 0
366 401 6.59
366 383 8.14
366 482 0
366 450 7.17
366 402 0
366 369 7.98
366 458 8.29
366 471 0
366 477 0
366 464 1.12
366 438 0
366 412 4.74
366 377 6.97
367 411 5.55
367 468 0
367 467 1.57
367 431 6.35
367 485 0
367 434 0
367 399 0
367 387 0
367 414 0
367 464 2.63
367 473 0
367 437 0
367 369 0
367 410 0
367 417 5.95
367 432 0
368 476 1.08
368 459 2.01
368 395 0
368 473 0
368 441 0
368 444 9.06
368 446 0
368 412 0
368 427 0
368 398 0
368 423 0
368 492 0
369 439 0
369 383 7.52
369 495 4.31
369 382 0.98
369 371 8.28
369 410 5.34
369 381 0
369 425 0.86
369 442 3.49
369 463 5.66
370 385 0
370 371 0
370 469 2.63
370 471 4.31
370 472 3.32
371 434 0
371 391 0
371 430 0
371 468 7.1
371 453 0
371 428 2.16
371 429 0
371 421 8.02
371 373 0
371 424 0
371 423 4.98
371 387 0
371 401 1.31
371 459 3.61
371 449 0
371 455 0
371 481 2.79
371 381 6.85
372 454 3.09
372 391 0
372 417 0
372 406 0
372 409 0
372 396 0
372 398 4.15
372 473 0.8
372 380 0
372 375 0
372 392 0
373 409 6.9
373 482 5.92
373 430 0
373 461 0
373 470 5.62
373 454 7.27
373 388 9.02
373 448 8.67
373 427 4.95
373 457 0
373 390 0.08
373 462 9.82
373 449 3.2
373 401 0
373 455 0
374 376 0
374 459 6.01
374 436 1.66
374 491 1.57
374 493 1.86
374 497 4.85
374 428 6.39
375 462 8.4
375 481 8.86
375 400 0.48
375 414 7.57
375 468 4.97
375 490 0
375 471 0
375 387 0
375 435 0
375 396 0
375 385 9.06
375 382 0
375 478 2.84
375 456 0
375 453 0
375 397 0
375 384 3.89
375 493 5.14
375 391 9.6
375 436 0
375 413 3.9
375 418 0
376 433 0
376 454 0
376 415 1.32
376 386 6.89
376 452 4.51
376 423 0
376 459 4.78
376 408 0
376 426 1.46
376 388 6.87
376 470 4.16
376 385 0
376 457 0
377 479 6.57
377 382 0
377 468 0
377 402 0
377 423 0
377 414 5.75
377 473 0
377 381 7.3
377 420 2.43
377 466 0
377 440 9.92
378 395 0
378 435 4.9
378 433 2.31
378 429 0
378 462 0
378 402 0
378 420 9.16
378 484 0
378 487 0
378 465 0
378 485 0
378 431 8.75
379 402 0
379 458 0
379 433 4.2
379 486 5.25
379 454 0
379 460 0
379 468 0
379 424 8.97
379 446 0.22
380 443 0
380 396 6.88
380 441 0
380 390 0
380 481 7.83
380 444 0
380 490 1.15
380 477 5.6
380 401 8.21
381 449 5.13
381 407 0
381 456 0
381 491 9.95
381 420 6.22
381 494 8.24
381 403 7.48
381 445 0
381 384 0
381 404 0
381 429 0
381 493 8.07
381 461 0
381 490 9.6
381 431 0.01
381 410 5.56
381 496 9.71
381 489 0
381 383 0
381 455 0
381 406 1.58
381 424 0
381 469 5.69
381 451 5.19
382 483 6.28
382 452 3.19
382 464 2.66
382 457 0
382 455 0
382 400 0.76
382 482 0
382 399 6.54
382 415 8.69
382 386 9.45
382 404 2.29
382 480 0
382 444 5.43
382 410 8.26
382 475 6.45
382 485 0
382 417 0
382 390 0
382 463 8.54
382 486 0
382 427 9.98
382 428 0.28
382 416 0
382 421 0
382 438 0.69
382 458 0
383 471 0
383 480 0.96
383 420 0.7
383 459 0
383 409 0
383 407 6.93
384 413 0
384 394 0
384 470 4.87
384 462 9.02
384 465 7.12
384 426 2.32
384 477 6.21
384 461 5.34
384 432 0
384 419 0
384 450 0
384 479 0.45
384 449 0
384 494 0.04
384 391 0
385 465 2.51
385 432 6.33
385 454 8.58
385 389 8.47
385 409 0
385 445 5.78
385 466 0
385 483 8.46
385 473 3.56
385 487 0
385 462 0
385 442 9.9
385 412 0.27
385 418 0
385 446 5.84
385 424 3
385 416 2.81
385 388 5.57
386 389 0
386 455 0
386 403 7.55
386 408 0
386 496 0
386 470 0
386 475 0
387 427 0
387 455 1.98
387 403 0
387 470 0.01
387 464 8.4
387 446 0
387 453 6.55
387 409 0
387 462 1.25
387 487 0
387 461 0
387 477 2.31
387 498 0
387 411 8.76
387 451 0
387 388 8.18
387 483 6.4
387 475 0
387 472 8.39
387 423 0
387 404 0
387 463 0
387 496 0
387 481 0
387 440 9.94
387 459 0
387 434 7.21
387 412 5.17
387 450 0
387 469 7.63
388 495 0
388 498 0
388 440 0
388 469 0
388 457 0
388 455 0
388 467 6.46
388 494 0
388 430 0
388 453 0
388 482 0
388 487 0
388 496 0
388 474 7.22
388 468 8.59
388 451 0
388 447 0.5
389 452 6.46
389 453 4.9
389 409 0
390 397 8.9
390 464 5.67
390 403 0
390 442 0
390 497 3.39
390 441 3.33
390 407 0
390 469 9.93
390 430 7.36
390 391 0
390 494 4.38
390 434 5.83
390 486 0
390 461 2.39
390 466 5.32
390 404 5.59
390 427 9.4
390 485 0
391 473 0
391 401 5.4
391 400 0
391 446 0
391 434 0
391 423 0
392 436 0
392 402 2.56
392 421 0
392 406 0
392 427 0
392 418 3.98
392 393 9.05
392 429 0
392 476 0
392 399 0
392 434 0
392 451 1.46
392 472 0
392 446 0
392 444 0
392 454 0
392 409 8.51
392 467 0
392 404 0
392 408 4.18
392 394 2.03
392 407 7.37
392 426 1.65
392 497 7.08
392 419 0
392 499 1.41
392 470 0
392 483 6.44
392 453 0
392 489 0.05
392 437 0
392 401 0
392 396 0
393 409 0
393 439 5.39
393 467 0
393 479 0.33
393 437 4.28
393 417 3.95
393 424 0
394 410 5.72
394 459 0
394 427 0
394 488 0
394 430 5.51
394 396 0
394 414 0
394 412 7.22
394 499 0
394 461 0
394 420 1.7
394 446 3.27
394 495 0
394 484 5.36
394 464 0
395 438 0.99
396 403 6.51
396 426 8.58
397 405 0
397 458 0
397 465 0
397 398 0
397 427 8.33
397 419 0
397 483 0
397 468 0
397 436 8.23
397 454 0
397 476 0
397 399 5.72
397 494 9.87
397 475 0.84
397 485 0
397 437 4.24
397 420 0
397 490 0
397 474 0
397 484 0
397 491 0
397 477 8.65
397 471 1.42
398 482 7.04
398 481 4.84
398 456 0
398 436 0
398 451 2.84
398 409 2.69
398 468 7.86
398 459 0
398 406 3.31
398 475 0
398 430 0
398 432 3.66
399 436 8.77
399 420 3.25
399 434 1.45
399 491 3.05
400 447 0
400 446 0
400 458 7.66
400 432 0
400 428 0
400 469 5.5
400 407 6.5
400 495 0.99
400 475 2.4
400 480 1.64
400 478 0.8
400 479 0
400 436 0
400 419 8.86
400 474 0
400 476 0
401 427 6.43
401 498 8.44
401 416 0
401 499 6.11
401 473 7.44
401 414 5.19
402 494 8.97
402 462 0
402 485 0.7
402 445 6.88
402 415 6.55
402 482 4.7
402 484 0
403 476 2.8
403 471 2.66
403 435 3.47
403 477 0
403 422 3.87
403 491 0
403 427 9.45
403 459 6.76
403 417 0
403 419 1.72
403 498 0
403 463 3.19
403 406 8.47
403 480 8
403 470 8.56
403 451 0
403 441 8.49
403 442 0.51
404 424 0
404 448 5.85
404 427 0
404 462 4.6
404 499 9.89
404 494 0
404 435 2.92
404 463 0
405 479 0
405 489 7.85
405 411 0
405 451 7.55
405 433 0
406 408 9.49
406 439 0
406 444 8.76
406 455 0
406 413 0
406 454 0
406 411 0
406 445 0
406 425 9.69
406 429 0
406 498 5.55
406 416 0
406 460 6.93
407 430 0
407 451 6.87
407 479 0
407 462 0
407 494 0
407 484 0
407 434 0
407 450 0
407 493 0
407 476 0
407 422 6.28
407 433 7.89
407 423 7.36
407 490 0
407 425 0
407 424 7.62
407 473 0
407 409 2.1
407 443 2.17
407 446 8.95
407 411 2.4
407 426 6.33
407 482 0
407 492 0
408 464 7.19
408 483 2.61
408 479 9.12
408 417 0
408 468 4.85
408 431 0
408 421 3.48
408 469 6.43
408 491 0
408 477 1.51
408 424 6.9
408 462 0
409 423 8.33
409 468 0
409 443 7.47
409 495 2.07
409 453 9.47
409 445 0.32
409 447 0
409 438 0
409 437 9.57
409 492 0
409 417 1.02
410 425 9.33
410 428 5.66
410 417 0
410 418 0
410 469 0
410 485 0
410 481 3.05
410 496 0
410 436 0
410 468 4.98
410 470 4.35
410 488 0
410 426 4.88
410 497 0
410 457 0
410 476 0
410 423 0
410 413 3.09
410 453 0
410 493 3.74
410 434 0
410 464 0
410 474 9.98
410 486 0
411 494 0
411 435 4.54
411 439 0
411 450 3.2
411 483 0
411 423 0
411 470 5.54
411 412 1.96
411 478 3.63
411 451 0
411 441 3.55
411 430 2.27
411 440 4.68
412 432 0
412 487 0
412 422 0
412 484 0
413 423 4.34
414 453 0
414 495 0
414 488 0
414 437 3.66
414 424 0
414 442 0
414 417 5.78
414 480 9.74
414 492 4.89
414 454 0
414 435 4.21
414 423 0
414 449 5.44
414 434 0
415 486 3.53
415 498 4.4
415 440 0
415 419 7.79
415 437 0.73
415 456 6.68
415 449 8.91
415 479 4.94
415 435 0
415 439 0
415 441 6.42
415 457 1.37
416 440 0
416 499 5.84
416 447 7.28
416 449 2.26
417 432 0
417 498 0
417 433 0
417 421 1.85
417 481 0
417 450 0
417 427 9.68
417 491 5.58
417 448 0
417 445 0.57
418 481 0
418 468 0
418 458 7.12
418 462 0
418 456 0
418 460 0
418 448 0
418 480 0
418 499 0
418 434 1.69
418 424 0
418 467 8.7
418 482 0
419 437 8.68
419 427 0.04
419 444 3.29
419 494 0
419 441 2.83
419 482 1.46
419 486 0
419 489 0
419 457 0
419 433 8.73
419 450 5.29
419 423 0
419 460 0
419 420 0.49
419 431 0
419 480 1.03
419 424 5.1
419 446 6.57
419 476 0
420 452 0
420 446 0
420 453 0
420 429 0
420 465 0
420 467 2.24
420 426 0
420 444 4.15
420 456 0
420 425 5.4
420 433 1.57
420 451 0
420 428 0
420 455 0
420 442 0
420 480 0.32
420 482 0
420 439 0
420 438 0
420 423 0
420 461 0
420 434 0
420 485 8.92
421 435 0
421 479 4.77
421 481 0
421 423 0
421 442 7.79
421 452 8.28
421 455 1.45
421 474 0
421 454 0.88
421 460 0.87
421 478 5.56
422 455 0
422 480 0
422 479 1.69
422 441 3.38
422 466 0
422 482 0
423 461 0.71
423 450 0.58
423 486 0.72
423 484 0
423 469 0
423 464 0
423 483 1.61
423 479 0
423 453 7.93
424 430 0
424 479 0.8
424 433 9.11
424 426 8.33
424 475 0.05
424 460 0
424 472 7
424 452 0
424 497 0
424 459 0
425 445 7.45
425 447 0
425 443 0
425 493 4.31
426 447 0
426 482 0
426 491 8.25
426 448 0
426 481 0
426 490 0.79
426 473 0
426 434 5.43
426 469 0
426 446 0
426 449 0.82
426 475 0
426 436 4.77
426 492 0
426 433 0
426 454 8.58
427 494 0
427 434 9.87
427 428 0
427 442 9.21
427 473 1.75
427 459 8.82
427 484 8.4
427 441 0
428 466 0
428 447 5.83
428 442 9.53
428 493 0
428 457 0
428 490 8.45
428 499 0.41
428 464 0
428 491 6.69
429 440 0
429 466 2.36
429 447 9.23
429 472 0
429 430 0
429 446 0
429 487 0
429 498 0
429 460 0
429 496 0
429 441 0
429 455 0
429 490 0
429 452 0
430 443 1.11
430 483 3.65
430 499 0
430 444 0
430 474 0
430 478 5.35
430 465 0
430 480 8.37
430 485 9.55
431 489 0
431 462 5.05
431 497 9.66
431 472 6.81
431 471 0
431 496 6.08
432 490 0.28
432 444 8.47
432 457 3.87
432 495 0
432 464 5.92
433 498 2.2
433 490 7.36
433 461 5.93
433 489 0
433 454 0
433 474 0
433 463 0
434 461 9.55
434 446 0
435 489 8.54
435 478 0
435 449 0
435 448 3.99
435 460 9.14
435 464 0
435 480 6.73
435 493 0
435 454 1.22
435 444 3.99
435 491 0
435 481 0.79
435 490 0
435 453 0
435 476 2.07
436 477 0
436 462 0
436 440 5.53
436 470 5.32
436 491 4.91
437 451 7.53
437 463 0
437 459 8.01
437 439 5.37
437 452 0
438 481 0
438 471 8.22
438 455 0
438 467 0
438 472 0
438 448 6.17
438 470 0
438 458 0.74
439 491 3.41
439 451 3.12
439 443 4.67
439 472 2.99
439 441 0
439 489 8.31
439 484 7.34
440 493 0
440 496 0
440 465 6.08
440 486 0
440 481 0
440 456 0
440 442 0
440 485 0
441 479 3.48
441 462 4.18
441 485 0
441 491 5.6
441 466 0.81
442 455 6.73
442 491 0
442 475 4.67
442 485 0
442 469 9.92
442 489 0
442 474 4.81
442 487 9.77
443 495 0
443 471 7.53
443 487 0
443 491 9.77
443 498 0
443 497 0
443 464 0
443 492 0
443 476 9.98
443 490 2.88
443 445 0
443 468 0
443 466 5.16
443 452 0
443 474 0
444 462 0
444 456 0
444 448 0
444 464 3.97
444 469 0
444 477 0
444 498 0
444 465 4.01
444 484 3.47
444 476 3.35
444 488 0
444 481 0
444 453 3.25
444 445 3.02
444 495 3.48
444 454 0
444 452 7.02
444 489 0
445 459 9.55
445 491 0
445 475 0.95
445 454 0
445 480 7.49
445 479 0
445 481 0
445 463 8.69
445 461 0
445 488 0
445 483 0
446 499 1.91
446 450 0
446 483 0
446 472 2.52
446 464 2.47
446 496 8.72
446 477 4.49
446 458 5.75
447 453 8.67
447 491 0
447 456 0
447 463 8.84
447 476 8.11
447 450 4.62
447 485 0
447 497 0
447 487 5.6
447 481 0.97
447 498 0.74
447 451 0
447 459 5.43
448 477 2.54
448 459 0
448 466 1.83
448 468 4.04
448 450 0
448 487 5
448 479 8.89
448 451 0
448 488 8.94
448 460 0
448 471 0
448 492 8.49
448 478 6.49
448 496 5.7
448 485 0
449 483 0
449 454 0
449 486 4.26
449 482 4.86
449 487 9.33
449 499 8.9
449 474 0
449 493 0
449 471 0
449 490 9.09
449 496 0
449 468 0
449 464 0
449 452 0
449 451 0
450 455 4.82
450 474 0
450 475 0
450 492 0
450 463 8.87
450 464 2.34
450 496 0
451 456 3.97
451 494 5.28
451 487 0
451 454 0
451 485 1.12
452 465 0
452 491 8.82
452 494 0
452 462 1.5
452 486 4.61
452 454 0
453 458 0
453 487 0
453 484 1.37
453 469 0
453 457 4.69
453 483 5.41
453 460 7.93
453 454 1.1
453 467 0
453 481 0
453 474 4.74
454 475 9.51
454 482 0
454 461 0
454 496 0
455 482 0
455 491 0
455 478 0
455 475 9.84
455 464 0
455 461 0.71
455 499 1.95
455 486 4.9
456 488 0
456 483 0
456 476 0
456 469 0
456 462 0
456 471 6.9
456 491 1.86
456 461 0
457 470 1.15
457 473 0
457 487 0
457 495 2.23
457 479 0
457 458 3.51
457 488 3.77
458 459 3.08
458 485 6.56
458 494 0
458 470 4.32
458 467 0
458 489 3.48
458 475 6.47
458 490 0
459 464 0
459 468 0
459 466 0
459 494 0
459 478 4.75
459 485 6.71
460 485 0
460 475 0
460 487 9.93
460 498 9.26
460 462 0.88
460 465 0
460 471 4.2
461 468 0
461 474 0
461 494 1.56
461 488 2.19
461 498 9.48
461 475 0
461 495 0
461 471 0
461 499 0
461 490 0
462 481 7.42
462 474 6.67
462 491 1.79
462 476 0
462 465 1.77
462 468 0
462 480 0.5
462 483 0
463 484 7.41
463 496 0
463 482 0
464 466 0
464 487 2.82
464 481 2.02
464 491 0
464 478 0
464 470 0
464 484 3.04
464 497 0
464 469 7.1
465 497 0
465 499 7.83
465 489 0.24
465 471 3.15
465 483 7.11
465 473 0
465 477 1.79
465 478 7.61
465 493 0
465 491 7.01
465 482 0
465 472 7.55
465 467 0
466 482 0
466 484 0
466 488 0
466 475 6.38
466 471 1.42
467 494 0
467 485 0
467 483 4.96
467 470 0
467 475 0
468 471 2.03
468 473 0.91
468 483 2.92
468 495 0
469 484 0
469 473 0
469 491 0.22
469 476 0
469 497 4.71
469 471 6.54
469 481 0
469 496 4.48
470 476 0
470 472 0
470 497 0
470 474 0
470 477 0
470 484 3.63
470 475 0
470 498 0
471 492 0
471 472 0
471 496 0
472 496 8.69
472 475 3.67
472 490 0
472 489 0
472 488 0
472 476 6.61
473 492 0
473 480 9.73
473 486 0
474 480 7.85
474 484 9.02
475 484 0
475 495 0
475 492 0
475 486 0
475 476 0
475 490 0
475 482 0
475 479 7.8
475 497 0
475 488 0
476 490 1.84
476 494 8.81
476 485 0
477 481 4.79
477 478 0
477 491 0
477 489 0
477 497 0
477 488 1.48
477 493 0
477 487 4.17
478 497 0
478 483 0
478 482 0
478 484 3.89
478 492 1.31
478 488 0
478 479 0
478 489 0
478 499 0
479 496 0
480 487 0
480 498 5.05
480 483 0
481 497 0.99
481 494 4.8
481 486 0
482 490 0
482 499 0
482 493 0
483 497 3.16
483 488 7.21
483 486 8.82
483 494 0
483 490 0
483 491 0
483 489 7.81
484 485 9.28
485 494 3.61
485 490 7.46
485 488 9.94
485 486 0
485 491 0
485 493 0
486 496 6.76
486 498 1.46
486 489 4.04
486 487 5.26
487 493 8.9
487 494 0
487 489 8.08
488 492 0
488 491 0
488 497 8.94
489 496 2.52
489 493 0
490 499 0
490 491 0
490 495 5.96
490 498 0
491 498 3.92
492 493 0
492 495 8.22
493 498 6.85
493 497 1.1
493 494 2.93
493 495 0
494 499 0
494 495 0
494 498 7.22
495 497 0
495 498 0
497 498 0
498 499 9.46
