0 42 30.93
0 2 70.71
0 21 125.99
0 18 70.79
0 20 78.03
0 17 67.72
0 29 30.25
0 48 109.01
0 36 28.14
1 19 55.34
1 32 57.31
1 4 31.21
1 49 67.85
1 24 48.4
1 16 45.64
1 9 60.47
1 17 47.21
1 33 21.83
2 26 53.26
2 16 53.95
2 15 48.64
2 31 53.17
2 10 74.9
2 6 18.1
2 46 67
2 37 44.12
2 41 86.35
2 22 62.21
2 27 84.21
2 7 50.01
3 36 41.14
3 30 59.22
3 17 49.19
3 13 93.74
4 15 87.88
4 26 33.54
4 44 87.07
4 31 38
4 18 73.64
4 10 66.82
5 16 71.1
5 35 39.55
5 27 90.56
5 7 65.76
5 18 80.85
5 30 54.4
5 21 83.28
5 11 39.3
5 43 106.99
5 29 70.65
5 14 24.12
5 42 80.22
6 13 48.85
6 26 56.37
6 39 79.77
6 41 98.17
6 10 83.38
6 24 40.86
6 45 43.04
6 33 52.7
6 44 57.9
6 46 89.32
7 35 50.09
7 40 87.41
7 13 60.28
7 32 102.37
7 29 30.38
7 9 47
7 44 51.97
8 39 68.49
8 12 36.12
8 46 26.14
8 29 31.01
8 45 59.69
8 48 97.82
8 44 87.49
8 37 73.5
8 27 75.39
8 21 99.45
8 43 78.86
8 30 60.05
8 14 42.34
8 19 21.5
9 33 61.91
9 14 69.2
9 22 90.52
9 26 90.56
9 11 67.5
9 35 68.76
9 23 31.17
9 27 90.78
9 32 97.18
10 21 140.19
10 25 30.14
10 14 90.14
10 26 53.24
10 15 100.79
10 11 70.4
10 12 59.5
11 37 104.82
11 13 98.86
11 49 27.53
11 40 94.41
11 34 39.54
11 12 53.5
11 23 74.32
11 47 55.59
11 19 46.6
11 30 81.1
11 25 44.29
11 46 41.73
12 35 91.53
12 14 69.3
12 32 66.9
12 46 56.45
12 19 68.06
12 25 50.49
12 26 34.34
12 18 65.36
12 40 49.62
12 28 37.92
13 39 90.63
13 48 20.36
13 19 124.85
13 35 121.13
14 30 64.65
14 41 56.78
14 32 126.17
15 48 40.47
15 23 69.93
15 38 89.31
15 26 94.31
15 21 90.84
15 37 84.21
15 25 84.84
15 20 89.54
16 19 87.01
16 28 48.41
16 27 109.16
16 23 23.14
16 17 44.79
16 38 80.78
16 32 73.14
16 47 105.25
17 36 64.57
17 39 38.82
17 49 47.53
17 45 26.34
17 44 47.22
17 43 54.62
17 31 34.29
17 23 26.04
17 18 70.86
18 21 120.1
18 33 106.31
18 28 57.46
18 22 99.28
18 24 82.71
18 46 78
18 25 36.51
18 39 116.29
18 41 84.31
18 47 81.47
18 32 106.69
19 48 126.46
19 26 76.88
19 39 89.41
19 22 74.32
19 28 63.55
19 35 57.3
20 26 34.28
20 21 106.81
20 23 102.72
20 40 57.2
20 39 96.96
21 36 114.65
21 22 100.45
21 41 114.36
22 48 96.35
22 40 58.46
22 49 71.98
22 27 109.63
22 42 70.58
23 41 99.87
23 42 118.33
23 39 13.28
23 46 43.82
23 25 102.1
23 43 91.09
23 49 66.92
23 47 106.11
23 31 38.81
24 42 87.32
24 47 104.66
24 39 51.74
24 46 79.24
24 30 43.11
25 40 44.85
25 27 60.35
26 44 91.84
26 35 107.09
26 28 70.59
26 29 40.17
26 46 76.26
26 37 75.29
26 31 69.36
26 38 53.23
26 30 105.11
27 34 59.41
27 30 103.45
27 46 91.45
27 38 100.35
27 43 79.23
27 31 96.09
28 30 36.15
28 32 98.15
28 44 51.39
28 38 53.18
28 47 87.09
28 48 62.31
28 40 106.94
28 46 35.43
28 39 38.93
28 36 76.06
28 41 75.45
29 31 68.27
29 44 76.83
29 40 55.41
30 43 81.52
31 41 63.08
31 47 67.12
31 44 70.41
31 48 85.64
31 32 70.54
32 42 106.33
32 36 85.68
32 37 42.67
32 49 103.13
32 33 46.16
33 38 63.25
33 36 85.28
33 44 80.5
33 43 79.08
33 40 101.47
33 34 102.88
33 46 73.4
33 47 86.59
34 42 85.77
34 41 74
35 47 101.23
35 49 34.39
35 46 39.52
35 40 127.92
36 43 95.57
36 37 90.79
36 39 89.1
36 47 19.05
36 42 67.56
37 46 90.77
37 40 95.15
37 49 82.97
38 41 36.48
38 45 70.6
38 47 34
39 47 115.63
40 49 102.91
40 46 100.92
40 47 62.3
40 42 30.04
41 42 41.96
41 46 64.59
41 47 16.14
42 49 82.82
42 47 28.97
42 44 86.26
42 46 79.19
43 47 97.47
43 44 21.78
43 45 27.87
44 49 86.37
45 48 32.24
45 46 72.17
46 49 2.25
47 48 128.94
48 49 101.79
