-43.82 -6.14 -36.52
10.52 41.37 -34.77
0.53 -46.3 24.73
47.34 42.18 15.62
34.05 -27.04 -9.34
31.44 -15.83 -17.09
19.15 -48.79 -31
13.37 16.18 -34.07
-3.95 -46.44 27.61
45.9 -18.85 24.96
33.42 -28.43 -31.24
-17.56 -48.37 -14.43
-7.59 -3.44 10.46
39.56 41.76 13.24
-23.9 -30.96 -48.39
49.2 -17.65 -27.17
-20 23.4 46.96
22.65 -13.23 -20.74
18.58 -15.54 -16.16
-0.56 45.4 -21.23
-31.34 -33.4 2.72
-44.04 8.3 -25.1
-25.49 17.88 -11.28
42.59 25.82 -39.38
-3.23 30.73 -41.81
-29.28 47.9 21.59
-9.35 47.8 27.02
-42.49 -48.18 -14.4
-41.62 -3.82 30.18
-10.32 -31.31 -17.66
-33.42 -44.2 -40.7
-7.01 36.64 -7.47
-45.06 -44.97 5.63
11.58 42.37 -8.02
4.83 -32.58 -35.15
-0.17 12.85 -27.46
-8.7 8.18 -12.9
-34.08 19.47 27.36
34.48 -35.06 35.22
35.75 -39.32 -23.08
-10.35 10.51 -7.51
-0.66 11.33 -45.59
8.08 -13.44 17.63
22.46 -28.47 11.7
43.27 -0.43 9.07
0.48 49.25 36.62
17.28 -32.92 29.52
-7.65 46.59 28.62
-20.03 -10.32 47.66
26.06 46.19 35.19
23.53 32.33 13.79
7.44 -23.15 -27.99
-39.34 -32.65 -6.51
34.37 32.69 -8.12
-47.83 3.78 -40.34
-14.67 3.05 -9.06
-19.39 -27.77 2.14
-12.34 -12.49 23.25
46.72 26.91 -40.67
17.73 -2.25 -25.55
-1.37 -2.55 34.49
32.22 36.32 12.52
27.03 -22.43 22.12
13.62 -27.74 22.48
-35.19 -5.75 -19.43
14.08 38.46 35.22
-45.6 -39.25 18.75
-45.95 -48.88 8.05
-31.08 15.37 -31.57
43 36.57 -0.24
44.59 -43.07 -21.8
-8.75 12.86 43.97
-19.55 -19.46 3.03
-39.93 -12.23 40.6
27.09 28.4 7.27
-24.23 42.74 9.34
3.62 0.3 34.29
22.66 -49.33 44.93
1.33 42.78 -44.7
49.18 -3.78 49.53
18.22 40.12 0.4
-39.41 48.62 -49.33
-18.92 25.31 -2
-17.82 18.47 4.46
28.61 -38.77 43.41
20.07 -19.25 -1.5
-22.45 -2.96 -41.97
-2.16 16.22 -20.6
-7.64 22.77 42.52
46.85 6.45 -29.71
17.07 9.72 39.66
-41.81 31.27 13.25
-48.9 -24.27 -35.29
24.8 -31.69 3.58
39.83 36.02 -6.93
-45.4 10.01 -43.97
34.68 39.97 -22.3
25.33 -17.35 10.45
-22.59 25.18 -12.82
-18.29 17.66 15.98
-40.15 -9.32 21.33
-22.39 -36.18 -10.17
-44.29 -16.97 6.13
31.82 -7.56 -18.59
-0.64 46.52 -13.42
20.72 8.3 -35.03
18.98 -14.19 46.08
-6.86 -11.49 -17.31
36.28 -13.71 -1.77
44.12 7.07 31.59
23.15 -13.41 31.9
-12.74 2.46 -2.14
-17.59 -14.27 46.27
-20.84 11.28 49.88
-4.09 25.12 26.87
28.24 31.87 -34.78
-20.89 2.34 -34.84
49.17 20.37 -32.96
8.54 -1.3 -44.36
39.48 -38.23 11.22
-48.24 -2.74 8.25
35.83 16.23 2.93
-42.94 5.5 14.73
12.66 27.51 -48.84
42.8 26.6 10.07
-24.1 14.76 -18.17
1.23 17.13 -11.21
42.26 47.12 -23.75
-8.87 -13.82 -10.63
43.26 -43.67 49.29
-45.35 -7.75 49.77
19.86 -24.59 -19.08
-14.81 46.13 -14.92
26.4 8.26 -47.38
-22.17 -10.51 -45.39
24.44 -27.2 45.13
-44.87 -43.94 -26.14
-36.07 -1.47 25.86
-34.46 -11.38 20.13
-9.52 36.04 26.74
31.62 -39.25 -33.57
43.62 -43.43 -44.44
-19.65 -19.59 -10.8
-9.36 -10.84 -23.18
38.86 3.9 28.88
24.89 -20.46 -28.79
25.53 34 -31.54
15.34 -18.03 34.62
47.77 -39.99 25.47
-2.15 -3.08 35.76
6.17 0.44 -47.56
-14.94 -10.21 11.89
-42.96 -23.19 31.79
33.16 -43.45 -23.58
-24.7 -35.97 10.16
-20.39 -35.29 28.8
27.88 -39.32 12.21
34.92 3.02 39.33
10.83 -2.11 -46.34
17.54 34.05 6.3
39.63 -6.95 11.07
-43.82 -31.13 -1.64
20.55 34.88 -36.57
-28.9 -8.7 -21.7
-5.97 8.78 -47.37
-14.29 -45.81 9.16
23.43 13.39 -12
-48.03 -19.68 30.67
35.24 23.55 -1.31
-36.23 12.44 36.24
1.98 6.96 -6.02
49.69 14.83 26.67
8.39 42.75 -42.55
40.59 16.38 41.99
-25.92 -3.68 -13.9
-41.61 33.61 30.14
31.37 37.16 -4.64
31.51 26.96 -30.04
-19.52 -5.32 -30.45
-20.82 37.28 -17.24
-2.63 19.85 43.28
-16.59 34.45 7.82
34.81 -15.48 -23.39
25.68 2.99 47.84
-15.72 8.07 48.36
7.78 -4.3 -37.94
33.21 -24.01 29.45
23.93 24.66 -23.65
-10.7 5.07 -33.78
-8.85 39.15 33.28
-29.07 45.89 -39.53
37.87 -25.51 10.04
-37.08 -14.11 41.38
43.85 -42.39 20.57
-38.05 -34.17 -35.85
4.22 34.99 -26.05
-36.35 21.98 -30.05
-6.81 -35.18 45.61
8.13 -17.83 -1.76
13.32 -5.56 -25.29
