0 6 75.8
0 151 61.52
0 81 58.44
0 10 72.26
0 120 53.7
0 179 48.88
0 55 42.92
0 159 93.26
0 135 107.67
0 139 86.67
0 96 96.36
0 164 46.02
0 64 11.83
0 57 60.15
0 67 55.23
0 106 101.59
0 34 61.26
0 95 12.32
0 36 47.78
0 199 62.33
0 91 59.64
0 113 86.21
0 25 85.21
0 65 97.48
0 18 70.23
0 70 87.52
0 87 49.81
0 76 90.8
0 99 65.88
0 145 80.13
0 107 44.81
0 175 71.07
0 17 63.44
0 45 102.21
0 77 109.98
0 166 78.91
0 68 20.14
0 102 51.33
1 23 39.15
1 135 101.29
1 33 28.38
1 139 71.69
1 51 72.22
1 38 97.8
1 27 112.44
1 119 96.3
1 64 71.07
2 40 71.21
2 35 69.48
2 19 104.28
2 62 29.43
2 57 29.36
2 180 68.12
2 154 22.81
2 102 47.58
2 106 52.62
2 159 84.09
2 195 96.43
2 75 100.05
2 151 33.02
2 6 56.45
2 116 76.3
2 153 64.89
2 125 84.69
2 77 25.27
2 115 111.96
2 105 84.33
2 120 71.72
2 99 63.33
2 30 76.88
2 38 39.59
2 98 77.07
2 16 69.3
3 189 67.18
3 41 82.72
3 146 44.1
3 62 74.17
3 45 60.9
3 121 40.32
3 197 99.1
3 44 43.13
3 191 61.37
3 8 108.29
3 129 82.61
3 35 74.4
3 114 50.95
3 102 115.74
3 93 73.33
3 116 99.5
3 14 117.4
3 137 93.53
3 20 103.38
3 171 21.02
3 27 128.38
3 176 28.37
3 17 64
3 78 71.74
3 96 39.76
3 43 79.93
4 28 84.44
4 87 60.85
4 114 79.88
4 44 36.04
4 117 46.57
4 184 75.29
4 137 73
4 80 69.06
4 93 10.46
4 145 28.9
4 149 72.47
4 142 46.24
4 174 72.37
4 139 86.11
4 40 53.67
4 110 36.25
4 182 19.23
4 10 20.52
4 148 37.7
4 141 43.69
4 144 45.74
4 23 56.03
4 97 30.03
5 145 12.36
5 77 68.07
5 19 67.8
5 38 52.64
5 74 50.57
5 29 48.87
5 32 77.48
5 93 23.29
5 14 61.3
6 84 77.25
6 110 78.6
6 78 92.49
6 168 89.09
6 120 91.46
6 101 49.86
6 65 113.45
6 152 88.54
6 108 48.9
6 169 103.85
6 40 61.28
6 79 98.8
6 87 72.81
6 13 110.39
6 9 70.05
6 181 95.72
6 103 47.23
6 144 78.05
6 64 67.06
6 119 56.93
6 189 103.51
6 183 96.86
6 19 89.44
6 132 97.3
6 137 82.93
6 76 81.44
6 90 94.37
7 92 76.96
7 132 48.37
7 19 39.03
8 37 64.58
8 197 14.71
8 25 105.78
8 42 33.01
8 115 97.34
8 161 54.53
8 180 77.4
8 181 89.76
8 176 87.28
8 136 77.56
8 53 85.77
8 189 87.81
8 78 123.56
8 157 69.77
9 164 91.44
9 147 28.15
9 116 95.95
9 169 80.41
9 51 70.82
9 56 73.79
9 150 80.76
9 141 63.66
9 84 28.05
9 192 92.31
9 92 115.24
10 40 54.94
10 22 84.9
10 74 70.28
10 59 33.14
10 140 8.72
10 102 78.88
10 29 46.72
10 18 16.87
10 174 73.7
10 48 87
10 85 41.49
10 95 84.19
10 133 31.27
10 50 69.21
10 57 71.13
10 157 82.26
10 119 37.59
10 46 62.3
10 158 41.65
10 198 36.47
10 131 10.11
10 67 95.95
10 23 48.42
10 162 58.49
10 21 85.83
10 28 105.54
10 51 31.32
10 142 64.28
10 154 66.72
10 73 105.69
10 34 34.97
10 153 9.49
10 88 96.85
10 155 80.6
10 86 54.46
11 179 82.22
11 183 90.06
11 32 44.09
11 189 109.84
11 34 25.39
11 174 42.58
12 64 31.13
12 115 60.17
12 85 34.99
12 160 38.45
12 36 17.82
12 35 40.58
12 122 28.27
12 151 13.13
13 44 44.99
13 66 109.12
13 114 52.36
14 62 90.36
14 136 38.95
14 122 80.58
14 178 27.24
14 98 60.77
14 133 58.83
14 55 57.8
14 113 104.66
14 186 92.67
14 197 100.84
14 142 44.82
14 53 97.42
14 99 90.55
15 185 39.01
15 25 117.76
15 116 64.44
15 69 56.76
15 92 99.61
15 89 18.67
15 189 92.65
15 79 85
15 24 78.75
15 192 101.8
15 155 81.38
15 121 48.81
15 124 53.88
15 54 105.63
15 102 91.68
15 61 68.21
15 147 60.86
15 137 101.69
15 166 52.56
15 161 97.73
15 176 70.44
15 144 51.78
16 99 40.82
16 91 42.94
16 59 94.13
16 106 59.41
16 20 75.29
16 176 77.01
16 172 102.06
17 106 65.92
17 56 46.36
17 149 57.23
17 37 85.9
17 69 55.18
17 173 63.68
17 171 66.44
17 160 41.79
17 174 56.88
17 33 62.29
17 55 49.52
17 122 79.09
17 188 34.61
17 51 26.88
18 197 70.01
18 30 70.17
18 190 86.87
18 101 45.91
18 149 66.11
18 42 45.05
18 143 25.89
18 38 62.24
18 119 47.21
18 67 77.7
18 121 46.32
18 146 48.73
18 120 76.79
18 56 46.86
19 170 39.25
19 118 50.58
19 95 55.68
19 168 50.89
19 76 81.57
19 72 79.48
19 147 80.95
19 64 53.81
19 61 44.98
19 137 77.5
19 100 81.33
20 165 27.82
20 135 78.45
20 25 74.01
20 83 60.42
21 44 96.5
21 118 54.59
21 48 88.42
21 61 79.63
21 185 62.46
21 194 37.53
21 181 54.37
21 145 74.87
21 139 61.38
21 62 85.72
21 97 73.84
21 174 29.01
21 112 82.01
21 68 16.92
21 120 30.39
21 74 83.81
21 107 45.38
21 114 68
21 38 101.41
21 84 109.5
21 55 32.35
21 27 50.47
21 66 58.69
22 97 63.49
22 156 87.49
23 57 100.67
23 174 74.74
23 81 94.09
23 76 96.47
23 188 64.98
23 51 51.7
23 149 87.89
23 189 82.55
23 185 49.06
23 46 102.34
23 160 62.46
23 142 77.73
23 134 78.9
23 53 33.42
23 103 43.86
23 84 106.44
24 123 21.9
24 90 81.58
24 64 46.39
24 171 97.36
24 70 81.63
24 74 67.36
24 177 33.22
24 128 54.2
24 29 74.75
24 106 106.26
24 137 90.01
24 98 41.68
24 126 37.86
24 100 80.04
24 57 82.98
24 33 46.54
25 133 87.15
25 97 83.56
25 41 89.49
25 170 68.08
25 45 36.24
25 104 43.34
25 132 38.96
25 103 96.26
25 199 83.82
25 119 101.32
25 101 86.35
26 180 35.52
26 144 71.35
26 191 91.27
26 194 106.34
26 61 54.23
26 174 68.7
26 184 39.36
26 195 50.96
26 73 73.04
27 93 76.88
27 43 63.63
27 86 61.65
27 176 105.9
27 35 73.54
27 69 118.43
27 145 67.5
27 140 70.86
28 59 88.12
28 116 63.6
28 111 49.56
28 150 86.94
28 55 51.4
28 53 89.81
28 174 46.44
28 47 65.44
29 138 44.33
29 109 81.15
29 141 63.86
29 199 29.68
29 169 68.92
29 196 52.83
29 104 78.53
29 49 105.85
29 83 59.62
29 77 78.59
29 80 82.86
29 60 50.94
29 164 54.58
29 81 83.74
29 128 23.99
29 89 67.61
29 147 67.01
29 98 48.5
29 79 102.72
29 150 50.54
29 31 66.34
30 173 134.6
30 86 47.35
30 100 68.64
30 126 79.11
30 127 117.17
30 36 56.6
30 178 42.82
30 138 72.63
30 144 111.6
30 67 43.72
30 94 104.65
30 92 32.09
30 53 115.83
30 63 87.86
30 31 101.31
30 172 100.47
30 183 112.5
31 92 84.29
31 71 53.85
31 105 52.04
32 93 75.38
32 156 82.6
32 123 97.75
32 68 74.9
32 181 77.37
32 95 65.37
32 96 121.1
32 110 86.71
32 128 51.96
32 103 97.9
32 131 67.37
32 184 77.4
32 85 77.45
32 134 60.39
32 73 48.8
32 169 62.49
32 120 33.33
32 182 95.93
32 43 76.96
32 193 93.92
32 44 90.94
33 177 34.11
33 65 50.76
33 155 100.97
33 78 44.07
33 83 43.34
33 116 54.47
33 114 49.18
33 108 67.69
33 149 70.41
33 190 44.03
33 111 56.88
33 40 30.71
33 115 36
33 179 34.29
33 183 70.32
33 96 23.33
33 160 61.09
33 74 23.25
33 191 81.55
33 47 39.9
33 59 56.31
33 194 97.43
33 48 80.79
33 73 90.49
34 139 97.84
34 129 96.11
34 137 80.94
34 44 71.99
34 106 77.28
34 113 107.74
34 185 22.36
34 92 54.68
34 81 84.18
34 188 33.39
34 197 86.18
34 138 73.97
34 135 88.83
34 164 38.47
34 174 53.01
34 62 72.24
34 76 79.51
34 95 67.98
34 192 82.03
34 131 24.39
34 181 77.12
34 156 55.05
34 143 24.27
34 40 63.07
34 52 61.25
34 89 60.97
34 79 94.32
34 37 83.95
35 88 68.22
35 120 63.62
35 142 32.46
35 171 67.6
35 177 34.56
35 115 41.61
35 81 60.41
35 50 54.14
35 188 8.39
35 97 51.66
35 148 90.66
35 170 32.31
35 63 66.53
35 76 72.41
35 51 29.9
35 52 61.12
35 189 62.57
35 71 72.97
35 127 58.56
35 181 54.46
35 141 75.17
35 190 47.33
36 39 65.86
36 48 54.75
36 38 71.77
36 64 38.21
36 134 49.48
36 80 45.64
36 54 53.48
36 93 52.35
37 108 74.68
37 93 73.53
37 184 31.92
37 169 12.16
37 85 74.6
37 52 55.63
38 198 49.16
38 43 30.41
38 102 80.54
38 156 30.53
38 77 30.5
38 165 52.94
38 60 57.16
38 179 114.47
39 195 83.66
39 174 66.5
39 73 109.54
39 199 42.73
39 62 44.82
39 122 90.86
39 133 61.6
40 96 54.62
40 69 59.39
40 104 43.52
40 191 60.12
40 175 56.85
40 167 71.23
40 94 52.03
40 53 40.86
41 122 77.72
41 87 29.55
41 143 39.61
41 160 65.25
41 99 63.84
41 106 91.07
41 42 60.11
41 175 89.5
41 85 60.65
41 189 74.7
41 80 63.97
41 100 83.38
41 55 34
42 124 56.91
42 192 57.26
42 112 38.44
42 171 51.45
42 78 80.66
42 196 83.78
42 164 67.02
42 195 61.99
42 197 44.05
42 48 48.22
42 86 71.71
42 76 26.27
42 88 55.66
43 53 71.44
43 73 61.24
43 45 80.53
43 151 40.04
43 123 74.86
43 191 20.7
43 78 84.19
43 173 66.89
43 166 54.62
43 112 61.53
44 55 61.96
44 131 45.59
44 47 66.86
44 69 33.78
44 79 38.61
44 146 65.31
44 98 82.52
44 139 73.23
44 46 37.55
44 114 58.84
44 52 88.57
44 187 45.71
44 76 38.41
44 99 61.8
45 165 108.97
45 129 108.97
45 146 66.68
45 171 52.8
45 196 81.6
45 101 101.66
45 50 35.14
45 100 74.18
45 163 78.06
46 102 67.13
46 100 62.08
46 152 51.89
46 58 95.52
46 110 12.47
46 87 67.2
46 84 27.23
46 64 73.18
46 61 80.91
46 125 74.83
47 153 104.67
47 127 80.91
47 151 64.84
47 193 109.38
47 81 92.48
47 80 45.47
47 108 84.35
47 171 70.31
47 166 58.07
47 73 70.82
47 178 75.78
47 138 67.29
48 174 56.61
48 154 45.25
48 168 77.03
48 131 87.51
48 164 101
48 75 64.68
49 148 89.34
49 153 105.42
49 103 73.42
49 156 93.39
49 92 117.84
49 128 79.6
49 172 80.09
49 74 25.45
50 167 84.46
50 177 41.58
50 138 80.55
50 77 96.87
50 101 78.51
50 189 39.62
50 88 44.59
50 178 69.79
50 66 106.33
50 97 43.6
50 171 25.85
50 64 68.07
50 137 59.98
50 106 49.59
50 184 65.92
50 131 58.03
50 173 36.77
50 115 52.4
50 172 56.78
50 126 43.43
50 72 67.27
50 149 49.71
50 170 45.52
51 180 89.64
51 87 37.82
51 104 76.28
51 128 17.34
51 90 76.63
51 158 20.21
51 137 67.78
51 83 65.28
51 57 46.18
51 144 63.45
51 161 64.42
51 80 68.23
51 160 45.88
51 116 30.19
51 123 49.95
51 65 80.92
52 99 54.5
52 125 60.99
52 107 42.36
52 67 23.91
52 143 32.26
52 163 38.09
53 109 44.53
53 107 61.5
53 120 99.17
53 175 84.1
53 194 94.24
53 66 104.45
53 129 95.35
53 59 48.99
53 195 34.41
53 139 49.41
53 105 41.08
53 95 91.4
53 184 80.31
53 157 58.49
53 73 93.93
53 128 55.26
53 193 86.35
54 62 91.98
54 143 45.81
54 150 58.58
54 74 90.99
54 76 92.62
54 121 94.91
54 189 84.95
54 102 42.23
54 167 77.36
54 129 140.74
54 198 75.98
54 194 45.02
54 97 89.2
54 171 121.93
54 95 15.46
54 70 104.09
54 99 66.56
54 94 108.16
54 89 102.21
54 131 74.08
54 86 18.07
54 58 104.7
55 117 72.93
55 124 66.03
55 56 29.88
55 114 33.48
55 195 45.97
55 116 29
55 177 56.31
55 166 44.54
55 187 55.11
55 131 39.94
55 72 23.07
55 148 90.97
55 69 61.04
55 190 51.04
55 128 17.47
55 81 71.93
55 150 52.23
56 77 60.99
56 167 41.26
56 194 37.15
56 75 66.31
56 121 72.34
56 93 50.14
56 61 76.02
56 95 74.22
56 84 66.31
56 180 68.21
57 65 56.21
57 179 70.94
57 165 35.56
57 198 22.82
57 100 30.3
57 89 86.12
57 199 49.73
57 132 62.49
57 196 59.43
57 164 74.16
57 75 66.56
57 104 80.44
57 139 51.63
58 107 61.09
58 116 79.26
58 166 43.09
58 114 89.84
58 195 54.79
58 180 90.64
59 86 40.23
59 118 13.88
59 169 89.89
59 132 55.53
59 83 50.98
59 154 73.74
59 103 17.64
59 164 27.48
59 64 52.27
59 142 43.53
59 141 43.13
59 87 36.25
59 156 44.99
59 186 65.94
60 142 48.5
60 101 61.55
60 73 44.37
60 124 51.08
60 164 73.77
60 68 77.79
60 66 63.49
60 198 40.79
60 119 58.6
60 120 51.82
60 194 91.34
60 110 20.35
60 121 43.69
60 71 10.26
60 159 54.84
60 187 64.18
60 128 49.69
60 147 31.01
60 148 64.25
60 126 56.26
60 92 84.22
60 116 79.13
60 93 54.4
60 109 53.64
60 85 48.82
60 132 74.67
60 163 54.75
60 111 42.26
60 108 59.54
61 96 26.95
61 190 83.45
61 72 77.27
61 172 55.84
61 80 19.39
61 197 82.13
61 86 78.48
61 79 47.32
61 99 50.66
62 101 59.12
62 185 71.88
62 122 82.19
62 164 77.34
62 138 54.88
62 171 51.23
62 186 5.95
62 179 83.85
62 146 83.33
62 64 80.69
62 159 53.04
62 191 22.99
62 106 34.55
62 68 89.39
62 130 80.85
62 116 73.99
62 144 32.71
62 111 56
63 85 22.34
63 105 59.33
63 174 65.14
63 115 76.25
63 70 46.94
63 184 59.21
63 140 52.63
63 102 51.13
63 94 73.45
63 71 42.95
64 185 38.02
64 80 80.67
64 141 83.37
64 92 34.4
64 104 56.76
65 117 85.14
65 154 95.96
65 98 66.44
65 140 109.15
66 105 95.16
66 184 53.83
66 198 57.49
66 188 69.41
66 141 113.61
66 156 70.18
66 159 92.23
66 77 65.72
66 174 47.6
67 183 105.66
67 126 79.17
67 166 102.77
67 80 116.72
67 82 83.26
67 70 102
67 81 120.04
67 96 122.56
67 108 91.23
67 141 106.3
67 170 77.18
67 177 109.13
68 177 70.43
68 160 83.98
68 155 80.33
69 180 62.67
69 152 107.59
69 146 30.42
69 113 76.08
69 164 78.22
69 77 102.46
69 117 28.72
69 107 76.98
69 177 23.38
69 133 56.94
69 123 55.54
69 73 99.86
69 105 54.14
69 88 67.75
69 121 28.03
69 130 112.78
70 155 89.37
70 194 82.07
70 71 97.17
70 150 70.52
70 121 68.89
70 179 107.91
70 100 91.48
70 130 112.79
70 136 94.71
70 109 72.44
71 177 80.87
71 148 81.07
71 117 103.66
71 152 44.63
71 118 88.17
71 96 73.85
71 191 78.65
71 181 46.1
71 176 66.01
71 155 42.45
71 109 63.62
71 79 61.65
71 80 58.51
71 197 44.92
71 132 60.23
71 184 14
71 149 12.74
71 104 70.28
72 81 82.26
72 98 39.84
72 181 45.3
72 154 17.07
72 101 13.95
72 97 38.68
73 187 104.13
73 166 77.71
73 140 97.15
73 130 7.74
73 113 27.2
73 196 70.36
73 134 95.38
73 155 34.39
73 85 72.93
73 74 77.08
73 107 66.47
73 102 30.76
73 87 84.33
74 147 60.9
74 181 39.59
74 175 72.74
74 169 62.98
74 78 61.05
74 177 39.49
74 138 66.63
74 111 45.85
74 160 33.84
74 115 51.99
74 199 51.53
74 198 59.39
75 78 51.39
75 111 46.36
75 129 116.88
75 154 86.98
75 104 35.34
75 121 73.12
75 147 83.12
75 105 68.28
75 167 69.83
75 197 82.81
75 172 69.17
75 183 72.24
75 122 49.32
75 186 92.58
75 164 68.88
75 86 63.59
75 181 14.89
75 131 85.53
75 100 65.26
75 185 76.08
75 124 61.96
76 178 74.47
76 97 44.58
76 164 80
76 186 40.6
76 187 74.76
76 108 51.14
76 132 76.13
76 123 87.73
76 90 26.12
76 161 63.26
76 148 57.69
76 126 57.65
76 139 41.6
76 177 68.2
76 89 79.95
77 189 103.25
77 98 110.37
78 92 75.64
78 152 113.95
78 164 36.71
78 123 20.37
78 120 80.88
78 112 99.95
78 140 95.96
78 183 95.36
78 79 122.41
78 89 55.05
78 167 108.4
78 107 61.08
78 193 114.28
78 94 64.09
78 124 74.85
78 145 62.47
78 147 106.04
78 82 58.23
78 156 111.1
78 101 84.32
78 191 102.63
78 165 99.63
78 108 73.36
78 197 125.83
78 185 50.07
79 194 131.61
79 184 69.2
79 149 59.74
79 129 36.14
79 90 43.81
79 88 67.32
79 155 80.89
79 181 92.05
79 153 92.63
80 131 63.53
80 116 57.35
80 114 32.52
80 102 75.67
80 108 66.82
80 95 86.89
80 128 69.22
80 167 94.61
80 189 47.27
80 158 61.01
80 132 43.89
80 137 78.67
80 197 98.34
80 198 58.38
80 194 98.14
80 91 57.63
80 172 34.28
80 170 38.43
80 179 52.15
80 153 81.14
81 115 65.04
81 186 127.21
81 91 71.66
81 114 90.81
81 153 124.25
81 151 96.24
81 127 84.24
81 152 111.68
81 129 160.53
81 89 90.27
81 141 132.31
81 137 83.87
81 164 43.67
81 102 88.16
81 199 81.92
81 194 93
81 98 48.24
81 144 111.29
81 94 85.46
81 121 92.16
81 125 52
82 171 71.61
82 114 35.81
82 145 69.75
82 193 93.15
82 97 60.82
82 139 23.82
82 161 68.58
83 112 55.24
83 136 79.46
83 118 65.1
83 152 55.64
83 179 38.17
83 182 76.84
83 121 45.49
83 104 37.59
83 171 65.44
83 198 45.76
83 160 71.73
83 144 61.28
83 94 57.93
83 191 66.14
83 98 23.5
83 157 72.92
83 181 21.68
83 190 45.07
83 106 63.33
83 170 33.93
84 131 71.38
84 162 117.48
84 148 16.34
84 133 105.27
84 103 71.5
84 146 100.4
84 181 100.7
84 137 79.1
85 98 69.02
85 142 43.44
85 184 60.53
85 131 12.46
85 121 40.43
85 149 42.92
85 159 47.5
85 170 26.79
85 160 16.31
85 110 40.15
85 140 32.87
85 116 60.16
85 127 66.3
85 178 59.03
85 93 12.13
85 103 33.68
85 92 80.09
85 185 46.5
86 142 33.31
86 108 64.28
87 134 42.64
87 175 70.36
87 131 47.32
87 117 59.75
87 104 26.66
87 110 60.29
87 137 66.39
87 169 63.24
87 127 60.75
87 195 29.48
87 111 22.31
87 106 81.88
87 157 69.31
87 177 39.05
87 143 28.24
87 170 15.13
87 182 44.7
87 133 46.67
87 149 50.66
87 178 37.46
87 109 65.96
88 148 77.57
88 102 69.97
88 191 74.85
88 114 14.05
88 129 79.59
88 166 63.42
88 199 81.49
88 131 76.68
88 174 71.08
88 132 52.72
88 196 75.43
88 172 83.89
88 94 59.83
88 115 82.1
88 181 38.73
88 117 94.38
88 198 53.75
88 183 37.03
88 137 46.44
89 145 35.9
89 125 74.98
89 97 57.37
89 118 38.33
89 126 43.61
89 99 88.2
89 177 26.16
89 90 69.07
89 188 58.93
89 173 63.49
89 186 74.96
89 111 65.33
89 147 71.16
89 124 47.8
89 93 52.36
89 180 98.12
90 106 16.73
90 152 68.81
90 111 49.28
90 97 37.87
90 168 47.68
90 117 78.44
90 196 89.4
90 133 83.95
90 131 65.87
90 160 45.09
90 143 68.89
90 157 14.29
90 108 55.19
90 96 76.02
91 141 137.17
91 145 89.04
91 160 82.37
91 181 31.38
91 146 72.3
91 133 96.74
91 164 70.71
91 171 87.41
91 188 66.53
92 199 64.99
92 122 50.65
92 153 94.57
92 175 94.99
92 187 81.12
93 135 48.26
93 151 54.49
93 188 67.03
93 164 74.43
93 174 69.94
93 198 16.55
93 106 40.18
93 133 73.89
93 172 91.04
93 95 99.38
93 124 53.38
93 178 65.47
93 100 70.4
93 119 26.75
93 168 50.87
93 115 68.54
93 113 87.88
94 181 49.26
94 193 92.58
94 161 114.02
94 150 68.58
94 119 83.31
94 188 59.72
94 138 92.61
94 98 69.94
94 164 61.44
94 123 42.11
94 156 71.87
95 156 95.91
95 177 86.67
95 111 62.85
95 129 142.41
95 143 54.73
95 104 61.59
95 114 75
95 134 29.2
95 115 83.7
96 150 45.74
96 131 65.78
96 184 86.14
96 173 66.03
96 155 109.34
96 167 111.28
97 167 84.21
97 123 82.6
97 151 48.01
97 156 27.18
97 153 50.56
97 132 71.19
97 143 40.99
97 172 73
97 165 49.25
97 107 50.12
97 178 61.82
97 106 44.33
97 129 53.64
97 121 31.09
98 171 92.23
98 153 85.48
98 160 67.9
98 105 49.42
98 147 67.34
98 189 56.76
98 168 57.54
98 175 42.78
98 165 69.85
98 106 79.92
98 111 20.19
98 121 65.6
99 119 84.19
99 167 58.77
99 151 34.31
99 148 82.56
99 171 64.67
99 143 57.25
99 189 31.86
99 168 59.71
99 164 56.82
99 187 63.43
100 159 69.35
100 102 8.21
100 157 72.35
100 158 84.24
100 178 47.27
100 101 46.9
100 193 82.36
100 127 103.98
100 165 44.3
100 154 40.05
100 172 97.07
100 150 90.99
100 143 60.51
100 146 88.82
100 189 51.89
100 152 21.4
100 117 118.25
100 120 14.64
100 118 79.14
101 176 88.84
101 170 47.07
101 167 58.23
101 188 41.12
101 196 56.55
101 180 82.57
101 110 58.14
101 139 91.49
101 161 28.66
101 174 27.13
101 165 22.49
101 183 93.71
101 146 78.14
101 152 47.28
101 145 52.03
101 179 67.79
101 166 61.38
102 186 84.06
102 193 102.81
102 129 96.69
102 105 74.38
102 171 105.89
102 116 47.57
102 124 98.73
102 150 76.06
103 127 48.61
103 193 45.8
103 140 44.79
103 106 74.2
103 191 38.42
103 171 45.36
103 172 53.77
104 124 50.26
104 130 97.13
104 191 94.23
104 126 26.88
105 110 73.26
105 181 64.4
105 153 48.59
105 155 92.08
105 113 98.43
105 168 35.92
105 188 25.27
105 123 27.9
105 131 30.06
105 183 84.84
105 148 78.82
105 132 45.97
105 198 46.41
105 186 70.32
105 178 34.5
105 192 91.29
105 127 47.45
105 145 22.52
106 196 108.02
106 183 10.62
106 172 106.24
106 179 93.38
106 150 95.67
106 186 17.31
106 193 52.3
106 137 54.55
106 131 74.85
106 156 38.68
106 161 80.72
106 121 60.12
106 127 103.36
106 107 75.75
106 169 65.32
106 184 42.13
106 195 96.07
106 117 87.09
107 109 68.87
107 136 60.27
107 195 48.82
107 112 59.58
107 166 29.98
107 152 64.19
107 172 69.7
107 198 23.8
107 163 30.43
107 129 80.95
107 170 31.63
107 135 68.44
107 196 39.38
108 187 46.68
108 133 44.2
108 122 73.93
108 143 57.16
108 196 85.87
108 113 88.27
108 159 55.44
108 153 29.31
108 117 43.16
108 191 25.78
108 195 54.6
108 130 100.44
108 134 82.27
108 158 60.34
109 190 112.71
109 159 49.91
109 186 29.11
109 171 9.47
109 158 75.55
109 199 66.19
109 160 25.76
109 138 76.08
109 125 91.98
109 127 76.72
109 126 70.88
109 192 81.71
109 124 20.5
109 187 52.91
109 168 28.77
110 160 19.51
110 125 80.61
110 136 89.13
110 143 59.09
110 152 67.53
110 180 42.21
110 112 35.37
110 168 45.96
110 134 86.75
110 178 73.46
110 196 95.03
110 128 49.7
110 170 41.53
110 122 62.94
110 150 80.83
110 129 45.05
110 127 78.5
110 182 63.19
110 162 89.01
110 174 66.32
110 148 45.77
110 173 26.37
111 125 32.85
111 186 58.4
111 112 41.86
111 126 23.21
111 115 56.57
112 140 96.72
112 196 84.67
112 151 35.7
112 149 21.21
112 194 83.04
112 186 64
112 175 64.36
112 148 79.01
112 189 55.66
112 176 89.9
112 135 36.37
112 153 100.89
112 147 34.98
112 119 70.15
112 141 113.95
112 117 113.3
112 195 94.54
112 181 63.16
112 127 116.03
112 132 79.66
112 123 111.92
113 130 35.72
113 199 88.87
113 136 96.99
113 182 94.76
113 180 13.26
114 153 89.26
114 165 71.25
114 149 22.56
114 120 49.68
114 162 72.69
114 127 69.89
114 141 99.89
114 177 59.77
114 135 62.38
114 139 16.28
114 157 40.11
114 178 61.75
114 137 44.47
114 145 75.88
114 195 57.34
114 134 74.19
114 117 86.12
115 143 57.7
115 198 66.01
115 144 72.9
115 192 114.48
115 181 57.45
115 146 4.73
115 149 82.98
115 134 72.67
115 117 31.36
115 141 87.45
115 139 64.22
115 136 105.23
115 162 4.37
115 152 103.36
115 137 87.33
115 177 16.93
116 131 55.6
116 185 38.64
116 179 31.67
116 129 121.64
116 118 40.88
116 153 71.13
116 156 84.24
116 163 11.12
116 178 5.73
116 144 87.4
116 184 76.28
116 121 64.56
116 192 78.81
117 188 52.22
117 120 108.74
117 197 112.93
117 146 17.45
117 165 101.86
117 135 99.75
117 176 46.37
117 162 41.78
117 137 100.19
117 125 76.38
117 154 109.8
117 183 85.32
117 182 31.56
117 153 75.44
117 189 99.84
118 185 0.32
118 144 77.46
118 153 52.26
118 126 47.04
119 146 94.84
119 191 13.68
119 171 48.01
119 167 90.75
119 174 80.6
119 195 79.77
119 126 68.34
119 136 92.14
119 133 84.13
119 165 57.74
119 173 71.36
119 120 95.33
119 155 69.91
119 127 89.47
119 140 48.25
119 160 24.13
120 167 30.14
120 185 76.42
120 130 41.16
120 169 40.35
120 171 102.04
120 178 54.39
120 184 43.83
120 170 43.11
120 131 80.29
120 186 79.14
120 125 36.34
120 135 94.82
120 199 77.38
120 187 78.54
120 123 94.38
120 172 78.65
120 181 52.27
120 158 89.81
121 157 46.01
121 185 57.23
121 169 82.32
121 190 74.05
121 168 0.86
121 139 56.53
121 194 98.85
121 128 48.57
121 130 95.56
121 197 79.85
121 198 51.62
121 158 60.48
122 177 87
122 167 26.99
122 161 34.47
122 172 85.99
122 163 38.07
122 146 95.2
122 141 110.84
122 150 74.48
122 156 82.05
122 137 5.5
122 192 31.96
122 130 32.13
122 135 79.77
122 159 61.1
122 148 101.84
122 134 59.75
122 143 51.98
122 199 72.06
122 129 102.63
122 191 89.57
122 189 44.98
122 138 24.59
122 179 40.98
122 198 61.72
122 124 87.75
123 124 65.4
123 189 87.22
123 136 103.71
123 150 24.06
124 140 77.12
124 169 87.16
124 129 88.36
124 141 84.96
124 156 61.61
124 145 55.3
124 167 106.68
124 184 68.3
124 163 80.35
124 178 81.23
125 137 39.67
125 138 49.34
125 191 76.14
125 142 26.09
125 187 56.06
125 189 54.13
125 194 56
125 133 53.33
125 149 58.7
126 138 51.23
126 179 25.03
126 152 78.97
126 186 68.47
127 128 87.14
127 137 95.69
127 181 68.68
127 172 44.98
127 138 104.37
127 191 86.87
127 130 130.46
127 195 37.3
127 165 114.07
127 192 117.92
127 149 89.52
127 139 72.7
127 174 85.85
127 156 87.61
127 180 89.87
127 167 120.41
127 190 69.08
127 159 32.6
127 132 66.73
128 199 20.04
128 177 59.6
128 194 35.02
128 190 61.92
128 165 33.5
129 180 81.11
129 188 102.89
129 167 98.39
129 185 102.51
129 172 121.91
129 184 87.08
129 169 90
129 154 69.91
129 144 53.6
129 187 110.16
130 171 106.56
130 194 97.1
130 133 123.59
130 192 19.87
130 199 93.57
130 177 114.09
130 168 108.68
130 150 101.36
130 134 93.95
130 138 24.51
130 191 84.32
130 165 69.65
130 174 68.7
130 163 83.22
130 157 89.66
130 144 88.79
130 182 100.55
130 181 61.2
130 176 112.32
131 175 95.22
131 191 27.81
131 198 22.16
131 185 33.65
131 186 44.25
131 136 59.57
131 181 69.16
131 138 72.7
131 135 68.49
131 167 91.94
132 198 68.47
132 137 68.73
132 147 80.79
132 133 70.24
132 194 86.69
132 191 85.85
132 146 44.79
132 179 16.29
132 152 78.56
132 182 86.89
132 199 55.47
132 166 55.28
132 197 109.46
132 134 62.19
132 170 42.34
132 149 73.91
133 152 102.59
133 166 29.52
133 188 44.33
133 144 71.54
133 136 94.4
133 151 70.33
133 141 52.23
133 186 86.21
133 160 53.6
133 185 20.74
133 172 31.42
133 191 64.8
133 173 84.65
133 165 89.87
133 146 20.84
133 162 21.42
134 195 55.2
134 152 89.54
134 167 73.72
134 158 25.59
135 179 103.19
135 196 116.96
135 194 99.38
136 170 67.02
136 147 93.52
136 139 101.34
136 168 111.93
136 177 95.5
136 176 112.07
136 152 70.82
136 156 83.6
137 158 77.94
137 150 84.44
137 161 34.42
137 153 98.35
137 160 73.14
137 198 46.55
137 192 27.15
137 178 59.58
137 143 66.44
137 138 8.44
137 162 85.53
137 196 65.15
138 191 73.29
138 141 98.59
138 158 83.46
138 159 73.81
138 197 35.16
138 143 42.76
138 172 101.37
139 144 54.94
139 183 59.8
139 173 52.45
139 147 50.89
139 163 74.79
139 169 35.64
139 185 68.52
140 162 73.37
140 157 78.07
140 142 61.65
140 198 49.47
140 176 83.16
140 163 70.1
140 183 88.04
140 181 106.42
140 177 73.93
140 153 15.56
141 184 117.92
141 179 108.65
141 196 106.05
141 148 63.89
141 169 124.67
141 173 107.17
141 178 79.99
142 148 70.86
142 196 45.91
142 180 64.42
142 197 69.37
142 171 83.16
142 172 84.75
142 192 61.88
142 179 47.36
142 169 58.88
142 155 35.99
142 146 64.15
143 199 31.86
143 192 72.84
143 173 81.45
143 180 82.92
143 186 65.78
143 196 51.62
143 157 76.29
143 179 50.29
144 183 17.63
144 166 50.06
144 196 93.81
144 182 54.04
144 192 72.22
144 198 52.51
144 165 69.33
144 184 59.76
144 164 89.73
144 162 68.66
144 167 86.11
144 172 80.29
144 169 74.45
144 161 87.47
145 195 66.88
145 164 48.27
145 162 64.75
145 173 82.59
145 158 21.73
145 168 62.57
145 191 48.04
145 172 59.47
146 169 86.31
146 175 81.83
146 149 86.22
146 172 24.15
146 180 87.16
146 151 69.31
146 192 111.9
146 173 85.88
147 152 51.25
147 190 103.79
147 166 63.51
147 162 80.1
147 159 66.28
147 184 44.22
147 172 96
147 189 69.1
147 183 26.24
147 150 89.23
147 169 66.89
148 186 26.77
148 152 84.49
148 166 71.82
148 155 74.07
148 171 45.12
148 184 85.68
148 185 79.76
148 158 94.81
148 173 63.75
149 156 57.19
149 150 83.2
149 181 49.62
149 166 56.66
149 183 38.66
149 161 60.58
149 155 42.07
149 158 88.31
150 165 69.15
150 194 53.86
150 170 45.3
150 160 59.4
150 156 80.79
150 176 64.28
150 152 105.96
151 199 53.1
151 166 57.43
151 165 37.66
151 172 79.15
151 177 66.78
151 158 66.63
151 194 53.04
151 157 52.86
151 179 58.77
152 175 51.77
152 168 100.44
152 158 98.44
152 196 75.04
152 170 75.82
152 193 86.2
152 155 32.84
152 172 117.96
153 183 86.12
153 187 78.71
153 177 60.95
153 178 69.34
153 184 100.46
153 165 50.48
153 158 43.19
153 182 25.86
153 194 72.91
153 180 103.98
154 187 76.93
154 179 86.98
154 189 72.75
154 167 33.84
154 191 61.53
154 173 94.19
154 161 24
154 193 76.92
154 194 38.42
154 164 67.75
154 171 88.93
154 172 99.44
155 180 53.54
155 177 97.63
155 174 62.14
155 193 56.7
155 167 22.17
155 191 67.44
155 181 68.69
156 192 76.55
156 175 110.28
156 163 69.94
156 159 81.06
156 169 79.2
156 187 82.26
156 166 50.52
156 181 85.87
156 177 83.53
156 161 73.09
156 197 46.68
156 182 47.61
156 171 55.72
156 167 71.92
157 161 99.87
157 172 93.51
157 182 66.42
157 173 13.3
157 168 37.92
157 180 49.89
157 194 112.76
157 198 57.25
157 193 47.62
157 187 66.46
157 179 94.58
157 195 83.56
158 178 33.27
158 181 66.29
158 167 104.14
158 166 44.49
158 179 51.38
158 195 41.15
159 183 56.1
159 176 20.85
159 173 55.63
159 161 90.97
159 193 78.71
159 187 34.53
159 197 85.86
159 191 60.01
160 167 84.55
160 168 39.65
161 185 67.46
161 165 34.71
161 172 108.39
161 182 73.1
161 197 67.53
161 195 85.36
161 192 43.99
162 179 37.06
162 182 58.61
162 176 37.16
163 194 29.88
163 167 57.33
163 187 60.82
163 193 85.87
163 175 64.58
163 189 85.3
164 191 82.48
164 199 41.8
164 184 89.75
164 177 42.91
164 175 90.56
165 186 55.14
165 173 91.79
165 197 28.89
165 184 71.26
165 187 94
165 167 53.19
165 169 62.63
165 190 113.23
165 195 87.28
165 188 75.72
165 168 88.32
165 166 65.84
166 171 38.52
166 195 25.1
167 193 87.5
167 182 101.52
167 190 101.57
167 183 69.33
167 177 102.89
167 198 66.03
167 185 88.3
168 188 50.29
168 193 76.79
168 175 85.35
168 191 57.38
169 190 81.82
169 174 59.31
169 179 69.8
170 186 59.43
170 179 40.61
170 173 61.09
170 180 58.86
170 175 71.48
170 194 55.28
171 196 109.05
171 187 63.74
171 194 109.77
171 179 81.93
172 181 54.81
172 195 22.86
173 179 79.22
173 185 92.02
173 198 66.91
173 182 64.97
173 181 77.41
173 195 79.92
173 175 92.08
174 194 48.93
174 184 72.89
174 177 57.66
174 197 79.78
174 191 73.1
174 186 67.21
175 198 69.3
175 176 78.42
175 188 82.85
175 191 101.47
175 184 31.27
175 197 80.04
175 182 107.98
175 186 101.96
176 191 68.98
176 185 67.43
176 190 63.47
176 193 89.2
176 192 91.35
176 180 67.21
177 195 27.27
177 186 84.54
177 183 86.52
177 180 73.08
177 194 101.41
178 180 84.35
178 197 84.92
178 191 81.58
179 192 76.32
179 181 20.24
179 190 34.26
179 188 44.08
179 183 86.85
180 197 50.4
180 181 37.48
180 196 86.41
180 189 31.98
180 199 66.17
180 187 72.47
181 195 42.11
181 187 49.4
181 196 52.21
181 192 61.12
181 183 70.91
181 197 73.75
181 184 48.82
182 197 84.23
182 187 33.54
182 183 67.03
182 189 92.77
182 184 84.17
182 198 34.65
183 189 57.36
183 185 80.49
184 196 85.12
184 199 70.51
185 190 70.8
185 189 85.75
185 188 19.54
185 193 83.61
185 186 66.16
185 191 56.1
185 196 60.88
185 187 41.69
186 195 90.06
186 192 69.73
186 190 112.44
187 189 58.95
187 194 93.21
188 196 38.59
188 199 32.89
188 191 82.05
188 189 79.14
188 197 92.44
189 192 60.55
189 190 81.72
189 197 84.84
189 194 97.88
190 193 121.02
190 196 36.54
190 194 70.89
190 191 106.18
191 199 56.4
192 194 74.61
193 196 113.07
193 198 46.65
194 195 84.39
194 198 66.22
194 196 66.05
195 196 52.46
195 197 109.92
196 199 56.67
197 198 47.83
198 199 26.73
