0 4 39.55
0 10 53.98
0 16 69.27
0 6 50.28
0 9 62.87
0 19 60.96
0 18 44.83
1 10 95.34
1 19 37.56
1 9 45.99
1 11 82.81
1 4 68.61
2 16 43.14
2 7 9.24
2 15 47.64
3 17 20.74
3 6 127.94
3 5 94.74
4 12 46.68
4 17 104.52
4 13 46.46
4 9 57.33
4 16 46.58
5 13 74.54
5 19 69.64
5 9 61.65
5 10 94.14
6 11 48.01
6 7 23.2
6 8 92.3
6 15 46.27
6 9 89.73
6 12 36.81
6 14 94.09
6 13 49.95
6 10 79.09
7 14 92.84
7 16 56.94
7 8 73.98
7 19 56.79
8 10 79.88
8 12 78.92
9 11 95.63
9 18 56.31
9 16 22.04
9 17 93.78
10 18 56.08
10 15 45.03
10 16 65.07
10 13 89.99
10 14 69.43
10 12 98.3
12 16 49.41
12 19 15.03
12 15 66.39
12 17 132.62
12 13 12.8
13 15 82.12
13 19 8.38
13 18 72.73
14 19 56.2
14 16 69.31
15 18 67.72
15 17 95.03
15 19 79.25
16 19 36.51
17 18 58.12
17 19 104.51
18 19 52.96
