0 19 95.91
0 33 95.73
0 48 86.28
0 26 40.82
0 35 95.66
0 34 14.49
0 21 58.32
0 32 47.71
1 49 70.89
1 37 54.41
1 2 88.09
1 11 60.6
1 41 75.38
2 17 110.59
2 42 87.16
2 31 60.92
2 16 78.37
2 35 105.29
2 46 69.86
2 45 69.54
2 48 106.07
2 4 133.48
3 34 104.7
3 40 82.74
3 43 91.93
3 22 90.07
3 5 83.36
3 31 76.68
3 37 52.63
3 11 95.56
4 43 104.45
4 37 84.17
4 9 74.81
4 49 21.43
4 18 35.43
4 27 105.66
4 17 33.57
4 14 119.11
4 7 104.71
4 26 113.23
4 35 47.14
5 24 79.12
5 37 40.96
5 34 40.03
5 31 48.43
5 21 85.06
5 9 59.69
5 30 82.25
5 25 56.53
5 12 50.6
5 17 82.42
5 7 67.91
6 33 63.93
6 18 35.96
6 49 59.18
6 34 44.27
6 45 19.73
6 20 35.34
6 29 57.36
6 41 88.67
6 31 34.12
6 38 52.29
6 28 46.58
6 36 59.06
6 9 32.42
6 7 50.85
6 19 74.35
6 26 53.36
7 16 91.07
7 32 60.53
7 37 43.5
7 18 81.54
7 8 65.83
7 41 116.55
7 13 49.13
7 11 43.94
8 49 93.32
8 45 23.32
8 27 106.95
8 28 70.17
8 29 83.44
8 31 7.38
8 48 61.13
8 18 71.88
8 11 44.78
8 24 62.73
8 33 82.3
9 16 85.97
9 42 40.76
9 14 75
9 18 40.81
9 12 70.73
9 24 46.13
9 31 60.02
9 33 36.15
9 38 26.3
10 30 85.32
10 34 74.58
10 25 58.9
10 20 31.15
10 12 43.14
10 49 82.69
10 48 88.15
11 19 78.3
11 40 42.6
11 47 107.6
11 22 17.11
12 40 83.53
12 16 76.81
12 41 109.35
12 28 66.38
12 39 67.98
12 23 65.96
12 17 91.8
12 21 104.63
12 18 73.27
12 29 74.91
13 30 30.26
13 21 35.32
13 15 50.14
13 23 60.36
13 18 58.44
13 41 88.77
13 29 31.77
13 31 76.89
14 25 72.77
14 39 84.68
14 21 59.95
14 48 96.56
14 36 60.89
14 24 101.45
14 37 31.15
14 26 13.8
15 38 66.79
15 33 65.93
15 22 43.08
15 35 46.73
15 48 53.69
15 25 32.57
15 24 52.97
16 37 59.48
16 23 64.65
16 24 101.57
16 21 84.79
16 43 64.04
16 28 32.89
17 18 30.35
17 23 41.83
17 22 81.95
17 36 78.57
17 20 74.92
17 37 56.86
17 33 57.31
17 24 68.64
17 26 74.4
17 39 13.6
18 41 34.73
18 29 45.62
18 36 80.86
18 39 25.87
19 30 77.55
19 46 93.03
19 23 35.81
19 27 77.72
19 41 23.88
19 32 63.86
19 43 80.64
19 24 65.17
19 38 70
19 40 105.21
19 49 46.7
19 31 95.55
20 24 62.42
20 37 41.23
20 44 42.28
20 26 56.01
20 34 50.97
20 28 24.3
21 44 87.43
21 31 69.39
21 25 57.36
21 37 31.22
21 48 66.18
21 23 70.83
21 22 35.46
21 36 96.27
21 49 77.78
21 28 84.48
21 42 45.28
21 34 63.24
22 27 69.68
22 28 71.98
23 41 42.31
23 48 51.19
23 34 97.23
23 27 91.12
23 31 78.95
23 36 57.05
24 35 24.23
24 41 66.63
24 26 103.38
24 43 73.77
24 47 73.04
24 49 50.72
24 40 73.05
25 26 83.58
25 48 19.71
26 33 87.81
26 45 84.58
26 42 85.86
26 28 61.15
26 32 56.7
27 30 72.35
27 46 120.88
27 28 85.42
27 31 100.25
27 38 38.07
28 38 94.55
28 37 54.79
28 47 60.92
28 32 53.62
28 40 78.73
28 41 60.43
29 34 82.37
29 32 53.05
29 35 73.44
29 47 45.23
29 43 69.8
30 32 85.79
30 36 98
30 48 107.86
31 44 48
31 34 51.98
31 42 94.74
31 47 116.16
31 37 76.52
31 46 47.19
32 38 62.36
32 36 51.06
32 42 85.13
32 41 87.15
32 34 49.87
33 47 86.8
33 43 92.29
33 37 49.99
33 36 112.51
33 38 7.06
33 35 45.41
33 39 72.53
33 42 15.26
34 45 44.47
34 37 49.62
34 39 86.16
34 40 31.35
34 47 120.53
35 43 63.12
35 46 84.39
35 40 71.52
35 49 34.58
35 42 61.08
36 38 97.25
36 48 86.29
36 42 115.92
36 40 69.03
37 39 42.73
38 49 50.48
38 43 83.83
38 45 76.4
38 39 65.21
38 48 50.79
39 44 56.03
39 48 60.57
39 41 32.27
40 45 59.81
40 46 63.36
40 41 120.52
40 44 86.69
40 49 84.76
40 42 51.23
41 49 38.48
41 45 90.16
41 43 121.71
42 44 103.62
42 45 91.58
42 46 110.39
42 48 80.72
43 49 86.4
43 46 43.86
43 47 96.09
44 48 51.7
44 46 46.22
44 47 95.44
45 47 92.98
45 46 38.3
45 49 72.39
46 48 73.61
46 47 93.76
47 49 44.48
