0 90 91.43
0 3 74.47
0 7 71
0 8 30.03
0 81 51.87
0 14 88.94
0 43 66.23
0 47 80.87
0 96 96.47
0 12 79.79
0 63 81.88
0 42 50.79
0 39 50.86
0 38 38.89
0 50 24.48
0 41 54.26
0 68 83.24
0 97 82.58
0 72 101.7
0 10 90.1
0 61 112.16
0 48 66.01
0 99 111.56
0 95 90.5
1 69 45.46
1 34 100.27
1 68 42.24
1 42 106.08
1 39 77.82
1 11 101.68
1 33 89.64
1 65 82.38
1 35 105.66
1 82 114.93
1 21 80.78
1 40 95.67
1 18 85.58
2 3 36.05
2 82 95.33
2 10 52.99
2 14 59.73
2 23 68.55
2 74 66.81
2 96 56
2 28 94.56
2 91 96.56
2 13 70.75
2 38 73.21
2 66 98.99
2 70 47.56
2 76 76.49
2 9 82.76
2 75 18.73
3 84 21.39
4 21 33.52
4 73 32.39
4 98 89.53
4 88 62.44
4 85 75.67
4 6 89.45
4 78 45.7
4 22 66.17
4 55 71.34
4 50 71.95
4 33 27.62
4 74 22.22
4 20 52.96
4 25 63.49
4 9 77.03
5 9 64.46
5 46 99.66
5 96 119.92
5 42 86.43
5 52 9.47
5 51 51.97
5 66 47.19
5 69 83.09
5 44 85.97
5 43 71.94
5 75 83.73
5 98 88.97
5 53 71.25
5 49 56.99
5 86 36.6
5 7 89.97
5 91 34.25
6 66 62.11
6 78 66.91
6 56 88.84
6 42 101.3
6 94 57.78
6 8 54.04
7 10 73.07
7 8 68.02
7 40 44.86
8 62 78.63
8 48 64.03
8 93 89.45
8 43 29.76
8 55 27.81
8 82 76.19
8 11 119.74
8 75 86.05
8 67 30.4
8 38 44.04
8 21 101.55
9 26 106.41
9 70 90.3
9 52 36.54
9 32 88.76
9 63 38.52
9 18 81.84
9 12 73.96
9 39 49.43
9 59 22.17
9 51 28.07
9 10 48.81
9 75 72.03
9 43 35.99
9 79 65.46
9 48 37.82
9 42 94.49
9 96 77.41
9 25 87.47
9 16 76.28
9 67 72.02
10 66 91.75
10 14 38.79
10 81 60.36
10 11 91.76
10 39 92
10 49 64.75
10 89 82.31
10 67 101.75
10 97 94.01
10 17 16.36
10 25 121.63
10 40 106.18
10 74 63
10 78 82.64
11 74 49.64
11 13 28.43
11 91 113.29
11 49 120.77
11 76 115.2
11 53 75.48
11 96 36.82
11 70 33.15
11 25 90.85
11 68 91.61
11 23 91.07
11 98 104
11 80 128.37
11 15 75.41
11 12 46.38
12 59 74.51
12 18 55.47
12 81 34.87
12 72 79.58
12 71 101.46
12 50 92.68
12 46 81.14
13 16 28.71
13 96 45.51
13 41 39.93
13 75 55.64
13 66 74.37
13 89 87.91
13 47 40.79
13 77 31.48
13 42 46.08
13 51 53.54
13 69 82.05
13 36 41.63
14 54 64.25
14 18 75.82
14 63 18.61
14 90 53.16
14 86 83.73
14 80 99.93
14 61 42.43
14 25 82.95
14 28 85.39
14 83 52.44
14 59 38.9
14 92 65.65
14 26 86.51
14 31 60.5
14 21 45.88
14 81 44.17
14 35 99.37
14 20 37.92
14 55 84.38
14 68 33.05
14 96 55.07
14 16 63.33
14 29 99.98
14 41 68.37
14 23 29.41
14 22 91.97
14 64 87.12
15 52 86.04
15 66 80.62
15 74 32.1
15 61 30.73
16 58 93.71
16 83 38.3
16 71 85.33
16 48 56.04
16 95 53.25
16 31 44.35
16 85 78.11
16 59 93.53
17 81 54.72
17 98 29.77
17 57 66.26
17 85 39.4
17 21 79.08
17 39 74.91
17 50 80.1
17 19 61.56
17 28 74.46
17 47 47.83
17 79 83.38
17 32 84.86
17 56 53.87
17 76 51.24
17 75 53.38
18 40 26.16
18 38 92.19
18 66 79.63
18 56 91.83
18 76 97.22
18 81 49.61
18 37 103.14
18 85 90.87
19 28 128.14
20 45 78.36
20 68 84.77
20 89 86.42
20 44 88.66
20 79 94.55
20 50 98.34
20 27 65.73
20 91 89.61
20 76 84.48
21 69 63.88
21 51 64.68
21 47 41.92
21 39 100.25
21 81 73.33
22 43 18.19
22 51 49.6
22 89 80.22
22 66 24.71
22 68 61.51
23 88 52.51
23 63 27.84
23 57 102.42
23 93 71.97
23 85 69.46
23 58 11.23
23 26 114.08
23 74 58.03
24 97 71.3
24 64 25.58
24 34 65.08
24 39 92.79
24 47 82.19
24 54 84.31
24 79 95.83
24 50 58.69
25 89 86.3
25 37 83.47
25 65 31.02
25 64 63.97
25 68 95.22
25 26 21.29
25 87 103.34
25 99 108.03
25 44 1.78
25 29 42.89
25 95 58.38
25 35 75.54
26 99 82.82
26 73 41.8
26 67 60.54
26 82 9.01
26 87 116.09
26 50 52.76
26 32 15.87
26 86 116.36
26 51 64.92
27 30 89.8
27 54 23.42
27 75 54.63
27 53 38.46
28 49 42.11
28 61 100.14
28 39 25.77
28 50 16.92
28 81 77.75
28 74 92.82
28 36 59.21
28 44 73.97
28 56 87.72
28 96 103.48
28 35 45.83
28 57 76.81
28 94 51.11
28 68 73.05
28 76 58.56
28 73 55.04
29 50 79.82
29 35 103.17
29 52 96.56
29 94 83.59
29 30 101.75
29 39 89.1
29 98 121.22
29 80 78.95
29 48 82.9
29 62 117.09
29 40 37.21
29 60 4.33
29 72 114.28
30 62 52.09
30 89 37.83
30 97 87.88
30 80 49.93
30 98 49.16
30 53 59.84
30 42 104.31
30 38 49.89
31 42 37.83
31 80 86.49
31 91 47.44
31 40 44.03
32 92 38.14
32 93 50.71
32 85 82.64
32 77 39.24
32 40 11.8
32 41 51.33
32 56 94.99
32 64 81.1
32 87 92.7
32 55 60.06
32 63 79.37
32 72 77.54
32 78 57.4
33 99 54.46
33 91 104.6
34 45 70.66
34 71 63.52
34 52 67.27
34 43 50.7
34 88 64.46
35 81 91.65
35 77 109.1
35 53 115.64
35 37 48.38
35 74 77.79
35 83 96.47
35 66 26.5
35 93 85.04
35 44 75.46
35 91 58.61
35 82 94.19
36 62 49.14
36 50 63.4
36 59 41.35
36 63 39.14
36 95 65.32
36 53 49.94
36 68 54.86
36 91 51.81
36 42 76.13
36 41 36.64
37 44 91.82
37 69 72.35
37 90 107.28
37 62 58.05
37 91 12.41
37 79 56.83
37 50 43.13
37 83 87.23
37 59 63.34
37 92 62.56
38 85 31.36
38 40 81.44
38 61 111.29
38 69 88.31
38 70 100.23
38 97 90.07
38 51 52.25
39 96 102.85
39 95 90.07
39 43 37.29
39 59 58.68
39 76 52.75
39 74 65.09
40 42 16.13
40 87 97.45
40 79 63.08
40 96 75.26
40 53 50.01
40 52 73.35
40 66 57.05
40 43 53.95
40 99 85.31
40 92 31.21
41 99 39.59
41 56 47.52
41 83 4.26
41 42 73.24
41 71 84.94
41 66 85.83
42 75 91.04
42 86 93.83
42 88 79.86
42 51 53.2
42 89 86.53
42 96 95.98
42 49 92.18
42 98 127.21
42 65 37.09
42 84 65.64
42 55 46.55
42 66 59.11
42 52 78.01
43 58 54.49
43 95 67.49
43 88 26.24
43 72 48.47
43 68 35.19
43 62 65.27
43 56 98.15
43 51 30.94
44 62 110.27
44 79 70.45
44 98 114.22
44 55 53.31
44 88 65.68
44 97 57.6
44 48 67
45 74 66.83
45 71 69.72
45 64 20.06
46 92 48.68
46 56 96.86
46 53 62.23
46 86 125.74
46 50 72.36
46 83 70.92
46 71 90.54
46 55 63.21
46 96 75
46 57 93.65
46 75 69.9
46 98 118.85
46 69 106.44
46 93 61.11
46 88 77.92
46 82 6.27
46 99 97.86
46 67 56.5
47 60 73.02
47 55 72.25
47 82 73.33
47 49 85.96
47 87 49.41
47 77 59.24
47 48 44.72
47 62 64.5
47 53 74.33
47 52 85.8
47 75 55.97
47 57 96.65
47 91 73.08
47 56 74.59
47 90 54.97
47 85 70.35
48 64 64.43
48 65 53.54
48 80 75.42
48 91 54.18
48 70 75.68
48 63 26.97
48 56 52.87
48 90 54.27
48 99 60.4
49 80 82.52
49 53 105.22
49 90 103.44
49 84 81.52
49 81 84.17
50 88 40.15
50 96 100.92
50 57 83.14
50 72 83.59
50 66 11.34
50 67 26.18
50 69 95.6
50 64 61
50 85 57.31
50 90 98.38
50 76 64
50 70 99.47
50 51 35.3
51 72 54.65
51 77 55.53
52 63 76.75
52 61 101.6
52 65 56.44
52 93 90.48
52 66 32.13
52 57 82.56
52 64 54.06
52 88 36.86
52 70 107.68
52 58 74.26
53 84 39.17
53 94 43.66
53 62 86.97
53 74 64.77
53 73 34.8
53 89 52.48
53 75 24.66
53 57 44.86
53 61 91.9
53 55 76.94
53 59 93.55
53 97 64.94
53 80 49.56
53 92 77.75
53 96 64.17
54 95 24.35
54 98 112.15
54 72 75.62
54 55 107.36
54 77 20.24
54 64 118.92
54 81 66.15
54 70 33.39
54 71 122.32
54 92 83.15
54 62 102.57
54 79 81.5
55 68 62.79
55 61 82.33
55 57 89.87
55 82 74.44
55 59 75.36
55 90 119.22
55 99 111.13
55 69 81.85
55 64 74.3
55 86 61.79
55 96 99.07
55 85 69.76
56 78 104.55
56 94 35.14
56 90 44.06
56 77 80.89
56 67 65.84
56 74 89.21
56 85 22.75
56 96 76.12
56 88 68.27
56 63 91.41
56 66 90.87
56 89 52.33
56 83 50.68
57 60 96.88
57 79 117.57
57 58 110.85
57 98 89.22
57 80 24.83
57 72 112.55
57 96 93.3
57 62 101.13
57 66 98.31
57 63 105.44
57 99 74.25
57 95 106.05
57 76 91.52
57 64 18.87
57 82 101.52
58 90 77.78
58 82 109.11
58 97 72.13
58 89 80.36
58 70 76.9
58 96 73.16
58 95 58.78
59 74 54.34
59 82 127.06
59 89 66.98
59 91 47.6
59 70 88.92
59 83 62.76
59 78 58.76
59 64 89.11
59 95 89.62
59 72 41.88
60 64 76.06
60 79 71.7
61 80 127.71
61 74 26.21
61 88 59.51
61 63 28.18
61 82 89.6
61 69 56.2
61 66 89.71
61 91 96.28
62 67 98.35
62 70 110.78
62 65 73.88
62 66 69.86
62 83 73.95
62 88 38.98
62 84 67.92
62 96 97.02
62 81 77.37
63 76 50.31
63 71 66.77
63 81 62.56
64 86 59.95
64 66 74.84
64 97 96.26
64 91 62.7
64 98 94.86
64 73 65.99
64 92 82.31
64 81 48.96
64 95 105.56
65 84 42.37
65 72 74.5
65 94 45.93
65 77 57.06
65 82 42.08
65 74 41.4
65 96 64.18
65 91 67.36
65 98 86.75
65 78 58.9
65 68 71.97
65 83 38.17
65 66 46.97
65 86 76.85
65 71 61.74
65 79 44.05
65 92 31.33
65 70 53.09
66 75 96.26
66 72 82.06
66 69 96.52
66 74 72.43
66 70 101.46
66 80 70.63
67 89 47.38
67 80 41.78
67 88 50.78
67 83 58.93
67 78 103.01
68 74 60.1
68 95 76.55
69 78 50.07
70 90 66.18
70 84 37.29
70 74 52.41
70 88 85.54
71 95 98.67
72 89 107.71
72 87 11.1
72 74 40.49
72 94 87.1
72 97 57.31
72 93 47.49
72 98 48.69
72 76 70.17
72 84 41.15
73 86 90.41
73 92 32.43
73 80 74.8
73 78 46.88
73 87 84.6
73 83 29.14
73 85 59.73
73 84 43.14
74 87 37.06
74 92 40.85
75 88 57.96
75 84 31.5
75 87 95.81
75 85 35.3
75 77 60.01
76 89 61.31
76 96 102.07
76 97 93.5
76 92 69.26
76 80 97.58
76 99 99.22
76 90 84.15
77 88 77.71
77 80 93.25
77 84 46.13
77 87 94.33
77 96 44.82
77 89 98.47
77 90 75.92
77 98 105.9
78 91 72.63
78 81 56.74
78 89 103.51
78 88 45.21
78 87 29.77
78 80 107.7
78 82 75.16
79 95 60.16
79 94 74.21
79 88 51.92
79 98 95.39
79 86 75.76
79 80 101.72
79 83 82.87
79 81 70.31
79 92 16.44
79 99 100.9
79 89 93.24
80 89 44.07
80 90 90.79
80 96 97.23
80 82 97.35
80 87 138.11
81 85 35.17
81 99 47.57
81 92 54.08
81 98 74.02
81 90 46.53
81 83 7.5
81 91 75.99
82 88 93.44
82 96 71.58
82 94 79.54
82 99 93.63
82 86 124.79
82 84 61.86
82 85 89.37
82 91 100.04
82 97 51.43
83 87 77.81
83 99 44.11
83 94 34.76
83 98 79.18
84 94 51.85
84 89 67.17
84 91 75.63
84 99 53.3
85 89 37.15
85 96 74.94
85 91 64.85
85 88 37.5
85 95 76.59
85 99 80.75
85 86 74.27
86 88 45.48
86 94 54.39
86 92 77.39
86 90 111.08
86 91 24.32
86 96 115.18
86 98 77.72
87 99 84.84
87 88 63.19
89 97 85.08
89 90 77.72
90 99 22
90 97 88.24
90 96 39.08
91 97 83.46
91 94 47.21
92 93 38.97
92 99 103.72
92 94 69.95
92 96 76.8
93 96 50.99
93 99 74.51
93 94 87.53
93 98 87.56
94 98 52.05
94 99 71.87
95 97 13.7
96 99 18.23
96 97 58.5
97 98 96.97
97 99 80.62
98 99 73.34
