0 14 50.04
0 34 42.77
0 6 60.68
0 40 61.75
0 46 83.86
0 23 46.43
0 15 29.32
0 31 54.43
0 42 57.17
0 1 74.64
0 37 87.47
0 18 52.14
0 25 33.78
0 2 77
0 13 58.22
0 3 16.53
0 39 22.82
0 48 44.81
1 32 53.37
1 42 27.82
1 49 49.36
1 13 85.26
1 15 69.74
1 17 50.67
1 8 76.43
2 22 72.23
2 45 99.02
2 19 54.74
2 46 51.56
2 47 126.93
2 17 64.51
2 13 113.81
2 38 82.89
2 10 71.62
3 8 49.7
3 24 86.94
3 42 52.63
3 49 28.17
3 26 64.36
3 11 64.67
3 45 44.77
4 48 49.24
4 45 61.25
4 40 102.49
4 15 55.91
4 49 50.57
4 39 75.48
4 35 9.39
4 13 106.84
4 23 82.62
4 31 85.14
4 16 51.69
4 18 27.57
4 17 75.92
4 27 53.9
5 41 75.42
5 38 71.56
5 28 103.59
5 29 28.38
5 7 74.94
6 23 103
6 14 6.38
6 28 97.94
6 48 100.93
6 32 89.59
6 35 68.61
6 22 47.32
6 8 81.18
6 16 71.86
6 26 65.34
6 43 107.87
6 21 71.03
7 27 97.88
7 14 108.32
7 36 42.54
7 30 85.57
7 8 98.7
7 18 70.96
7 20 97.76
7 34 60.96
7 15 111.77
8 49 37.17
8 14 78.24
8 46 97.83
8 16 30.44
8 25 53.16
8 40 42.01
8 38 67.97
8 17 56.1
9 21 107.48
9 16 72.81
9 39 80.29
9 46 66.01
9 11 20.57
9 40 102.12
9 19 43.33
9 42 16.03
9 28 74.85
9 30 39.11
9 37 37.57
10 20 97.11
10 27 87.74
10 44 74.49
10 46 68.78
10 12 63.38
10 34 48.92
10 48 98.85
10 37 53.8
10 42 40.77
10 31 56.79
10 16 73.43
11 22 38.81
11 24 79.32
11 21 92.18
11 20 103.75
11 13 34.31
11 37 64.72
11 44 64.34
11 27 62.89
12 32 28.36
12 36 17.63
12 24 82.36
12 49 33.89
12 48 59.06
13 30 41.15
13 47 35.31
13 46 104.16
13 45 68.87
14 46 72.25
14 41 78.05
14 32 85.27
14 43 104.23
15 40 61.87
15 20 82.11
15 32 93.91
15 28 85.71
15 24 41.1
16 27 21.27
16 47 52.71
16 24 84.12
16 39 25.13
16 42 43.91
17 46 94.77
17 39 50.16
17 28 66.72
18 29 57.24
18 39 62.31
18 19 59.27
18 45 56.58
18 32 31.78
18 46 55.52
18 40 114.02
18 21 52.49
18 44 35.78
18 37 57.82
18 34 51.63
18 27 56.35
18 31 73.76
19 41 68.62
19 24 120.1
19 31 60.34
19 25 93.59
19 48 73.13
19 28 74.63
19 46 90.86
19 43 121.87
20 30 95.76
20 49 54.25
20 34 79.44
20 37 70.64
20 25 84.08
20 29 82.93
20 44 50.8
20 38 48.13
21 44 69.08
21 36 76.67
21 31 75.64
21 49 46.01
22 35 62.71
22 40 59.79
22 29 31.69
22 23 72.08
22 31 57.8
23 36 69.4
23 25 77.2
23 33 45.74
24 43 112.2
24 48 106.59
24 40 100.2
24 30 59.75
24 27 77.77
24 29 81.8
25 31 72.55
25 46 85.72
25 36 83.58
25 29 48.23
25 49 48.11
25 43 83.53
25 41 75.48
25 48 82.34
25 34 73.57
25 40 42.34
26 36 68.69
26 27 73.68
26 35 97.06
26 37 52.91
26 31 45.42
26 38 88.5
26 47 55.16
27 46 96.88
27 41 63.86
27 49 37.78
27 48 46.95
27 35 46.54
27 28 95.82
27 40 44.58
27 30 86.59
27 44 59.37
28 44 62.16
28 39 106.95
28 49 77.87
28 38 76.78
28 29 79.02
28 33 91.98
28 48 59.51
28 35 80.91
28 31 90.81
28 45 95.45
28 43 89.77
28 46 23.5
29 42 26.63
29 41 68.52
29 38 76.91
30 44 73.91
30 43 116.09
30 36 80.47
31 45 66.61
31 44 54.78
31 41 64.9
31 32 78.12
31 49 40.28
31 47 53.02
31 35 89.53
31 40 70.82
31 39 37.3
32 34 78.87
32 38 66.61
32 41 27.85
32 47 112.05
32 35 68.81
32 43 75.16
32 48 37.46
32 49 56.86
32 45 88.09
32 46 63.52
33 35 47.84
34 49 34.2
34 42 44.49
34 35 83.09
34 41 61.8
34 46 93.53
34 36 41.76
34 43 88.93
34 40 74.32
34 38 57.4
35 36 68.89
36 48 27.56
36 39 76.66
36 41 24.02
37 46 75.81
38 40 84.76
38 48 26.94
38 45 39.12
38 39 32.3
38 42 77.98
38 44 36.45
39 47 43.36
39 43 69.71
40 44 95.6
40 48 96.85
41 43 51.92
42 49 30.61
42 43 102.37
43 48 39.45
44 49 39.22
44 45 55.45
45 47 69.23
45 46 94.64
45 49 44.6
46 49 71.68
