0 11 53.87
0 14 66.63
0 26 38.74
0 35 42.11
0 31 64.6
0 7 35.29
0 13 17.02
0 28 106.09
0 12 85.6
0 39 38.35
0 30 92.52
0 9 80.27
0 36 68.22
0 49 51.37
0 4 88.2
1 29 94.02
1 7 16.74
1 22 30.41
1 25 59.93
1 28 100.07
1 10 50.72
1 20 30.1
1 41 46.66
1 33 48.22
1 37 62.06
1 27 82.36
1 11 27.06
1 46 99.01
1 32 71.92
1 24 57.62
2 42 74.9
3 23 11.43
3 4 26.55
3 10 96.86
3 36 96.24
3 14 80.43
3 12 62.58
4 16 74.13
4 6 98.72
4 18 54.12
4 33 95.93
5 7 66.36
5 48 98.32
5 33 68.89
5 14 101.68
5 20 74.58
5 34 52.45
5 43 51.36
5 35 41.59
5 28 120.43
5 21 31.3
5 29 73.25
5 19 59.06
5 9 77.48
6 28 111.17
6 12 92.85
6 43 74.8
6 25 64.23
6 46 80.62
6 18 92.9
6 42 94.46
6 47 49.88
7 44 65.44
7 11 6.13
7 31 63.95
7 41 34.94
7 35 61.43
7 49 24.8
7 32 78.91
7 17 16.04
7 15 43.08
7 30 66.75
7 25 69.75
7 21 69.42
7 18 80.09
7 38 92.23
7 9 45.53
8 22 81.98
8 11 85.38
8 36 59.22
8 23 33.01
8 10 91.09
8 27 31.7
8 41 58.6
9 14 67.12
9 26 66.19
9 35 83.01
9 36 96.78
9 23 82.39
9 32 69.26
9 28 60.12
9 44 78.86
9 48 79.14
10 34 51.22
10 12 46.58
10 40 37.31
10 21 91.14
10 19 71.25
10 22 57.02
10 47 83.93
10 42 50.16
11 31 49.57
11 27 66.19
11 19 39.49
11 44 77.16
11 49 9.09
11 35 66.06
11 12 60.62
11 23 83.9
11 14 31.1
11 15 38.89
11 16 40.64
11 37 51.67
11 25 77.3
11 48 26.76
11 38 86.62
11 29 104.91
12 15 51.42
12 49 68.45
12 41 27.87
12 25 76.7
12 30 41.19
12 40 61.68
12 18 76.74
12 38 35.32
12 13 75.53
12 26 63.6
12 45 24.61
12 29 68.16
12 44 61.88
12 21 72.72
13 25 65.03
13 30 89.45
13 39 31.03
13 23 85.05
13 20 63.39
13 14 71.74
13 48 92.76
13 28 103.84
14 40 64.46
14 27 83.37
14 31 69.54
14 46 99.42
14 47 85.25
14 35 87.13
14 30 104.79
14 21 96.77
15 24 42.91
15 46 85.35
15 43 57.82
15 31 42.92
15 34 92.41
15 26 91.11
15 22 20.51
15 42 12.45
15 45 72.73
15 37 47.08
16 48 47.9
16 41 74.49
17 31 42.38
17 23 61.77
17 29 78.68
17 36 68.21
17 33 44.94
18 33 59.96
18 42 65.19
18 23 34.77
18 30 127.01
18 24 21.75
18 21 69.1
18 20 101.14
18 26 83.01
18 34 126.2
19 47 70.16
20 39 50.02
21 35 17.4
21 32 82.29
21 44 35.66
21 45 71.85
21 30 101.61
21 31 74.5
22 28 73.1
22 48 24.68
22 36 112.6
22 35 80.86
22 26 87.53
22 25 69.66
23 44 39.44
23 25 30.82
23 28 63.79
23 39 76.26
24 46 74.28
24 28 84.36
24 48 58.59
25 29 83.56
25 36 73.35
25 48 90.05
25 39 61.77
26 32 79.41
26 41 44.39
26 45 56.81
26 49 73.41
26 36 23.13
26 40 63.57
26 33 76.88
26 29 38.31
26 27 74.55
26 46 43.49
26 43 63.2
26 39 24.89
27 39 81.79
27 47 42.14
27 46 39.76
27 44 45.12
27 36 79.95
27 49 84.96
27 37 35.21
27 29 72.77
28 30 48.66
28 39 97.73
28 45 56.43
28 37 43.18
28 36 116.85
29 38 93.85
29 49 100.72
29 33 110.48
29 34 87.69
30 39 69.92
30 40 72.87
30 37 72.93
30 49 97.56
30 44 84.41
30 33 120.38
30 35 82.51
30 32 83.38
30 48 115.3
31 32 25.8
31 47 30.8
32 42 53.65
33 47 59.9
34 38 125.6
35 43 64.37
35 37 70.18
35 46 48.61
35 47 15.32
36 38 106.73
36 42 98.68
36 48 127.68
36 44 48.48
36 37 95.58
37 46 55.18
37 43 82.23
37 42 21.3
37 38 35.61
37 45 39.44
38 42 47.83
38 46 63.95
38 45 63.89
38 47 74.74
38 40 117.41
39 46 62.1
39 44 33.94
39 40 20.15
40 49 49.36
40 48 74.08
40 47 81.89
41 42 39.01
41 46 59.31
41 44 45.18
41 47 53.28
41 45 2.32
42 49 43.17
42 43 61.96
43 47 55.18
43 45 83.91
44 48 105.84
44 47 5.88
45 46 50.89
45 47 57.5
46 49 109.24
46 48 123.3
46 47 34.96
