0 31 55.22
0 45 54.73
0 32 28.27
0 38 35.58
0 47 79.9
0 26 27.78
0 33 64.13
0 11 50.65
0 48 75.83
0 28 94.84
0 3 37.79
0 27 57.46
1 40 43.22
1 45 93.73
1 15 83.52
1 2 75.58
1 49 77.31
1 13 94.83
1 9 100.63
1 6 74.82
1 21 57.91
1 39 67.88
1 41 114.05
1 34 57.66
1 18 105.55
2 39 48.43
2 7 35.51
3 23 59.91
3 47 115.03
3 46 101.68
3 17 100.68
3 42 88.41
3 37 98.45
4 20 66.88
4 26 82.53
4 40 53.13
4 31 29.95
4 18 32.54
4 6 69.47
4 10 67.27
4 33 100.61
5 24 50.35
5 28 99.02
5 25 84.17
5 16 77.97
5 27 67.37
5 23 10.26
5 43 101.77
5 22 60.38
5 9 35.39
6 46 90.18
6 22 82.39
6 33 55.96
6 11 86.21
6 37 88.75
6 42 99.03
6 18 64.61
6 44 69.09
7 23 54.51
7 21 48.1
8 9 134.59
8 24 123.75
8 29 34.6
8 15 112.17
8 21 79.4
8 11 80.34
8 25 77.64
8 22 105.03
8 10 66.31
9 18 57.02
9 26 93.94
9 39 92.01
9 41 57.71
9 30 116.8
9 44 56.83
9 45 35.41
9 14 79.27
9 13 32.86
9 25 96.87
9 11 85.12
9 29 116.77
9 33 101.44
9 31 35.99
10 37 47.03
10 18 74.13
10 35 30.18
10 25 46.74
10 43 45.89
10 48 49.4
10 16 19.91
10 32 64.14
10 41 82.57
10 27 45.76
10 36 38.54
10 45 64.07
11 18 73.16
11 21 71.99
11 47 101.05
11 37 52.96
11 19 73.66
11 48 60.52
11 25 70.64
11 12 21.91
12 36 72.49
12 40 24.41
12 45 51.2
12 22 42.6
12 15 91.33
13 28 59.69
13 45 22.05
13 27 83.56
13 40 53
13 44 57.99
13 43 94.73
13 29 87.25
14 17 90.9
14 49 60.55
14 46 100.65
14 33 64.08
14 24 116.14
14 27 84.53
14 39 67.6
14 30 44.71
14 43 64.14
14 23 78.12
14 18 47.79
14 41 70.14
14 20 76.73
14 32 30.09
15 47 49.52
15 36 23.2
15 29 102.51
15 19 89.05
15 21 66.89
15 16 50.21
15 45 45.73
15 18 75.21
15 42 49.06
15 22 98.47
15 43 75.5
15 40 47.82
16 22 80.74
16 17 66.11
16 26 47.75
17 18 113.05
17 43 60.45
17 31 81.72
17 42 87.98
17 20 111.2
18 47 111.06
19 38 33.13
19 48 74.55
19 21 69.43
19 46 87.92
19 36 71.46
19 23 97.57
19 49 84.39
19 39 72.21
19 27 66.09
19 25 80.06
19 31 94.42
19 29 9.43
19 30 18.16
20 33 104.15
20 28 124.48
20 42 86.85
20 25 103.95
20 47 117.72
20 45 72.22
20 21 108.6
20 48 96.26
20 31 87.82
21 29 94.59
21 22 115.66
21 44 55.74
21 32 91.34
21 39 21.07
21 23 88.04
21 42 105.86
21 43 43.06
22 26 81.37
22 37 104.36
22 35 92.13
23 27 55.25
23 45 43.29
23 46 73.58
23 32 89.74
23 39 77.77
23 25 85.98
23 48 76.25
24 47 95.53
24 42 77.43
24 34 51.78
24 43 83.95
24 25 65.12
24 27 38.59
24 40 57.04
24 32 117.99
25 36 46.61
25 42 92.84
25 34 72.97
25 28 65.46
26 39 68.65
26 28 104.04
26 45 72.1
26 38 54.79
26 30 41.27
26 36 71.96
27 35 44.44
27 28 115.68
27 39 65.23
27 47 81.58
27 43 67.21
27 48 49.68
28 32 81.47
28 49 49.57
28 47 52.42
28 31 46.14
28 36 31.99
29 47 114.12
29 48 83.57
29 31 90.01
29 40 57.63
29 39 82.07
29 37 91.02
29 49 93.35
29 32 43.43
30 33 37.97
30 46 82.19
30 43 29.13
30 41 100.94
30 34 70.05
30 44 67.62
30 42 115.6
31 39 74.92
31 45 31.97
31 36 28.12
31 46 79.64
31 41 50.99
32 49 93.54
32 34 65.83
32 44 68.85
32 35 75.98
32 37 107.1
32 41 84.39
34 40 14.21
34 38 56.42
34 46 68.39
35 47 54.32
35 48 31.92
35 39 25.67
35 42 71.72
35 40 35.26
36 41 43.35
38 49 60.35
38 40 52.09
38 43 25.25
38 39 49.24
38 45 81.5
39 48 43.48
39 49 29.95
39 42 103.9
39 45 85.26
39 43 38.38
40 45 52.04
40 47 83.85
40 49 57.01
41 44 87.19
41 45 82.26
41 46 81.39
42 43 111.09
42 46 97.02
42 44 51.9
42 49 73.72
43 45 90.34
43 46 56.93
43 44 77.82
43 48 45.24
44 47 86.27
44 48 45.4
45 48 103.37
45 46 99.81
45 47 90.84
46 47 57.45
47 49 38.52
