0 28 87.55
0 83 79.91
0 8 40.44
0 35 39.17
0 33 13.74
1 49 83.35
1 97 64.23
1 71 69.65
1 44 78.07
1 30 29.64
1 46 76.61
1 42 27.07
1 90 57.51
1 78 28.03
1 82 80.75
1 8 87.26
1 50 37.38
1 52 41.9
1 57 62.55
1 19 44.5
1 26 39.69
1 77 85.66
1 14 56.28
1 18 55.18
1 93 56.76
1 12 29.03
1 36 35.46
2 52 67.83
2 12 52.24
2 26 26.71
2 18 99.49
2 91 67.67
2 7 38.69
2 15 47.95
2 4 76.06
2 3 31.2
2 23 58.75
2 80 30.9
2 53 48.14
3 41 47.28
3 30 132.2
3 23 82.26
3 60 90
3 5 99.65
3 83 37.11
3 28 119.89
3 56 71.87
4 78 51.62
4 41 87.12
4 87 33.35
4 29 63.76
4 51 41.05
4 67 54.64
4 47 90.2
5 31 63.59
5 38 45.99
5 33 50.47
5 69 56.24
5 40 60.61
5 84 45.78
5 15 29.87
5 23 70.22
5 53 79.01
5 76 35.45
6 94 67.21
6 81 34.34
6 21 55.04
6 51 64.25
6 31 55.73
7 98 88.22
7 54 55.38
7 96 55.94
7 84 58.47
7 41 45.04
8 28 102.97
8 15 60.69
8 19 83.69
8 91 88.08
8 23 82.24
8 64 97.51
9 54 81.46
9 15 40.81
9 22 69.93
9 63 40.53
9 35 57.3
9 42 72.01
9 73 30.68
9 28 45.32
9 34 45.94
9 38 10.23
10 37 79.35
10 66 72.03
10 92 46.75
10 26 65.88
10 99 51.11
10 52 58.07
10 81 62.64
10 96 76.77
10 13 49.39
10 58 93.11
11 95 73.24
11 82 64.28
11 99 37.94
11 43 109.97
11 33 94.02
11 80 110.07
11 98 68.12
12 54 59.89
12 34 45.15
12 53 49.42
12 90 90.03
12 13 53.5
12 47 26.23
12 42 38.35
12 60 96.02
12 78 38.73
12 77 104.75
12 17 40.69
12 23 46.24
12 20 92.98
12 81 45.84
12 49 109.98
12 59 73.21
12 52 62.94
12 29 35.38
12 88 14.73
12 48 30.09
12 94 32.97
12 26 40.26
12 74 73.72
12 83 67.63
12 40 64.03
13 49 60.98
13 62 46
13 69 53.2
13 31 55.12
13 50 41.55
13 37 40.81
13 25 41.45
13 53 69.1
13 63 66.53
13 64 54.26
13 23 72.72
13 67 67.39
13 56 32.07
13 83 57.7
13 41 80.74
14 35 54.74
14 29 31.05
14 17 36.92
14 16 31.73
14 46 45.58
14 33 70.55
14 87 90.44
14 32 86.41
14 63 36.85
14 23 53.66
14 84 32.49
14 34 39.55
14 71 42.27
14 90 116.59
15 17 52.08
15 99 9.85
15 46 60.88
15 59 85.95
15 75 44.51
15 30 68.39
15 98 47.88
15 66 27.55
15 71 64.4
15 76 1.86
15 34 28.51
15 73 53.55
15 16 70.14
16 84 58.26
16 53 42.6
16 79 85.55
16 90 107.48
16 18 96.85
16 30 62.64
16 75 66.4
16 27 44.76
16 89 35.76
17 77 102.94
17 36 71.73
17 28 70.81
17 95 72.06
17 25 24.86
17 96 56.79
17 34 55.01
17 43 32.57
17 24 88.31
17 35 19.54
17 20 57.83
17 59 48.23
17 99 52.43
17 18 71.87
17 58 37.2
18 53 110.76
18 34 54.51
18 73 34.78
18 89 61.56
18 61 74.17
18 39 140.2
18 77 70.11
18 65 125.52
18 30 50.78
18 41 98.91
18 45 99.31
18 54 102.2
19 22 74.14
19 99 55.01
19 42 72.1
19 65 94.01
19 51 31.85
19 70 93.35
19 50 73.46
19 27 62.85
19 91 66.1
19 74 96.48
19 46 24.63
19 56 35.16
20 41 34.24
20 86 47.17
20 57 69.69
20 82 78.92
20 80 33.96
20 83 54.72
20 35 39.98
20 99 59.61
21 71 100.15
21 30 74.46
21 50 51.28
21 28 79.52
21 41 103.43
22 86 67.98
22 55 67.27
22 47 124.23
22 66 70.3
22 72 41.49
22 48 85.4
22 35 60.31
22 67 99.41
22 34 64.02
22 71 104.68
23 39 109.61
23 49 107.52
23 42 94.21
23 95 82.53
24 98 31.46
24 31 64.02
24 96 102.8
24 57 104.1
24 52 36.7
24 54 111.17
24 28 81.71
24 74 94.66
24 85 20.16
24 62 68.61
24 92 79.85
24 25 65.48
24 76 59.57
24 95 132.95
25 62 78.18
25 79 48.06
25 82 98.45
25 46 32.94
26 72 68.18
26 73 96
26 95 38.53
26 27 32.15
26 94 25.15
26 74 39.2
26 59 85.3
27 65 60.24
27 76 35.18
27 78 18.87
27 62 62.56
27 57 64.99
27 71 48.16
27 66 18.79
27 37 20.57
27 42 30.11
27 83 71.93
27 56 41.57
28 86 99.22
28 74 82.72
28 32 84.07
28 46 65.4
28 43 85.02
28 65 105.04
28 52 61.84
28 55 50.89
28 51 67.55
28 94 55.82
28 84 38.88
28 40 76.45
28 97 93.68
28 53 99.8
28 96 85.18
29 68 19.13
29 95 74.34
29 96 74.9
29 89 77.89
29 60 106.06
29 99 76.07
29 82 132.13
29 86 48.12
29 88 59.16
30 40 86.24
30 50 36.24
30 42 51.04
30 33 102.91
30 89 52.1
30 68 75.3
30 84 49.18
30 86 107.7
31 79 70.23
31 41 33.99
31 44 47.13
32 48 83.79
32 46 92.25
32 45 102.03
32 71 102.91
32 73 66.47
32 55 51.87
32 41 88.77
32 56 58.11
32 84 100.54
33 84 66.91
33 91 92.58
33 80 46.14
33 76 49.99
33 89 61.53
33 85 39.34
33 86 16.97
33 67 65.37
33 69 95.18
33 38 57.76
33 41 36.42
33 79 53.61
34 45 68.98
34 39 88.19
34 91 26.8
34 67 56.14
34 42 35.19
34 47 69.35
34 81 24.94
35 96 70.3
35 76 65.71
35 71 78.02
35 54 68.34
35 48 70.54
35 49 94.57
35 44 36.01
35 84 55.4
35 65 104.54
35 64 103.65
35 62 84.06
36 71 97.6
36 77 83.79
36 96 93.36
36 87 40.84
36 43 84.96
36 95 112.67
36 80 118.16
37 55 33.15
37 42 23.88
37 63 80.69
37 87 93.55
37 74 41.67
37 64 50.15
37 71 31.71
37 48 74.1
37 97 43.58
37 69 44.78
37 88 20.47
37 72 74.76
37 54 23.57
37 85 90.51
37 68 50.45
38 66 63.03
38 94 66.91
38 45 53.86
38 65 104.86
38 88 52.49
38 43 49.87
38 59 68.48
38 77 83.07
38 95 80.75
38 97 56.14
38 70 94.03
39 92 77.15
39 88 59.03
39 50 114.61
39 51 137.29
40 90 119.76
40 93 73.66
40 86 25.07
40 65 108.72
40 87 83.83
40 49 104.72
40 62 96.47
40 99 72.41
40 69 103.35
40 50 109.7
40 46 26.66
40 41 35.46
40 54 72
40 57 56.9
40 51 58.78
40 66 76.44
40 79 73.28
40 75 115.42
40 83 72.4
40 85 69.29
40 60 73.8
41 52 62.09
42 71 41.44
42 55 42.28
42 53 40.19
42 57 50.36
42 69 49.5
42 47 39.19
42 95 43.32
42 86 92.42
43 94 58.27
43 96 73.86
43 49 131.15
43 73 82.21
43 83 62.72
43 92 56.19
43 67 24.4
43 77 124.05
43 80 81.86
43 72 88.7
43 70 113.14
44 97 37.39
44 90 115.77
44 79 85.36
44 63 28.14
45 86 68.63
45 55 61.02
45 70 112.38
45 74 83.7
45 59 86.89
45 96 48.72
45 65 77.47
45 78 76.83
45 56 41.27
46 69 100.98
46 84 43.12
46 51 52.07
46 57 60.27
46 73 63.83
46 82 119.62
46 74 110.88
46 96 82.05
46 59 42.79
46 77 98.51
47 97 75.72
47 82 136.94
47 56 57.07
47 48 74.63
47 67 45.3
47 91 86.78
47 66 77.27
47 63 76.8
47 96 63.51
47 59 112.72
47 74 77.42
47 87 112.09
47 75 92.21
47 85 120.96
47 79 99.2
47 81 69.85
47 72 100.79
47 78 72.11
47 77 145.07
48 74 89.76
48 70 95.39
48 81 28.22
48 64 102.73
48 71 79.22
49 98 30.53
49 69 67.58
49 80 98.39
49 76 66.43
49 52 60.85
49 81 66.2
49 73 56.81
49 75 85.19
49 82 41.3
49 84 109.64
49 77 1.55
49 65 96.45
50 85 93.36
50 56 62.45
50 64 55.02
50 95 87.33
50 75 15
50 90 57.87
50 58 70.72
51 54 100.16
51 89 78.06
51 52 32.43
51 75 97.79
51 64 112.19
51 74 109.79
52 69 79.69
52 81 18.5
52 88 60.28
52 97 72.97
52 76 44.92
52 94 64.35
52 57 77.11
52 96 96.18
52 98 52.69
53 64 74.38
53 54 22.1
53 82 96.77
53 76 56.82
53 69 73.4
53 59 86.27
53 89 43.19
53 97 45.26
53 94 38.05
54 65 46.45
54 97 24.31
54 90 93.83
54 95 16.54
54 71 28.39
54 89 60.57
54 87 110.88
54 76 48.38
54 93 112.02
54 91 85.86
54 59 76.43
54 82 101.19
54 67 66.93
54 74 50.44
55 89 16.31
55 87 78.27
55 79 58.43
55 95 40.74
55 90 70.43
55 69 49.4
56 81 36.6
56 86 48.96
56 83 49.3
56 75 54.79
56 72 58.11
56 61 35.45
57 76 55.96
57 94 49.63
57 65 69.09
57 72 86.24
57 67 36.88
57 68 42.72
57 79 82.43
57 78 73.9
57 73 80.1
57 61 54.94
57 96 37.16
58 80 97.08
58 77 118
58 64 92.08
58 61 48.9
58 92 57.07
58 90 113.76
58 60 104.44
58 89 42.52
58 97 71.04
58 94 35.65
58 98 91.39
58 95 76.72
58 63 58.57
58 72 71.31
58 82 116.66
59 93 95.6
59 66 96.46
59 94 93.28
59 79 83.77
59 65 106.77
59 61 41.6
59 95 96.86
59 75 129.41
59 96 80.92
60 71 111.72
60 89 73.15
60 93 22.3
60 77 14.83
60 80 92.64
60 88 81.89
61 89 51.78
61 80 64.4
61 63 13.36
62 98 44.16
62 83 54.69
63 67 24.61
63 96 85.2
63 89 77.25
63 68 33.46
63 69 94.12
63 71 60.48
63 81 46.25
63 75 113.75
64 86 111.03
64 68 111.93
64 91 46.12
64 75 35.1
64 69 17.01
64 98 61.99
64 72 75.53
64 95 94.01
64 93 91.17
64 94 67.02
64 96 76.7
64 88 72.6
64 81 78.57
65 84 93.84
65 82 82.99
65 74 11.39
65 81 92.63
66 77 61.59
66 92 72
66 73 61.71
66 69 26.69
66 74 40.46
66 88 35.46
66 95 73.49
66 78 15.34
66 84 48.92
66 96 67.38
67 91 86.81
67 89 63.86
67 93 84.81
67 80 74.78
68 79 77.27
68 89 48.71
68 82 124.75
68 96 65.25
68 97 48.77
68 98 100.67
68 78 74.4
68 92 59.71
68 69 81.78
69 91 20.23
69 81 69.58
69 98 70.8
69 82 52.45
69 96 74.76
69 87 65.95
69 93 78.09
69 84 73.24
69 85 81.14
69 72 66.41
69 92 83.12
69 70 70.25
70 73 75.09
70 84 104.44
70 80 61.7
71 88 35.14
71 77 121.18
71 85 109.62
71 93 99.64
71 83 56.62
71 91 91.04
71 99 62.67
71 96 34.85
71 72 97.03
72 79 16.49
72 85 31.14
72 89 52.4
72 91 59.23
72 78 60.18
73 81 33.65
73 91 65.16
73 93 16.95
73 97 82.15
73 88 77.52
73 76 65.48
73 83 95.84
73 98 39.41
74 84 93.58
74 85 98.37
74 75 53.25
75 87 80.88
75 94 48.73
75 89 40.24
75 95 96.68
75 99 50.05
75 90 41.26
75 84 80.89
76 89 9.8
76 96 41.89
76 84 52.78
76 87 58.33
76 93 61.06
76 83 47.79
76 98 56.98
77 90 54.35
77 93 25.61
78 79 45.97
78 92 74.77
78 97 61.91
78 87 68.76
78 81 46.98
78 88 46.67
78 96 58.84
78 90 60.58
78 84 61.17
78 86 80.59
78 98 67.84
79 93 26.34
79 90 66.07
79 85 47.12
79 95 101.37
79 98 52.76
79 80 101.64
79 89 46.99
79 81 22.19
80 96 68.61
80 90 112.23
80 99 79.56
80 98 78.87
80 94 94.2
80 95 70.9
80 89 85.36
81 82 73.64
81 98 63.45
81 92 64.75
81 89 40.21
81 99 42.24
82 86 107.89
82 98 44.97
82 83 101.59
82 92 89
82 93 53.75
82 94 80.63
82 91 56.1
82 87 56.56
82 88 86.93
82 89 70.29
83 95 21.76
83 90 96.85
83 86 61.57
83 99 52.44
84 98 82.34
84 87 75.73
85 87 28.66
85 88 71.46
86 91 99.54
86 98 79.82
86 97 32.43
86 87 83.05
87 96 98.91
87 95 117.84
87 97 85.02
87 88 86.07
87 98 49.88
88 98 75.94
88 90 75.91
88 89 26.97
88 92 36.06
88 97 35.78
89 91 37.75
89 96 57.51
90 95 107.69
90 92 83.47
90 97 89.24
90 99 52.72
91 96 75.45
92 95 66.44
92 96 52.45
93 99 61.08
94 97 48.34
94 98 77.04
94 96 38.22
95 96 20.07
95 97 48.57
96 97 41.84
96 98 81.67
97 98 64.73
98 99 56.6
