0 34 63.49
0 50 40.67
1 9 44.83
1 60 65.95
1 73 69.06
1 27 55.47
1 56 88.66
2 90 79.73
2 91 87.15
2 31 56.52
2 96 19.8
2 98 71.73
2 26 15.85
2 63 55.27
2 70 64
2 48 111.67
2 22 47.93
2 81 22.34
2 6 46.34
2 47 29.67
2 54 63.48
2 29 37.71
2 8 73.3
2 32 66.28
2 77 74.25
2 93 72.22
2 7 86.79
2 80 89.37
2 95 80.21
2 51 56.75
2 9 46.39
3 49 62.97
3 4 92.09
3 13 68.13
3 59 77.82
3 25 36.01
4 19 87.01
4 89 74.21
4 47 68.62
4 36 63.42
4 14 114.09
4 11 39.53
4 20 70.06
4 72 88.85
5 84 98.55
5 89 45.54
5 51 91.54
5 23 124.26
5 43 70.45
5 37 79.38
5 39 108.6
5 31 48.72
5 88 60.08
5 12 30.54
6 95 55.02
6 27 56.89
6 60 48.64
6 77 56.76
6 71 73.29
6 96 48.9
6 62 58.28
6 33 35.37
6 61 41.33
6 48 65.58
6 68 24.33
6 10 51.31
6 29 63.21
6 44 28.67
6 83 90.16
6 17 69.32
6 78 60.62
6 70 63.63
7 75 85.39
7 21 89.36
7 44 88.66
7 14 28.84
7 91 48.86
7 96 66.58
7 78 76.01
7 98 47.32
7 48 60.75
7 94 97.74
7 50 55.92
7 67 33.96
7 81 76.71
7 55 33.33
7 19 105.01
7 13 56.58
7 85 75.18
7 10 66.4
7 53 38.81
7 74 67.85
8 50 89.79
8 89 92.95
8 71 84.25
8 28 49.96
8 81 73.63
8 98 92.29
8 73 49.82
8 97 52.59
8 10 64.69
9 14 48.97
9 49 38.2
9 95 50.54
9 32 63.7
9 67 48.01
9 34 48.15
9 77 56.02
9 69 72.19
9 75 44.23
9 46 88.57
9 97 40.21
9 79 45.43
9 13 35.3
9 26 46.53
9 22 13.12
9 88 47.58
9 35 40.13
9 65 60.03
9 18 25.9
10 71 70.56
10 95 52.4
10 30 41.16
10 36 78.85
10 75 84.24
10 31 57.15
10 76 79.89
10 42 49.99
10 44 65.94
10 82 49.81
10 39 83.72
10 89 69.52
10 47 60.24
11 82 59.9
11 15 120.25
11 81 103.27
11 18 68.01
11 84 39.85
11 20 56.43
11 42 50.32
11 21 80.13
11 31 44.81
11 57 67.42
11 64 76.67
11 87 71.48
11 65 125.96
11 92 77.66
11 46 104.89
11 89 68.96
12 21 36.19
12 82 75.82
12 33 56.15
12 24 35.49
12 70 77.37
12 35 106.43
12 76 112.04
12 80 82.74
12 47 56.84
12 77 79.96
12 79 35.7
12 43 63.68
12 61 34.72
12 34 21.95
12 96 55.68
12 32 95.86
12 56 67.17
12 54 49.69
12 46 107.56
12 59 14.85
13 90 84.32
13 87 68.28
13 75 34.93
13 76 50.41
13 74 104.15
13 19 115.45
13 18 29.67
13 73 62.48
13 43 53.21
13 38 65.45
13 95 97.07
13 78 101.11
14 92 85.17
14 99 54.02
14 83 52.13
14 53 64.97
14 74 26.85
14 43 57.38
14 21 87.18
14 63 111.35
14 34 118.04
14 32 35.11
14 82 50.53
14 88 98.88
14 31 86.17
14 42 57.77
14 95 76.01
14 98 70.21
15 17 91.98
15 66 45.3
15 37 63.51
15 59 105.37
15 52 37.71
15 95 85.82
15 79 81.85
15 29 56.69
15 26 68.87
15 62 100.79
15 87 37.85
16 34 47.31
16 17 87.77
16 73 68.55
16 85 28.33
16 89 52.01
16 88 11.75
16 90 75.06
16 33 49.15
17 90 76.65
17 49 19.44
17 64 66.19
17 18 60.7
17 44 62.94
17 46 89.65
17 99 52.43
17 82 46.28
17 58 19.38
18 85 60.8
18 89 59.75
18 95 83.65
18 65 63.23
18 70 95.45
18 41 73.79
18 21 65.11
18 45 91.09
18 87 45.54
18 56 79.03
18 43 34.33
18 73 42.65
18 55 44.91
18 28 92.24
18 20 32.24
18 76 30.49
18 77 96.62
18 46 93.96
18 25 33.27
19 83 121.7
19 79 57.14
19 55 89.77
19 67 105.21
19 96 76.46
19 82 53.68
19 88 95.53
19 20 86.45
19 32 86.62
20 65 68.66
20 76 64.25
20 38 34.1
20 92 96.34
21 76 98.94
21 37 83.91
21 67 78.59
21 35 76.8
21 32 69.11
21 50 40.73
22 88 44.52
22 55 42.45
22 89 43.79
22 46 101.26
22 41 62.84
22 98 21.02
22 78 62.41
22 96 40.87
22 39 50.97
23 79 89.23
23 83 94.73
23 51 54.52
23 54 118.16
23 36 88.59
23 94 93.75
23 57 118.04
24 71 104.29
24 89 40.75
24 75 18.44
24 62 102.81
24 53 60.48
24 86 62.11
24 64 105.5
24 65 125.06
24 33 74.01
24 80 106.49
24 56 100.69
24 28 109.1
24 88 52.75
25 54 80.34
25 62 121.81
25 67 46.08
25 84 107.49
26 80 82.45
26 44 63.67
26 46 102.55
26 59 52.08
26 75 35.2
26 74 89.84
26 58 83.22
26 78 50.64
26 93 76.85
27 56 53.74
27 30 73.72
27 86 92.51
27 52 45.39
27 72 59.04
27 34 84.64
27 91 84.88
28 91 90.57
28 90 78.79
28 63 77.34
28 35 56.19
28 94 44.26
28 85 84.36
28 93 20.72
28 83 90.45
29 73 53.17
29 49 102.86
29 48 111.18
29 71 66.53
29 59 79.19
29 74 65.01
29 87 66.34
29 60 72.61
29 65 42.88
29 38 64.64
29 82 74.44
29 53 62.35
29 66 26.05
29 36 83.76
29 34 95.92
29 80 86.69
29 56 71.34
29 54 69.21
29 40 35.24
30 83 81.62
30 55 89.8
30 84 66.3
30 81 82.74
30 49 45.85
30 88 66.84
30 54 74.74
30 65 93.74
30 77 44.63
30 47 48.61
31 54 88.68
31 77 50.45
31 79 47.95
31 66 63.13
31 32 70.04
31 51 42.94
31 45 66.63
32 72 54.89
32 49 84.91
32 65 23.77
32 39 51.49
32 50 37.54
32 68 89.44
33 81 59.27
33 88 75.88
33 80 64.17
33 84 113.54
33 47 43.8
33 71 103.61
33 90 68.88
33 61 21.63
33 44 21.83
33 86 41.62
33 36 27.08
33 49 86.33
33 79 35.15
33 65 90.13
33 89 91.4
33 58 95.35
33 69 58.06
33 85 40.22
33 66 61.24
33 74 101.25
33 87 93.29
33 70 39.36
33 95 67.98
34 43 63.81
34 54 40.83
34 59 32.85
34 71 88.44
34 35 87.05
34 66 84.01
34 63 46.13
34 64 85.95
34 85 42.49
35 75 99.91
35 60 41.12
35 87 28.62
35 51 65.51
35 67 81.28
35 45 110.18
35 76 75.77
35 54 109.27
35 66 82.44
35 56 56.82
35 84 54.9
35 36 80.74
35 63 86.24
35 64 58.14
35 69 80.76
35 77 55.22
35 71 30.58
35 43 58.85
35 86 82.14
35 68 74.43
36 52 104.56
36 78 55.46
36 86 49.31
36 95 40.51
36 84 87.99
36 71 80.87
36 63 51.22
36 46 54.75
36 85 44.01
36 69 62.07
36 61 38.96
36 90 55.01
36 68 46.35
36 56 33.59
37 67 16.31
37 71 54.41
37 57 104.51
37 68 77.78
37 94 102.76
37 47 59.87
37 55 58.29
37 72 56.15
37 90 103.32
37 59 96.78
37 82 64.03
37 69 83.62
38 71 7.77
38 86 108.87
38 83 49.57
38 89 91.93
38 80 43.61
38 61 102.85
38 69 69.5
38 46 68.83
39 50 46.19
39 94 88.7
39 53 29.67
39 56 61.48
39 65 25.16
39 48 73.82
40 71 59.4
40 77 83.24
40 87 80.09
40 74 92.41
40 91 67.66
40 80 80.92
40 79 40.86
40 51 69.27
40 76 75.14
40 62 98.02
40 83 72.77
40 96 17.83
40 70 89.01
41 59 86.67
41 85 70.86
41 66 28.55
41 55 51.2
41 99 77.41
41 49 81.25
41 48 97.18
41 63 98.37
42 91 40.63
42 77 91.17
42 92 73.29
42 43 34.27
42 97 40.33
42 73 52.99
42 83 47.64
42 94 72.47
42 54 38.84
42 46 112.27
42 58 46.34
42 50 63.73
43 62 80.21
43 52 42.56
43 85 43.39
43 48 66.87
44 68 34.81
44 69 79.07
44 71 76.34
45 72 78.12
45 63 82.01
45 91 115.24
45 59 81.64
45 66 26.7
45 55 58.62
45 76 110.15
46 51 45.13
46 76 114.54
47 59 43.41
47 83 62.94
47 94 42.35
47 86 65.34
47 93 41.6
47 69 52.73
47 68 48.28
47 80 40.37
47 52 63.42
47 54 58.86
47 91 67.72
47 92 26.23
47 99 33.06
48 87 52.49
48 55 88.19
48 57 75.92
48 61 112.12
48 96 96.59
48 91 24.73
48 59 81.79
48 77 86.47
49 51 83.29
49 84 27.15
49 59 82.45
50 71 80.18
50 94 71.51
50 74 71.45
50 57 79.77
50 62 88.01
50 69 47.84
50 64 70.37
50 77 76.58
51 56 23.19
51 57 63.69
51 68 77.21
51 84 111.6
51 60 44.35
51 76 110.06
51 99 69.92
51 54 112.28
51 98 82.79
51 89 105.78
52 91 72.57
52 72 35.36
52 57 105.2
52 73 62.06
52 59 104.6
52 87 32
52 99 39.76
53 66 52.4
53 84 82.83
53 85 63.21
53 94 91.71
53 74 85.55
53 80 80.24
53 61 80.01
53 60 67.61
53 63 78.88
53 71 50.23
53 69 89.63
53 64 32.77
53 86 103.25
54 70 108.83
54 60 90.99
54 89 13.2
54 85 42.12
54 68 73
54 82 84.18
54 62 133.75
54 57 74.27
55 63 91.87
55 65 19.31
55 80 63.43
55 96 49.54
55 66 30.45
55 67 50.56
55 94 95.4
55 81 55.94
55 73 42.98
55 93 62.86
55 69 41.93
56 88 92.22
56 64 74.12
56 85 62.54
56 75 96.36
56 98 87.71
57 91 84.74
57 66 74.48
57 76 122.75
57 95 51.4
57 59 9.1
57 61 43.18
57 94 26.73
57 87 87.2
57 69 79.16
57 60 68.1
57 98 75.98
57 58 82.29
57 63 5.42
58 69 80.58
58 70 101.53
58 73 49.62
59 68 26.49
59 98 73.43
59 69 80.87
59 72 85.22
59 66 81.14
59 63 17.67
59 80 89.97
59 97 26.06
59 78 77.01
60 81 76.13
60 98 64.09
60 88 83.03
60 91 54.2
60 97 47.11
61 90 53.47
61 63 48.01
61 66 50.95
61 97 52.66
61 99 66.25
61 93 65.77
61 73 67.14
61 96 54.91
61 88 57.14
61 77 62.64
61 79 28.9
61 92 11.43
61 82 60.75
61 74 94.1
62 68 81.94
62 89 127.49
62 91 102.6
62 65 96.1
62 82 67.64
62 78 67.37
62 67 115.59
62 94 22.88
62 84 115.88
62 95 56.99
63 92 55.04
63 78 94.77
63 67 91.48
63 76 124.2
63 86 26.26
63 85 37.6
63 88 71.73
63 84 89.59
63 70 75.4
63 68 28.34
64 73 39.44
64 71 2.13
64 82 40.95
64 92 93
64 91 42.7
64 98 46.01
64 76 34.11
64 77 86.35
64 74 64.84
64 85 87.22
65 90 131.93
65 76 60.1
65 99 68.95
65 79 73.36
65 83 87.27
65 93 65.83
66 94 65.59
66 96 38.99
66 85 58.63
66 69 21.33
67 78 89.52
67 77 102.2
67 95 87.48
67 99 31.65
68 95 41.95
68 85 43.78
68 86 29.4
68 88 75.88
68 70 70.57
69 74 35.68
69 79 60.69
69 80 49.94
69 75 94.75
69 86 94.46
70 71 87.54
70 80 44.28
70 96 84.59
70 93 42.4
70 74 82.28
70 78 52.07
70 73 66.43
71 76 40.9
71 72 11.29
71 75 78.98
71 86 107.68
71 81 82.82
72 75 89.28
72 84 84.21
72 80 44.95
72 76 45.73
72 96 57.24
72 82 41.35
73 96 64.17
73 95 37.02
73 78 52.29
73 85 64.61
73 89 90.33
74 93 60.07
74 83 96.04
74 97 102.72
74 76 77.69
74 91 92.59
74 86 116.23
75 85 32.45
75 98 40.96
75 96 32.98
75 94 89.71
75 86 73.85
75 97 53.41
76 93 97.5
76 99 61.69
76 90 121.58
77 84 86.3
77 99 82.17
78 89 100.75
78 83 94.22
78 94 73.31
78 96 43.94
78 95 72.79
78 99 67.5
79 92 22.08
79 84 110.16
79 81 31.91
79 95 77.35
80 99 69.81
80 86 82.46
81 97 78.61
82 99 49.58
82 93 36.84
82 98 63.22
82 97 34.95
83 87 38.53
84 99 93.33
84 91 52.4
84 94 73.82
84 95 63.82
84 89 97.06
85 86 55.89
85 97 37.19
85 91 67.02
86 90 22.58
86 97 39.08
86 94 20.84
87 96 70.29
87 97 78.82
87 88 97.96
87 94 74.98
87 93 42.2
87 98 67.29
87 91 55.08
88 99 43.51
88 98 35.11
88 93 90.66
88 95 100.01
88 97 55.67
88 90 84.26
89 93 106.37
89 92 61.53
89 91 70.79
90 95 71.01
90 96 78.37
91 94 69.27
91 92 78.66
91 98 37.43
92 96 29.43
93 98 88.33
93 97 58.35
93 94 48.84
94 96 82.06
94 98 80.57
94 97 31.19
95 99 67.61
96 98 49.26
98 99 29.37
