0 46 121.8
0 49 82.54
0 10 76.78
0 47 108.86
0 96 59.22
0 92 92.19
0 94 100.44
0 38 109.52
0 66 76.99
0 11 73.77
0 52 119.36
0 12 133.38
0 9 87.29
0 1 22.46
0 98 90.64
1 40 65.25
1 96 23.51
1 64 56.01
2 36 11.77
2 28 109.98
2 47 98.75
2 6 81.2
2 8 106.82
2 3 89.47
2 50 93.65
2 44 85.58
2 64 98.45
2 65 56.93
2 94 78.86
2 32 81.6
2 93 75.79
2 19 127.16
2 29 39.73
2 26 48.57
2 25 67.36
2 33 77.08
2 12 82.29
2 34 66.89
2 71 100.02
3 11 78.77
3 77 68.61
3 52 60.25
3 17 69.44
3 22 53.36
3 60 11.47
3 62 29.98
3 59 33.6
3 61 82.49
4 46 73.88
4 25 48.53
4 51 82.99
4 70 63.67
4 20 41.16
4 84 68.14
4 77 11.86
4 18 94.24
4 64 112.69
4 49 17.35
4 58 75
5 45 35.74
5 15 29.35
5 85 88.99
5 59 63.65
5 57 58.09
5 60 48.43
5 41 52.67
5 88 45.68
5 44 93.79
5 94 56.6
5 28 102.84
6 96 42.51
6 88 34.71
6 78 82.52
6 29 65.98
6 25 49.98
6 58 96.93
6 69 97.19
6 44 21.44
6 7 58.4
6 90 50.07
6 56 72.81
6 50 61.67
6 87 84.76
6 97 70.92
6 43 26.39
7 69 61.79
7 73 91.3
7 94 107.87
7 77 87.4
7 24 72.32
7 29 15.69
7 27 94.48
7 87 61.06
7 42 94.84
7 99 81.35
7 33 56.84
7 17 79.85
7 22 66.71
7 63 73.48
7 14 63.71
8 45 33.49
8 69 93.01
8 80 26.36
8 84 108.36
8 96 53.75
8 41 80.97
8 39 71.4
8 59 40.56
8 71 44.82
8 52 62.46
8 61 91.89
8 73 101.42
8 98 10.64
8 9 70.06
9 31 30.23
9 39 71.83
9 86 116.22
9 97 54.79
9 30 113.09
9 49 140.22
9 73 115.16
9 71 54.19
9 26 56.99
9 82 113.25
9 66 99.71
9 45 53.88
9 56 92.86
9 36 88.32
10 49 75.59
10 63 77.08
10 94 57.06
11 18 72.72
11 48 71.7
11 76 68.26
11 55 58.23
11 14 66.4
11 13 55.76
11 31 41.12
11 19 120.56
11 69 74.19
11 92 57.32
11 34 42.38
11 87 68.4
11 17 79
12 38 32.77
12 52 46.73
12 28 38.88
12 72 105.3
12 43 66.82
12 73 133.08
12 58 106.45
12 98 60.81
12 99 96.65
12 54 103.48
12 27 93.74
12 26 73.2
12 83 82.19
12 66 85.37
12 59 45.16
12 68 101.08
12 47 27.35
13 33 34.52
13 28 69.59
13 86 75.98
13 56 60.41
13 36 83.79
13 71 41.65
13 89 58.22
13 47 32.7
13 70 105.18
13 46 66.93
13 97 58.37
13 95 82.79
13 30 86.7
13 85 59.62
13 43 14.97
13 49 106.13
13 66 56.87
13 62 42.9
13 37 52.2
13 41 75.9
14 15 25.66
14 92 71.98
14 57 45.78
14 58 20.75
14 73 52.79
14 49 73.17
14 84 21.14
14 42 88.63
14 17 14.03
14 70 96.69
14 74 56.33
14 22 65.63
14 24 107.42
15 96 36.92
15 99 83.25
15 46 110.6
15 34 93.87
15 69 31.99
15 25 52.58
15 71 82.87
15 88 54.34
15 23 50.93
15 41 66.37
15 72 81.43
15 85 80.84
16 92 112.51
16 68 71.25
16 33 55.45
16 36 91.99
16 50 128.05
17 88 48.66
17 33 79.88
17 32 66.74
17 30 102.06
17 90 121.32
17 75 72.6
17 45 64.43
17 55 38.54
17 82 71.95
17 67 58.15
17 99 63.46
17 26 61.74
17 41 50.58
17 57 37.87
18 82 86.73
18 46 97.87
18 48 71.54
18 67 91.24
18 45 43.09
18 81 28.06
18 58 48.1
18 38 80.5
18 36 87.34
18 25 60.09
18 43 42.16
19 40 115.51
19 21 82.84
19 41 60.74
19 98 35.09
19 85 109.81
19 53 117.63
19 82 67.45
19 75 75.15
19 24 126.08
20 24 79.92
20 30 62.02
20 96 43.04
20 51 49.99
20 63 34.58
20 99 38.91
20 40 73.77
20 62 16.91
20 37 35.93
20 29 64.51
20 64 57.7
20 45 54.94
20 95 29.99
20 43 54.43
20 66 43.86
20 98 47.63
20 48 21.46
20 41 39.2
20 88 19.85
21 71 75.22
21 28 98.92
21 62 65.57
21 88 54.55
21 86 99.21
21 31 70.05
21 93 44.57
21 63 78.44
21 54 21.96
21 47 75.02
21 81 32.32
21 97 53.21
21 35 74.56
21 52 95.32
21 78 105.92
21 24 116.03
21 59 81.63
21 85 66.78
21 23 56.85
21 51 76.48
21 79 39.85
21 80 37.65
21 41 76.52
21 82 104.02
22 61 20.98
22 88 41.78
22 43 66.53
22 35 43.69
22 44 64.1
23 72 57.52
23 39 51.86
23 81 53.15
23 99 62.43
23 85 50.34
24 64 110.64
24 45 122.36
25 65 47.48
25 80 33.56
25 45 50.39
25 75 29.17
26 97 19.21
26 77 66.71
27 88 47.49
27 92 97.25
27 55 64.31
27 71 82.99
27 91 56.03
27 65 78.15
27 70 69.16
27 87 56.17
27 28 84.73
27 31 88.08
27 41 2.33
27 76 34.83
28 84 131.83
28 41 83.61
28 63 104.42
28 89 76.01
28 51 75.07
29 95 76.67
29 92 20.3
29 84 59.74
29 78 34.17
29 33 56.77
29 62 73.45
29 37 26.83
29 56 51.31
30 94 74.08
30 54 115.95
30 71 78.72
30 72 57.12
30 32 90.28
30 56 96.51
30 43 94.81
30 99 49.11
30 89 28.47
30 74 81.23
30 37 43.18
30 55 54.56
30 77 47.82
30 92 63.06
30 68 74.97
31 92 58.3
31 73 95.72
31 93 57.16
31 68 76
31 78 78.75
31 95 94.45
31 75 38.39
31 63 95.37
32 35 47.79
32 66 78.26
32 85 46.34
32 71 41.67
32 69 74.74
32 51 84.39
32 97 36.98
32 64 15.85
32 67 100.66
32 84 90.27
32 55 44.69
32 34 18.07
32 89 68.94
32 80 44.32
32 52 78.71
32 37 53.38
32 79 59.57
32 83 87.54
33 85 63.73
33 99 59.8
33 90 42.83
33 71 35.85
33 38 50.52
33 40 58.3
34 58 96.08
34 99 75.72
34 88 53.78
34 68 86.73
34 39 80.74
35 39 67.82
36 76 35.51
36 74 76.53
36 54 101.21
36 68 60.49
36 93 62.21
36 85 23.77
36 42 63.32
36 56 65.89
36 52 52.91
36 77 56.1
37 91 43.76
37 77 34.14
37 94 66.41
37 76 24.24
37 95 56.27
37 60 53.75
37 89 27.29
38 87 77.22
38 61 83.33
38 75 41.87
38 70 79.94
38 49 116.25
38 39 89.78
38 94 100.42
38 80 63.1
38 47 35.85
38 95 108.24
38 84 95.3
38 55 68.52
39 99 83.41
39 64 51.64
39 80 53.47
39 46 103.93
39 73 52.53
39 76 54.95
39 65 75.76
39 40 79.24
40 66 100.05
40 55 29.12
40 80 79.63
40 82 72.82
40 93 52.94
40 42 70.51
40 98 97.67
40 56 76.44
40 71 83.67
40 99 74.55
41 81 51.33
41 64 96.64
41 71 90.02
41 73 51.43
41 49 27.51
41 84 61.52
41 78 85.52
41 44 95.94
41 61 37.89
41 89 46.95
41 98 75.83
41 65 80.91
41 99 32.27
42 56 54.8
42 91 82.05
42 64 91.75
43 69 75.77
43 58 62.58
43 79 36.19
43 48 54.94
43 53 106.12
43 65 51.4
43 62 45.88
43 51 87.14
44 90 57.4
44 86 71.59
44 66 79.86
44 83 87.27
44 46 53.78
44 65 40.43
45 95 96.3
45 77 91.32
46 93 46.7
46 94 62.13
46 58 100.79
46 63 78.95
47 52 64.19
47 88 54.62
47 74 57.47
47 59 22.31
47 84 122.87
47 87 89.02
47 73 111.39
47 90 54.12
47 66 77.27
47 53 79.58
47 85 68.29
47 70 99.44
48 73 72
48 90 60.32
48 92 65.81
48 51 61.76
48 52 14.53
48 80 55.31
48 98 54.11
48 96 52.63
48 81 49.5
49 93 60.93
49 72 104.12
49 59 104.83
49 55 66.73
49 65 104.68
49 97 68.07
49 96 76.17
49 69 65.8
49 77 29.19
49 90 115.41
50 98 78.33
50 77 116.53
50 74 61.18
50 84 89.2
50 75 57.16
50 93 72.94
50 66 97.02
50 86 113.15
51 56 67.03
51 69 95.55
51 87 87.01
51 98 45.58
51 54 64.38
51 71 75.26
51 97 110.77
51 61 101.6
52 70 52.13
52 86 20.33
52 89 43.26
52 80 64.1
52 61 59.69
52 55 67.04
53 94 75.43
53 60 98.57
53 92 67.8
53 86 39.33
53 89 44.57
53 57 80.05
53 91 94.71
53 69 98.16
53 59 77.7
53 58 102.69
53 90 63.13
53 96 92.86
53 74 78.18
54 55 69.06
54 71 79.96
54 78 113.62
54 97 80.39
54 92 112.83
54 88 57.49
54 72 106.49
55 90 90.33
55 68 25.62
55 56 40.66
55 96 31.38
55 92 45.4
55 85 19.53
55 95 65.36
55 59 68.67
55 72 47.88
56 72 75.62
56 60 47.7
56 68 20.28
56 95 60.79
56 98 71.62
56 85 67.77
56 63 43.08
56 57 34.64
57 79 49.78
57 61 47.44
57 65 34.18
57 86 64.23
57 96 13.43
57 88 36.3
57 83 79.85
57 62 41.7
57 95 65.65
57 97 15.78
57 82 76.04
57 67 86.52
57 85 22.28
57 70 72.88
57 75 25.05
57 60 50.6
57 84 45.46
58 66 91.29
58 59 102.99
58 82 69.46
58 87 22.19
58 92 67.08
58 70 82.63
58 80 75.99
58 97 27.91
58 86 78.64
58 68 18.72
58 85 51.41
58 61 50.4
58 81 23.06
59 87 93.62
59 94 59.81
59 62 44.87
59 76 50.48
59 60 30.56
59 80 48.33
60 86 74.71
60 90 71.05
60 92 97.2
60 83 40.95
60 82 72.94
60 61 70.6
60 69 63.38
61 73 33.44
61 89 33.85
61 78 38.33
62 64 59.77
62 95 48.49
62 94 24.52
62 67 72.14
62 66 47.84
63 77 1.3
63 87 42.89
63 73 26.27
63 84 64.02
63 74 63.15
63 90 99.25
63 83 88.79
63 65 75.71
64 73 91.38
64 78 84.05
64 75 40.13
64 98 42.81
64 67 107.87
64 95 107.64
64 80 14.42
64 87 66.08
65 98 79.99
65 95 86.61
65 75 42.42
65 80 52.89
65 96 43.79
65 89 49.19
65 90 59.61
66 67 77.58
66 85 110.17
66 87 68.11
66 79 23.92
66 76 70.48
66 72 127.44
66 95 69.34
66 74 40.72
66 92 116.45
66 89 76.9
66 68 71.64
66 94 49.42
66 88 40.61
67 75 95.18
67 78 96.58
67 98 105.81
68 85 56.14
68 71 97.3
68 83 77.49
68 72 61.92
68 97 41.3
68 70 81.08
68 78 73.41
68 86 60.9
69 75 67.22
69 90 129.13
69 94 81.68
69 89 67.87
69 86 84.96
70 98 106.66
70 74 75.62
70 92 70.03
70 80 104.27
70 82 48.35
71 81 89.78
71 82 91.7
71 91 93.67
71 97 75.86
71 76 62.22
71 87 92.16
71 83 78.6
72 78 26.96
72 81 85.67
72 84 63.03
72 74 80.65
72 98 121.55
73 98 102.67
73 79 89.72
73 85 70.62
73 91 32.06
73 78 74.38
74 80 32
74 83 46.77
74 88 16.69
74 85 64.25
74 75 27.58
74 93 11.08
74 95 53.64
74 78 73.9
74 90 76.84
74 99 59.61
74 92 78.41
74 79 24.37
75 87 50.49
75 94 65.2
75 90 61.02
75 96 35.17
75 99 64.65
75 95 73.2
75 92 78.31
75 78 70.3
75 79 38.89
75 77 64.95
76 96 26.89
76 84 42.88
76 89 28.58
76 92 58.76
76 88 32.03
76 93 28.06
76 90 87.74
77 84 70.07
77 79 65.87
77 83 64.46
77 89 32.68
77 92 73.29
77 78 55.46
77 86 16.4
77 90 88.31
77 85 75.38
78 90 79.96
78 86 64.15
78 93 73.78
78 94 84.11
78 96 71.73
78 80 100.2
79 92 94.46
79 90 90.66
79 96 27.78
79 97 69.36
79 94 56.21
79 85 78.8
79 95 66.89
80 85 63.55
80 86 90.02
80 84 78.54
80 94 82.34
80 81 48.43
80 90 79.32
81 88 46.33
81 84 45.38
81 95 61.1
81 87 21.52
81 93 39.24
81 83 59.28
81 85 55.29
81 86 74.53
81 99 44.61
81 97 50.47
82 90 77.97
82 96 77.04
82 86 11.71
82 89 33.79
82 99 17.73
82 88 56.11
83 94 51.3
83 90 88.02
83 89 86.81
83 96 73
83 85 101.54
83 97 97.48
84 88 80.67
84 89 70.72
84 90 133.35
85 93 63.43
85 98 90.83
85 88 65.43
86 94 32.65
86 92 80.77
86 99 24.77
87 98 88.9
87 89 61.68
88 90 55.5
88 97 43.74
88 93 17.7
88 99 56.08
88 95 55.48
89 96 63.98
89 93 48.44
89 90 50.44
89 91 62.16
89 92 66.43
89 95 52.19
90 92 100.73
90 99 78.82
90 93 71.27
90 98 70.1
91 95 72.75
91 97 33.57
92 99 68.5
92 93 82.23
93 97 53.11
93 98 38.08
94 98 71.1
94 97 82.87
94 95 15.08
94 96 74.66
94 99 30.66
95 99 18.36
95 97 75.39
96 97 27.49
97 99 52.86
97 98 81.21
