0 135 62.38
0 11 76.39
0 131 52.54
0 67 40.98
0 51 65.38
0 132 71.33
0 187 41.15
0 29 49.57
0 190 60.47
0 85 39.71
0 96 30.18
0 89 43.89
1 122 90.89
1 120 4.38
1 45 67.55
1 104 85.09
1 179 33.48
1 191 110.37
2 128 11.98
2 176 73.92
2 69 65.51
2 55 56.93
2 35 90.47
2 81 16.95
2 90 66.6
2 68 77.43
2 196 30.35
2 135 74.25
2 27 39.03
2 28 84.03
2 189 27.68
2 195 88.07
2 106 94.26
2 91 90.11
2 161 57.01
2 138 44.68
2 47 32.42
2 74 96.44
2 172 74.14
2 156 86.65
2 147 17.79
2 182 10.77
2 99 58.23
2 152 35.75
2 133 80.19
2 141 60.22
2 20 90.15
2 77 79.29
3 99 41.05
3 63 87.27
3 166 73.69
3 76 52.79
3 32 26.1
3 73 17.74
3 158 44.81
3 171 18.75
3 107 57.14
3 137 68.59
3 161 39.51
3 68 86.98
3 39 21.22
3 75 85.54
3 179 92.09
3 25 44.43
3 81 70.94
3 18 35.72
3 121 33.06
3 80 47.7
3 145 74.27
3 128 67.54
3 120 68.14
3 131 80.22
3 142 79.34
3 69 24.09
3 181 91.11
3 170 51.74
3 100 70.78
3 189 61.35
3 124 57.97
3 143 54.03
3 193 69.96
3 74 26.84
3 54 86.59
4 46 115.28
4 45 108.33
4 149 69.92
4 147 67.21
4 10 52.58
4 91 72.52
4 13 74.05
4 182 68.24
4 189 60.34
4 58 70.13
4 88 80.99
4 109 75.79
4 63 38
4 106 79.24
4 33 79.09
4 134 57.2
4 142 32.79
4 167 43.48
4 108 37.74
4 41 112.64
4 36 60.38
4 159 78.79
4 193 49.42
4 5 22.65
4 93 99.25
4 42 55.42
4 163 101.1
5 148 40.59
5 165 54.01
5 17 78.78
5 21 61.75
5 160 107.58
5 34 22.6
5 47 57.74
5 178 109.76
5 153 95.36
6 58 71.52
6 173 16.46
6 136 93.35
6 158 90.55
6 169 57.97
6 146 58.83
6 110 57.65
6 56 59.76
6 194 45.65
6 66 64.57
7 89 73.72
7 24 105.38
7 197 102.66
7 120 46.02
7 77 89.61
7 12 83.03
7 47 49.71
7 83 41.96
7 60 54.03
7 66 64.51
8 31 32.68
8 64 108.79
8 85 60.28
8 137 37.8
8 47 57.43
8 124 104.35
8 180 47.99
8 160 70.66
8 72 95.44
9 69 61.2
9 36 61.45
9 191 63.45
9 31 42.24
9 111 45.83
9 91 28.22
9 22 6.28
9 85 32.51
9 121 25.91
10 128 111.98
10 156 25.4
10 51 92.14
10 50 105.04
10 66 88.17
10 160 81.82
10 35 40.71
10 58 41.43
10 48 18.05
10 164 91.14
10 39 76.97
10 181 42.15
10 167 35.37
10 74 102.38
10 130 90.93
10 153 108.34
10 101 58.28
10 24 80.4
10 140 78.93
10 166 69.62
10 73 68.59
11 182 94.89
11 64 74.59
11 82 67.49
11 112 48.05
11 88 87.01
11 73 84.19
11 173 52.32
11 167 36.87
11 23 129.22
11 90 38.9
11 63 43.13
11 148 58.98
11 181 43.52
11 186 37.89
11 98 59.1
11 124 67.51
11 176 106.04
11 70 103.06
12 177 35.05
12 85 24.99
12 97 38.92
12 129 48.02
12 149 46.17
12 173 31.88
12 29 73.49
12 72 94.01
12 163 80.59
12 115 73.54
13 178 56.99
13 56 94.97
13 27 77.26
13 135 93.57
13 175 71.26
13 100 85.78
13 136 97.26
13 121 74.53
13 115 100.52
13 61 81.85
13 180 93.82
13 78 91.73
13 143 53.16
13 23 108.69
13 128 79.68
13 141 40.14
13 60 72.77
13 117 53.66
13 114 103.75
13 124 32.28
13 170 75.94
13 140 45.84
13 52 64.3
13 43 50.94
13 59 77.61
13 134 72.9
13 198 21.91
14 113 66.83
14 187 29.23
14 172 58.32
14 18 48.04
14 175 100.56
14 91 61.95
15 100 100.28
15 134 95.07
15 76 68.08
15 156 81.09
15 126 87.88
15 24 130.08
15 70 91.2
15 110 98.83
15 184 38.88
15 46 68.9
15 91 92.56
15 44 92.27
15 80 57.36
15 176 23.32
15 85 97.19
15 121 45.59
15 112 133.47
15 32 27.36
15 74 5.2
15 170 71.42
15 122 109.18
15 183 19.21
15 144 83.13
15 130 80.61
15 188 118.72
15 103 23.2
15 145 84.33
15 148 145.23
15 198 75.62
15 178 48.54
15 193 96.84
15 119 100.31
15 49 91.63
15 48 97.47
16 34 57.88
16 194 63.38
16 158 96.19
16 132 87.97
16 143 85.45
16 139 18.22
16 160 85.45
16 40 28.65
16 84 107.54
16 28 106.73
16 21 27.74
16 177 12.55
16 185 60.57
16 126 35.81
16 72 72.22
16 77 80.45
16 168 73.11
16 35 92
16 107 84.1
16 39 68.15
16 97 53.97
16 173 48.5
16 81 22.31
17 136 72.59
17 111 22.98
17 66 84.82
17 140 74.24
17 177 93.06
17 141 45.39
17 79 95.04
17 100 56.21
18 38 34.3
18 60 51.36
18 35 58.97
18 21 72.45
18 117 39.52
18 73 40.71
18 133 67.17
18 192 76.91
18 122 91.11
18 80 67.85
18 52 41.86
18 24 80.25
18 109 67.34
18 176 73.59
18 182 57.58
18 194 38.52
18 44 70.18
18 43 34.65
18 33 88.84
18 139 70.37
18 173 57.82
18 23 82.34
18 172 76.52
18 77 82.92
19 135 93.43
19 167 49.11
19 117 73.58
19 152 84.27
19 182 62.11
19 170 52.12
19 185 53.93
19 111 97.73
19 90 72.02
19 42 97.55
20 168 82.02
20 37 74.22
20 85 83.35
20 33 93.56
20 27 73.56
20 128 100
20 38 36.23
20 146 23.56
20 179 104.89
20 63 77.84
20 116 77.37
20 141 22.11
20 41 73.65
20 21 77.45
20 159 61.75
20 186 28.35
20 118 83.71
20 100 55.78
21 43 54.08
21 70 38.52
21 133 82.87
21 113 28.38
21 101 13.67
21 54 76.89
21 50 47.66
21 104 34.62
21 42 60.68
21 125 13.01
21 29 55.21
21 142 41.25
21 103 98.63
21 91 67.05
21 47 24.83
21 31 22.63
21 64 80.74
21 112 57.34
21 173 16.94
21 116 54.34
21 28 66.41
21 66 45.22
21 184 54.92
21 126 53.45
21 138 34.71
21 153 40.62
21 83 94.58
21 48 78.74
22 27 54.14
22 178 60.81
22 120 35.77
22 74 89.59
22 51 68.11
22 47 32.57
22 79 50.07
22 124 38.12
22 70 86.37
22 76 69.24
22 66 56.87
22 168 71.03
22 194 43.03
22 75 37.05
22 55 41.61
22 45 71.91
22 146 49.48
22 67 36.96
22 43 24.4
22 114 64.72
22 179 50.38
23 158 46.37
23 94 85
23 153 60.61
23 46 71.9
23 151 89.65
23 26 84.75
23 42 79.65
23 108 112.5
23 103 45.42
23 101 82.89
24 105 54.34
24 158 130.23
24 41 106.77
24 173 54.32
24 155 73.21
24 197 69.92
24 93 104.94
24 198 59.68
24 161 100.05
24 33 76.63
24 104 92.32
24 154 70.29
25 190 66.99
25 73 54.08
25 35 61.57
25 158 61.5
25 142 104.42
25 176 55.44
25 163 66.17
25 59 109.36
25 84 98.53
25 120 77.1
25 100 108.36
26 153 25.84
26 110 88.52
26 84 123.95
26 132 74.11
26 50 29.47
26 40 29.53
26 170 29.16
26 160 66.15
26 143 91.66
26 123 88.4
26 126 53.3
26 44 64.14
26 152 15.27
26 97 63.3
26 141 66.29
26 150 72.79
27 166 74.88
27 29 8.65
27 70 63.5
27 146 85.33
27 112 96.71
27 144 59.75
27 140 86.07
27 60 46.89
27 174 95.23
27 102 73.21
27 127 30.32
27 55 22.39
27 191 100.16
27 36 63.91
27 151 60.4
28 174 132.54
28 141 80.78
28 70 39.99
28 115 18.68
28 103 99.71
28 85 84.06
28 98 105.75
28 183 57.69
28 73 58.77
28 50 85.12
29 45 29.28
29 153 35.32
29 146 106.24
29 107 87.42
29 175 97.23
29 137 81.86
29 145 92.4
29 30 93.49
29 127 44.4
29 86 102.32
29 47 35.12
29 105 45.44
29 32 30.8
29 156 84.71
29 161 59.93
29 190 88.06
29 103 65.69
29 60 61.28
29 129 33.34
29 67 70.12
29 90 101.63
29 177 62.08
29 92 56.75
29 155 49
29 75 75.77
29 187 57.34
29 69 45.73
29 130 94.45
30 102 24.35
30 184 60.7
30 128 77.98
30 139 49.12
30 121 36.75
30 33 42.32
31 145 16.49
31 114 45.56
31 74 88.18
31 121 26.33
31 35 69.78
31 142 11.77
31 157 39.94
31 89 69.64
31 160 59.9
31 198 70.53
31 116 69.37
31 115 29.34
31 103 102.05
31 185 40.8
31 52 94.84
31 69 64.06
31 154 69.71
31 43 52.21
31 159 26.44
32 84 127
32 122 110.79
32 129 67.33
32 37 81.21
32 135 17.94
32 182 64.55
32 56 64.53
32 140 72.76
32 89 96.67
32 115 72.21
32 99 65.35
32 181 113.8
32 88 94.84
32 90 114.7
32 144 81.74
32 185 43.46
32 92 66.14
32 82 52.17
32 194 91.55
32 96 55.26
32 58 77.68
32 59 102.24
32 47 61.63
32 66 31.09
32 152 69.25
32 164 66.54
32 143 79.24
32 198 84.77
32 121 56.73
32 95 91.74
32 189 62.4
32 187 49.1
33 176 83.5
33 195 112.38
33 145 51.64
33 170 38.54
33 117 64.94
33 95 75
33 147 32.79
33 151 13.15
33 126 62.95
33 103 113.35
33 59 43.19
33 93 55.25
33 177 80.43
33 193 34.24
33 192 61.78
33 79 32.75
33 194 75.26
33 85 55.33
33 109 38.92
33 171 93.41
33 143 104.6
34 170 56.94
34 194 54
34 64 91.99
34 185 90.66
34 136 110.82
35 174 89.55
35 169 82.74
35 39 58.82
35 123 28.86
35 77 65.51
35 142 74.4
35 161 61.28
35 144 103.68
35 132 76.02
35 73 36.16
35 93 45.46
35 71 45.27
35 141 47.27
35 111 42.89
35 83 36.39
36 179 94.9
36 136 69.76
36 141 67.59
36 121 45.7
36 159 23.56
36 152 94.39
36 100 11.36
36 107 96.42
36 176 74.32
36 45 62.2
36 173 33.05
36 41 50.82
36 72 72.36
36 83 103.95
36 195 111.6
36 97 48.33
36 181 59.93
36 111 73.98
36 175 52.68
36 94 6.24
36 130 53.81
36 85 45.51
36 162 39.37
36 43 68.34
36 196 59.84
37 141 57.55
37 185 86.61
37 58 65.66
37 109 84.73
37 132 67.73
37 93 83.12
37 124 33.96
37 50 59.38
37 66 72.46
38 94 99.57
38 160 33.7
38 89 90.79
38 168 113.06
38 156 57.11
38 72 10.11
38 197 101.43
38 83 36.81
38 111 80.58
38 62 102.15
38 46 75.83
38 199 56.09
38 91 47.34
38 114 79.88
38 131 58.41
38 68 83.7
38 74 55.61
38 43 44.02
38 48 74.42
38 129 81.53
38 53 40
38 113 54.98
38 181 96.85
39 46 92.62
39 96 60.72
39 112 104.36
39 151 90.03
39 84 99.57
39 80 55.75
39 130 80.92
39 69 66.22
39 121 58.91
39 104 83.41
39 145 91.67
39 129 59.2
39 79 64.81
40 189 60.57
40 47 39.42
40 53 34.67
40 193 78.08
40 91 73.64
40 84 102.47
40 170 46.72
40 92 54.64
40 82 76.5
40 161 84.81
40 75 44.1
40 194 60.04
40 175 72.92
40 80 77.03
40 139 39.76
41 93 12.95
41 167 82.2
41 80 27.66
41 163 24.84
41 142 71.51
41 86 86.38
41 150 11.72
41 153 49.87
41 63 88.72
41 106 104.01
41 62 54.96
41 190 20.29
41 100 55.91
41 160 21.73
41 121 34.87
41 171 56.17
41 192 43.32
41 131 98.02
41 112 98.27
41 141 59.33
41 94 58.53
41 157 96.14
41 64 70.89
41 123 60.5
41 87 54.94
41 99 74.38
42 179 63.86
42 163 79.92
42 93 67.8
42 81 74.6
42 173 41.57
42 177 46.4
42 151 76.1
42 153 81.09
43 180 57.09
43 183 37.99
43 72 26.02
43 159 43.65
43 113 38.87
43 191 85.45
43 142 72.74
43 107 43.59
43 164 82.81
43 126 39.41
43 92 60.15
43 134 65.5
43 133 59.41
43 61 53.83
43 97 55.41
43 68 69.85
43 127 45.8
43 143 59.04
43 63 70.25
43 176 55.42
43 139 48.59
43 172 60.81
44 178 101.04
44 180 24.14
44 111 55.16
44 196 52.85
45 93 64.45
45 49 115.57
45 186 97.39
45 110 84.65
45 55 49.83
45 181 104.91
45 199 35.17
45 178 91.59
45 121 63.79
45 124 113.32
45 140 102.83
45 80 86.56
46 193 79.88
46 128 103.81
46 154 106.15
46 111 95.99
46 185 59.34
46 60 53.52
46 163 68.03
46 104 104.9
46 143 89.96
46 134 70.72
46 137 54.19
46 187 69.39
46 130 9.22
46 55 89.12
46 54 134.72
46 53 104.61
46 84 87.22
46 90 106.28
46 195 111.67
47 49 67.17
47 79 20.45
47 176 47.35
47 185 23.27
47 144 46.67
47 61 36.37
47 182 20.23
47 59 44.32
47 123 64.9
47 194 39.29
47 146 63.72
47 132 79.65
48 110 88.63
48 191 17.9
48 109 84.18
48 129 105.06
48 68 51.76
48 127 85.88
48 69 107.52
48 142 81.6
48 196 115.62
48 158 67.2
48 146 12.36
48 177 90.03
48 172 66.58
48 171 99.47
48 165 80.3
48 59 86.91
48 51 85.53
48 95 52.63
48 91 37.37
48 181 64.21
49 85 71.22
49 148 76.46
49 111 35.65
49 93 52.76
49 58 15.61
49 98 65.19
49 139 93.68
49 150 57.78
49 138 68.41
49 109 67.84
50 51 59.98
50 163 24.49
50 120 50.54
50 188 89.4
50 68 78.35
50 117 76.87
50 193 75.99
50 190 80.63
50 144 44.93
50 101 46.5
51 119 94.07
51 111 97.19
51 62 31.52
51 85 69.92
51 81 79.2
51 165 45.86
51 197 71.4
51 72 68.36
51 70 15.71
51 138 45.81
51 187 71.39
51 196 55.72
51 77 18.23
51 61 63.62
51 157 100.21
52 183 50.16
52 165 97.35
52 154 32.94
52 90 129.38
52 166 94.69
52 187 34.62
52 99 39.76
52 55 24.67
52 193 94.76
52 159 72.6
52 97 93.29
52 100 96.09
52 73 47.7
52 180 83.09
52 191 89.43
52 146 70.22
52 190 81.66
52 136 65.79
52 119 97.56
52 188 119.54
53 178 34.28
53 179 52.61
53 88 61.06
53 170 70.04
53 166 116.21
53 157 81.81
53 190 86.2
53 136 77.86
53 103 52.78
53 63 76
54 167 93.95
54 149 68.85
54 120 29.3
54 68 80.94
54 166 135.4
54 85 57.36
54 184 90.06
54 80 106.25
54 83 90.8
54 140 79.39
54 65 111.34
54 97 76.92
54 61 69.47
54 58 79.59
54 118 51.67
54 190 120.36
54 69 109.09
54 199 81.61
55 96 47.81
55 83 84.61
55 62 102.3
55 107 71.23
55 143 68.09
55 191 100.03
55 98 57.89
55 119 71.54
55 137 79.42
55 199 30.79
55 188 102.66
55 56 77.06
55 102 96
56 109 11.03
56 147 51.16
56 114 17.8
56 116 88.58
56 128 71.9
56 168 83.64
56 69 42.02
56 174 111.93
56 191 47.48
56 59 73.03
56 76 98.86
57 70 57.6
57 128 64.9
57 84 79.62
57 59 26.7
57 142 10.86
57 166 60.52
58 189 77.04
58 116 91.27
58 85 72.02
58 157 80.97
58 172 63.01
58 185 52.71
58 159 72.62
58 95 58.76
58 101 52.94
58 99 44.53
58 193 69.97
58 155 82.22
58 146 12.22
58 107 27.64
58 152 103.08
58 117 38.86
58 62 89.78
58 127 66.1
58 94 76.84
59 149 30.1
59 81 65.41
59 157 33.6
59 198 86.14
59 161 85.18
59 99 65.45
59 119 36.75
59 102 39.44
59 70 64.61
59 152 59.65
59 182 47.99
59 98 71.7
60 187 40.41
60 62 51.52
60 135 63.54
60 61 70.46
60 197 69.44
60 104 79.34
60 188 69.42
60 121 23.88
60 176 50.02
60 182 59.98
60 76 76.93
60 161 33.03
60 155 47.45
60 146 37.79
60 174 93.9
61 182 29.3
61 146 86.74
61 127 51.89
61 102 40.42
61 135 94.26
61 128 25.39
61 117 71.01
61 172 71.29
61 197 49.88
62 73 66.66
62 91 96.12
62 121 42.8
62 89 125.35
62 163 65.8
62 176 81.09
63 101 32.38
63 113 66.05
63 146 73.94
63 197 21.59
63 80 85.41
63 70 64.24
63 196 68.41
63 172 68.69
63 90 11.41
63 128 74.66
63 158 101.23
63 191 82.74
63 77 70.79
63 89 58.98
63 92 44.19
63 192 102.79
64 71 3.63
64 80 61.77
64 192 66.6
65 158 57.35
65 187 53.07
65 88 98.23
65 179 97.02
65 194 83.74
65 151 84.28
65 140 58.81
65 66 35.88
65 123 47.1
65 122 114.5
65 105 66.51
65 78 36.62
66 98 60.83
66 112 103.94
66 135 26.42
66 71 64.69
66 190 55.18
66 120 57.77
66 155 30.71
66 113 21.52
66 170 44.85
66 142 75.7
66 76 87.37
66 80 46.25
66 69 24.35
66 175 92.79
66 96 30.41
67 101 75.55
67 94 100.3
67 71 46.57
67 148 114.42
67 138 45.52
67 185 74.07
67 169 94.22
67 82 70.25
67 126 36.43
67 175 90.16
67 124 26.1
67 151 86.78
67 162 83.86
67 140 37.59
67 73 72.92
68 192 97.67
68 160 85.58
68 93 72.19
68 108 23.46
68 110 83.6
68 114 61.19
68 181 18.97
68 163 86.76
68 187 74.84
69 189 54.39
69 91 99.97
69 131 106.13
69 160 30.33
69 172 39.34
69 186 88.96
69 184 7.63
69 102 78.82
69 114 57.71
69 136 42.37
69 86 93.32
69 187 48.74
69 138 43.53
69 170 59.4
69 105 57.67
69 115 52.98
69 178 80.93
70 182 63.13
70 160 59.84
71 89 79.01
71 88 91.24
71 80 52.31
71 197 98.24
71 84 63.98
71 170 71.47
71 90 96.74
72 151 90.77
72 116 77.07
72 94 76.03
72 105 55.85
72 163 46.88
72 168 91.11
72 198 36.54
73 159 38.74
73 119 83.97
73 106 68.72
73 177 75.83
73 109 32.8
73 173 42.68
73 132 55.7
73 165 55.58
73 101 48.34
73 198 56.6
73 82 10.75
73 111 57.44
73 146 42.07
73 97 51.3
73 129 72.27
73 185 25.5
73 94 47.81
73 190 25.42
73 124 55.63
73 118 78.21
74 119 110.56
74 105 70.23
74 85 91.01
74 177 103.23
74 120 91.45
74 140 78.44
74 94 105.55
74 184 49.86
74 156 92.46
74 100 88.46
74 187 52.78
74 152 92.51
74 142 106.73
74 166 87.84
74 88 97.29
75 115 92.83
75 76 95.17
75 147 58.22
75 125 49.78
75 198 60.56
75 186 65.13
75 199 81.97
75 197 83.17
75 151 62.11
75 96 44.8
75 177 10.09
75 182 46.88
75 136 113.01
76 149 89.16
76 177 81.73
77 166 9.95
77 148 83.63
77 89 105.98
77 88 93.49
77 168 92.25
77 174 120.54
77 164 35.06
77 162 15.23
77 121 41.23
78 164 69.29
78 119 81.6
78 101 55.94
78 146 97.33
78 98 75.06
78 108 84.41
78 120 67.84
78 181 104.47
78 126 77.77
78 84 128.84
78 82 58.92
78 109 46.32
78 105 48.78
78 145 63.37
78 121 35.26
78 175 92.2
78 127 40.93
78 176 36.96
78 190 58.66
78 80 62.35
78 135 19.82
78 111 105.9
78 124 91.87
78 125 54.81
78 189 59.04
78 118 81.28
78 161 24.6
79 100 38.76
79 95 73.63
79 173 33.8
79 165 50.93
79 170 16.28
79 112 75.21
79 187 74.28
79 182 4.08
79 143 83.29
79 94 61.04
79 109 43.73
79 169 49.89
79 96 19
79 162 66.39
79 135 73.33
79 113 33.73
79 149 3.69
80 124 69.74
80 107 66.19
80 148 98.26
80 157 93.81
80 198 68.01
80 166 28.21
80 110 56.2
81 191 116.59
82 97 47.27
82 181 66.72
82 99 38.93
82 155 49.42
82 112 71.54
82 90 61.18
82 144 68.42
82 110 74.45
82 93 25.11
82 98 65.61
82 151 72.41
82 94 52.6
82 117 41.24
82 159 25.37
82 199 80.56
82 141 18.97
82 138 39.64
82 127 45.29
82 107 42.44
82 147 42.75
82 179 94.38
83 138 66.84
83 186 44.45
83 195 52.36
83 165 91.69
83 170 90.18
83 177 84.62
83 99 59.81
83 167 73.83
83 146 34.58
83 94 99.18
83 139 94.35
83 190 71.86
84 94 74.81
84 98 83.65
84 96 123.72
84 134 75.69
84 160 89.87
84 133 113.76
84 137 117.12
84 187 82.3
84 93 83.14
84 184 115.29
84 166 85.81
84 175 80.45
84 185 91.2
84 121 80.3
84 149 93.43
84 102 87.53
84 130 98.92
84 188 76.98
85 190 90.99
85 89 40.85
85 134 49.51
85 138 38.19
85 124 86.18
85 191 83.4
85 153 60.41
85 164 84.26
85 154 59.23
85 159 53.38
85 96 40.05
85 98 56.54
85 189 17.62
85 139 19.44
85 173 32.88
86 156 74.33
86 133 118.01
86 164 95.95
86 126 65.07
86 99 87.1
86 177 72.78
86 129 93.07
86 199 107.07
86 110 63.51
86 187 103.14
87 181 102.52
87 111 74.18
87 190 39.68
87 137 87.3
87 122 93
87 165 99.38
87 151 93.11
87 160 23.22
88 102 85.34
88 116 10.06
88 176 88.41
88 147 47.22
88 112 82.25
88 92 53.78
88 145 83.07
88 151 47.01
88 133 96.87
88 198 57.53
88 168 81.51
88 101 67.27
88 143 95.71
88 169 74.59
88 137 86.03
88 167 84.12
88 132 93.51
88 152 25.93
88 146 87.86
88 184 78.56
88 121 68.44
88 122 81.49
89 119 34.98
89 112 80.54
89 182 47.77
89 165 90
89 152 61.99
89 193 76.14
89 115 96.86
89 171 112.86
89 99 30.32
89 102 85.27
89 106 50.48
89 153 78.39
89 180 75.29
89 161 101.66
89 147 66.53
89 162 94.53
90 173 36.8
90 187 109.08
90 144 95.61
90 160 112.01
90 99 85.12
90 164 105.08
90 96 77.45
90 156 72.62
90 165 44.15
90 123 92.58
90 162 88.24
90 131 94.78
90 183 98.52
90 129 101.82
90 181 12.52
90 146 77.11
91 113 78.49
91 102 77.63
91 149 72.57
91 156 9.03
91 166 91.83
91 194 18.76
91 136 72.69
91 123 43.35
91 155 75.67
92 123 81.75
92 179 47.95
92 160 90.36
92 198 82.56
92 146 94.64
92 159 48.32
92 199 58.67
92 172 55.05
92 161 53.42
92 131 89.92
92 94 53.1
92 136 93.68
92 100 40.06
92 155 18.48
92 169 46.8
92 132 105.84
92 114 66.48
92 119 34.67
93 131 82.36
93 123 44.92
93 142 76.39
93 116 81.33
93 127 24.8
93 112 97.39
93 119 100.01
93 155 46.57
93 162 16.54
93 121 21.54
93 195 90.99
93 148 104.24
93 171 57.41
93 118 88.78
93 190 5
93 152 101.09
93 182 64.73
93 110 46.91
93 191 53.78
93 172 7.63
93 124 85.53
93 104 68.36
93 141 51.42
94 177 90.96
94 198 89.13
94 187 84.25
94 113 52.26
94 172 48.34
94 141 62.08
94 144 97.86
94 180 46.54
94 156 58.7
94 136 78.71
94 134 18.69
94 145 18.63
94 110 27.5
94 164 69.85
94 125 31.38
94 185 37.83
94 173 29.9
94 107 88.21
95 184 67.19
95 135 94.29
95 103 101.64
95 166 26.11
95 177 93.06
95 167 36.15
95 125 57.25
95 199 102.73
95 153 99.88
95 155 55.98
95 178 85.06
95 124 89.25
95 106 76.28
95 183 65.32
95 116 107.53
95 180 58.12
95 195 101.58
95 118 81.54
95 133 90.91
95 191 23.52
95 105 68.89
96 188 87.24
96 111 87.87
96 117 70.24
96 141 57.36
96 143 86.51
96 169 61.44
96 148 96.13
96 160 70.12
96 103 81.93
96 138 21.24
96 178 80.2
96 182 10.97
96 140 82.2
96 126 48.19
96 105 28.74
97 155 42.93
97 198 49.06
97 120 57.47
97 183 75.47
97 130 77.71
98 129 45.83
98 170 52.79
98 113 55.43
98 186 53.59
98 191 88.5
98 152 67.34
98 188 64.43
98 175 65.26
98 154 26.98
98 121 65.46
98 135 94.34
98 193 72.82
98 140 51.94
99 104 73.57
99 117 39.41
99 142 66.04
99 143 38.48
99 106 38.25
99 120 28.44
99 145 70.34
99 171 62.02
99 139 56.96
99 101 40.33
99 124 48.59
99 166 98.26
99 189 51.96
99 156 34.5
99 150 82.05
99 103 57.83
99 108 65.71
99 152 57.15
99 132 68.54
99 112 87.95
99 100 71.57
99 121 50.19
99 115 70.61
99 170 56.56
99 136 69.68
99 160 70.16
100 113 53.02
100 182 48.83
100 155 42.81
100 143 84.6
100 103 101.14
100 127 25.61
100 144 74.51
100 124 89.11
100 183 75.98
100 165 5.87
100 170 44.19
101 145 27.58
101 109 16.63
102 119 59.98
102 172 47.05
102 114 53.08
102 174 110.97
102 136 85.57
102 111 69.74
102 163 69.85
102 186 58.45
102 141 62.4
102 169 29.24
102 129 87.95
102 135 110.71
102 137 36.21
102 150 65.74
102 196 61.5
102 142 27.62
103 115 106.35
103 197 129.31
103 160 40.11
103 144 89.81
103 155 87.21
103 131 79.04
103 150 73.47
103 117 75.62
103 120 68.84
103 141 45.28
103 128 105.91
103 106 71.11
103 186 74.69
103 156 67.55
103 134 96.99
103 123 52.74
103 126 85.28
104 128 25.56
104 193 44.71
104 148 99.49
104 127 50.15
104 118 54.24
104 180 19.76
104 145 66.18
104 157 79.95
105 189 39.76
105 160 65.1
105 140 58.59
105 129 29.6
105 157 56.11
105 174 68.5
105 110 77.93
105 188 78.32
105 182 28.68
105 107 67.88
105 125 36.88
106 109 75.3
106 143 22.63
106 171 73.08
107 136 66.35
107 112 110.19
107 123 34.15
107 183 59.83
107 127 77.45
107 176 63.46
107 151 107.44
107 174 49.19
107 132 68.57
107 111 62.59
107 137 112.92
107 191 62.03
107 154 47.22
107 199 96.79
107 108 80.46
107 173 76.65
107 197 106.76
107 166 84.51
107 169 92.32
107 179 102.34
107 160 51.47
107 168 102.49
107 124 20.88
107 161 83.23
107 198 35.4
108 138 68.67
108 194 37.35
108 123 77.48
108 139 56.21
108 168 27.96
108 175 24.01
108 156 51.79
108 169 44.36
109 155 23.75
109 141 49.26
109 121 13.37
109 157 64.53
110 132 116.57
110 161 54.5
110 177 111.47
110 115 26.48
110 142 68.65
110 171 107.22
110 134 38.14
110 145 47.58
111 159 74.49
111 163 80.8
111 195 84.48
111 128 103.61
112 136 114.23
112 134 31.68
112 169 76.61
112 177 79.4
112 135 133.41
112 160 111.89
112 161 95.71
112 124 108.09
112 189 54.69
112 186 59.56
113 116 46.83
113 134 49.61
113 174 80.4
113 142 60.55
113 180 22.38
113 137 56.77
113 186 66.91
113 115 57.51
113 114 62.66
113 190 52.88
113 188 78.32
113 117 68.65
113 120 49.95
114 162 19.2
114 176 53.1
114 165 57.02
114 126 77.65
115 169 31.75
115 166 12.63
115 161 36.53
115 185 39.26
115 116 100.86
115 139 55.5
115 130 26.42
115 186 57.58
115 125 45.52
115 199 74.2
115 137 29.99
115 124 105.4
115 148 79.53
115 118 74.15
115 173 53.41
116 119 33.71
116 181 68.96
116 178 81.89
116 124 63.08
116 161 83.25
116 143 84.39
116 168 100.99
116 127 74.59
116 130 113.21
116 160 91.99
116 173 59.75
116 190 89.25
116 152 19.09
116 144 16.51
116 172 89.86
116 136 94.87
116 122 75.99
116 132 78.62
116 191 112.74
117 122 59.99
117 161 67.12
117 180 59.62
117 151 70.12
117 198 51.04
117 136 61.64
118 132 116.32
118 122 37.39
118 134 42.17
118 173 32.58
118 143 78.97
118 183 97.76
118 144 44.53
118 149 36.18
118 119 17.63
118 164 94.21
118 179 46.93
118 128 49.87
118 190 91.62
118 182 35.17
118 163 64.69
119 143 90.71
119 198 63.74
119 155 66.39
119 146 93.36
119 153 67.9
119 142 61.65
119 129 46.24
120 184 62.25
120 151 68.77
120 191 96.74
120 182 38.72
120 167 71.39
120 199 72.29
121 171 53.08
121 168 80.65
121 181 60.69
121 125 24.57
121 197 55.39
121 129 68.53
121 143 48.99
121 134 45.28
121 166 49.62
121 142 53.4
121 189 45.58
121 159 13.34
121 161 16.6
121 158 37.19
122 184 92.56
122 165 23.62
122 173 31.08
122 189 39.06
123 161 45.19
123 186 47.39
123 153 95.61
123 152 96.7
123 158 30.8
123 189 74.31
123 180 80.49
123 164 45.89
123 194 42.14
123 177 95.03
123 141 41.31
123 165 84.41
123 170 77.57
123 148 105.37
123 178 38.74
123 144 94.52
123 139 75.81
123 129 90.17
124 199 79.23
125 191 69.72
125 149 15.92
125 128 43.46
125 173 16.77
125 144 60.8
125 189 14.76
125 133 94.39
125 179 68.7
125 157 50.55
125 164 74.26
125 161 51.91
125 148 64.32
125 176 78.74
125 136 66.86
125 158 69.69
125 197 46.94
125 178 81
125 126 31.66
125 181 43.94
125 188 52.86
125 150 73.2
125 195 79.21
126 198 33.85
126 137 69.39
126 155 55.54
126 191 72.9
126 140 74.61
126 145 40.94
126 135 84.24
126 168 56.36
126 167 47.41
126 189 49.81
126 169 73.56
126 139 61.77
126 173 34.05
127 180 17.44
127 183 39.69
127 145 37.59
127 164 40.42
127 146 73.23
127 174 105
127 166 43.99
127 176 45.26
127 193 42.45
127 199 54.16
127 167 51.36
127 173 49.76
127 159 7.14
127 171 60.46
127 168 86.75
127 177 64.12
128 162 71.74
128 144 45.23
128 151 27.84
128 152 25.46
128 155 35.33
128 153 25.57
128 176 86.02
128 143 93.9
128 193 64.01
128 175 78.93
128 147 35.03
128 170 21.02
128 149 22.07
128 180 22.9
128 158 95.9
128 130 95.47
128 161 52.96
128 159 49.78
129 151 45.81
129 183 66.05
129 178 74.94
129 187 64.76
129 184 49.91
129 155 58.28
129 182 34.66
129 131 70.65
129 139 32.72
129 169 71.18
129 171 70.13
129 194 70.9
129 162 75.21
129 150 98.08
130 154 103.96
130 190 13.99
131 164 105.22
131 169 105.33
131 166 118.13
131 183 78.61
131 177 67.27
131 147 69.93
132 188 130.43
132 149 86.7
132 158 57.9
132 137 106.99
132 146 85.23
132 183 38.39
132 164 69.14
132 145 108.52
132 136 67.78
132 191 110.04
132 193 108.09
132 168 136.85
132 169 88.99
133 186 85.61
133 199 39.63
133 193 94.82
133 173 96.26
133 142 102.45
133 164 69.95
133 198 64.16
133 195 68.84
133 185 56.44
133 175 128.39
133 137 91.24
133 178 47.94
133 136 54.48
133 149 73.07
133 191 100.69
133 170 82.8
134 176 75.68
134 185 32.9
134 175 24.35
134 152 78.68
134 183 67.33
134 142 18.42
134 149 38.88
134 195 90.1
134 173 15.01
134 199 75.25
134 190 56.13
134 171 99.39
134 179 68.87
134 191 65.21
134 137 48.28
135 142 115.32
135 144 87.84
135 199 12.17
135 136 65.73
135 192 23.86
135 193 93.25
136 178 69.35
136 144 102.41
136 182 101.08
136 177 113.53
136 138 62.98
136 148 126.98
136 142 79.95
136 168 111.74
136 153 77.82
136 188 107.56
136 174 101.98
136 140 80.4
136 194 57.47
136 167 82.13
137 188 83.99
137 174 135.66
137 176 71.88
137 177 88.84
137 179 96.77
137 152 79.21
137 144 104.63
138 147 30.8
138 172 56.49
138 157 75.9
138 148 93.6
138 171 40.31
138 156 55.51
138 163 37.07
138 183 38.57
138 193 53.62
138 159 47.09
138 180 52
138 177 41.85
139 186 67.89
139 187 83.81
139 199 54.25
139 176 64.65
139 180 20.21
139 184 52.03
139 146 82.75
140 165 118.58
140 173 95.38
140 151 106.77
140 193 110.3
140 195 9.01
140 145 93.12
140 184 86.39
140 186 70.59
140 160 72.17
140 155 103.02
140 156 58.56
140 169 120.88
141 159 41.21
141 169 75.84
141 189 61.21
141 197 76.4
142 199 91.77
142 195 108.46
142 179 70.93
142 193 19.43
142 147 35.41
142 150 78.04
142 178 111.86
142 163 71.04
142 143 80.35
142 156 57
142 171 113.21
142 170 42.31
142 185 52.17
142 160 82.76
143 173 68.6
143 190 65.54
143 174 46.68
143 148 105
143 158 60.79
143 199 93.16
143 156 21.84
143 152 105.71
143 172 61.39
143 165 91.03
143 180 94.35
143 187 38.22
144 157 81.12
144 194 83.11
144 183 80.99
144 156 75.88
144 160 95.56
144 148 105.51
144 155 62.63
144 186 79.21
145 194 39.51
145 182 66.5
145 150 53.23
146 151 95.96
146 184 85.16
146 161 72.6
146 198 56.35
147 189 14.08
147 182 29.83
147 174 76.85
147 175 53.84
147 166 54.51
147 162 38.3
147 178 77.96
147 185 29.28
148 186 77.55
148 164 109.72
148 165 45.84
148 189 60.47
149 153 37.64
149 195 76.21
149 193 30.75
149 182 12.15
149 177 40.85
149 166 75.24
150 173 79.45
150 196 83.09
150 174 115.57
150 189 63.95
150 161 26.91
150 167 73.66
150 168 105.77
150 159 37.28
150 194 68.87
150 188 115.08
150 166 33.12
151 172 66.77
151 192 67.24
151 188 73.78
151 156 83.97
151 184 58.25
152 181 99.98
152 170 48.33
152 167 98.89
152 185 70.48
152 155 53.72
152 161 75.51
152 164 119.75
152 158 112.46
152 163 60.18
152 197 97.59
152 186 93.22
152 184 62.06
152 171 79.32
152 176 90.49
152 169 69.69
152 165 83.49
152 156 103.27
152 172 95.26
152 193 66.8
152 177 43.93
153 195 86.9
153 168 106.63
154 173 71.7
154 185 60.21
154 175 95.86
154 162 81.78
155 189 23.25
155 184 26.81
155 178 76.57
155 157 81.33
156 179 80.84
156 168 53.77
156 176 78.14
156 190 63.05
156 191 26.2
156 164 58.01
156 197 83.42
157 185 91.06
157 177 68.02
157 186 60.46
157 160 105.69
157 184 95.76
157 180 66.88
158 178 63.46
158 159 49.9
158 173 70.99
158 199 60.24
158 168 101.53
158 187 48.87
158 179 113.15
158 190 9.95
158 185 40.61
158 192 70.47
158 180 73.79
158 166 53.9
159 162 10.88
159 168 81.27
159 196 42.01
159 183 41.28
159 179 88.45
159 199 70.27
159 189 44.1
159 166 37.63
159 193 31.54
159 185 23.84
160 175 110.36
160 176 4.14
160 191 61.3
160 163 40.31
161 181 95.32
161 190 28.98
161 199 64.32
161 198 86.38
161 162 12.81
161 170 50.33
161 168 97.83
161 193 60.65
161 182 65.17
161 184 27.16
161 163 15.71
161 171 47.83
161 176 46.68
161 180 40.88
161 187 50.24
162 197 74.33
162 185 16.08
162 164 22
162 168 80.9
162 191 56.73
162 189 50.62
162 179 106.36
162 192 46.53
162 169 33.48
163 187 50.06
163 177 69.1
163 193 63.31
163 176 24.74
163 184 3.66
163 180 40.81
163 185 22.43
163 168 94.34
163 178 73.69
163 183 38.8
163 190 39.84
163 191 90.71
163 171 53.38
163 166 59.48
163 172 41.21
163 169 41.27
164 198 85.07
164 183 35.73
164 179 121.3
164 170 89.68
164 169 50.35
164 185 34.39
164 190 9.94
164 191 62.11
164 174 124.57
165 184 72.13
165 179 86.21
165 170 36.85
165 187 81.76
165 192 77.92
166 190 35.59
166 170 82.63
166 185 37.15
166 183 53.01
166 181 79.69
166 169 44.7
166 168 77.32
167 177 81.26
167 181 40.1
167 178 93.31
167 188 35.18
167 199 111.6
168 185 87.45
168 198 82.64
168 199 126.89
168 193 53.76
168 187 100.25
168 197 38.16
168 176 111.59
168 192 127.15
169 187 75.2
169 183 64.46
170 183 70.41
170 179 45.59
170 181 48.88
170 197 46.69
170 190 75.17
170 187 84.86
171 188 129.74
171 176 6.87
171 197 108.48
171 185 58.46
171 182 75.61
171 184 49.4
171 195 59.21
171 179 104.45
171 178 37.38
171 174 83.03
171 190 53.35
172 185 8.1
172 193 51.6
172 174 106.19
172 184 32.79
172 177 82.36
173 191 67.28
173 175 23.81
173 187 60.07
173 178 85.86
173 199 76.29
174 195 32.2
174 182 93.11
175 185 66.52
175 181 11.29
175 182 65.11
176 191 75.23
176 182 67.07
176 199 44.79
176 195 75.11
176 197 111.32
177 195 73.3
177 190 109.03
177 182 24.18
177 191 105.92
178 185 74.42
178 191 93.44
178 197 120.01
178 187 20.52
178 198 43.81
178 180 88.1
179 183 94.93
179 192 77.9
179 196 69.03
179 189 66.07
179 187 84.53
179 191 128.79
179 188 67.59
179 181 67.95
180 187 78.4
180 183 64.48
180 194 71.56
180 184 35.68
180 186 81.58
180 195 99.6
180 193 35.96
181 199 115.88
181 195 90.32
181 187 89.77
182 191 100.36
182 198 72.79
182 195 75.39
182 190 75.58
182 188 71.28
183 195 68.32
183 188 110.89
183 196 76.13
184 185 24.49
185 189 53.3
185 186 49.75
186 193 59.81
186 196 88.3
186 192 93.58
186 197 60.31
186 188 54.8
187 195 53.29
187 191 60.96
187 194 45.38
187 199 66.49
187 198 34.6
187 188 103.29
188 199 120.29
188 194 47.88
188 192 124.81
189 195 97.49
189 197 34.19
189 198 77.5
189 190 75.95
189 196 29.08
190 191 47.03
190 199 64.72
190 194 62.12
190 196 75.29
191 192 105.73
191 197 68.77
191 198 80.45
191 196 105.47
192 194 89.55
192 198 82.26
192 193 72.41
192 196 44.79
193 196 51.48
193 197 13.42
194 199 98.14
195 197 122.31
195 196 103.03
196 199 46.06
197 198 85.51
197 199 112.03
198 199 79.61
