0 39 39.27
0 70 120.69
0 161 92.29
0 140 100.19
0 83 98.99
0 181 58.1
0 18 107.75
0 144 79.86
0 178 29.75
0 124 77.05
0 183 84.81
1 15 53.98
1 193 43.77
1 59 55.05
1 34 85.2
1 154 80.94
1 118 47.47
1 6 50.12
1 27 5.64
1 22 75.53
1 176 42.44
1 167 69.83
1 174 71.06
1 7 31.1
1 107 65.39
2 78 95.6
2 50 75.76
2 128 66.91
2 119 39.66
2 39 31.21
2 20 63.98
2 46 129.51
3 121 55.48
3 67 50.32
3 13 73.35
3 90 43.48
3 36 60.67
3 88 99.83
4 16 43.95
4 164 30.54
4 197 48.08
4 14 66.79
4 151 87.63
4 26 113.99
4 192 61.94
4 89 83.3
4 81 38.29
4 87 36.49
4 113 68.37
4 190 64.64
4 146 78.86
5 40 42.25
5 98 61.43
5 84 77.67
5 80 29.25
5 161 56.88
5 18 80.72
5 23 114.02
5 22 102.04
5 21 76.31
5 72 84.53
5 122 89.22
5 30 65.21
5 107 83.29
5 147 63.87
5 171 29.25
6 198 77.04
6 75 25.81
6 138 73.57
6 40 44.52
6 191 25.6
6 114 54.88
6 190 46.6
6 104 78.17
6 108 68.46
6 178 77.84
6 43 70.01
6 174 49.15
6 194 51.7
6 113 55.2
6 160 31.18
6 142 37.4
6 37 46
6 123 57.53
7 38 83.73
7 21 78.11
7 172 95.26
7 97 97.31
7 47 71.9
7 187 72.53
7 11 76.6
7 144 62.58
7 175 69.37
7 43 21.31
7 108 63.99
7 155 59.1
7 93 33.14
7 8 60.37
7 102 95.41
7 18 80.7
7 63 34.79
7 15 53.92
7 72 56.72
7 198 72.1
7 148 81.8
7 52 59.41
7 185 89.8
7 90 60.14
7 115 57.02
7 156 109.67
7 112 49.65
8 40 57.96
8 145 96.3
8 130 99.12
8 115 61.43
8 78 35.24
8 58 16.45
8 73 42.62
8 118 84.49
8 110 28.88
8 129 45.18
8 18 59.86
9 69 59.93
9 100 83.36
9 181 105.29
9 155 54.74
9 157 61.78
9 164 41.46
9 183 96.13
9 115 72.17
9 82 106.41
9 81 29.29
9 42 84.53
9 143 86.7
10 46 84.96
10 107 86.68
10 191 68.05
10 97 99.12
10 49 79.59
10 126 51.06
10 197 45.07
10 100 57.26
10 34 54.5
10 178 70.73
10 198 32.66
10 48 34.93
10 90 86.95
10 77 100.04
10 140 93.42
10 99 43.67
10 117 68.92
10 172 84.95
10 45 99.8
10 113 74.96
10 74 55.81
10 187 80.11
10 88 66.03
10 66 43.45
11 116 64.95
11 72 17.52
11 92 60.25
11 153 86.01
11 172 66.72
11 29 58.21
11 85 89.37
11 23 94.2
11 175 83.67
11 128 54.11
11 101 78.53
11 181 62.14
11 16 97.98
11 196 31.6
11 96 47.61
11 19 72.33
11 132 76.54
11 70 95.78
11 24 38.2
11 170 38.14
11 83 76.25
11 144 57.31
11 179 34.66
12 73 47.68
12 182 87.79
12 68 78.73
12 147 76.1
12 78 68.77
12 174 33.17
12 185 66.04
12 75 66.78
12 132 35.8
12 81 36.73
13 63 78.84
13 104 51.85
13 50 23.57
13 51 16.04
13 149 102.82
13 121 55.46
13 147 85.29
13 126 10.8
13 20 72.47
13 144 69.65
13 174 75.47
13 74 25.06
13 66 62.56
13 83 109.06
14 30 51.45
14 32 48.99
14 189 36.33
15 139 35.04
15 52 75.06
15 144 89.6
15 113 65.72
15 55 84.04
15 116 44.9
15 53 108.42
15 61 54.82
15 19 40.65
15 37 18.24
16 91 120.05
16 52 7.99
16 62 89.1
16 41 104.38
16 159 53.32
16 144 116.23
16 184 122.45
16 157 100.02
16 143 105.12
16 167 72.55
16 180 105.03
16 94 105.2
16 43 70.86
16 110 115.52
16 142 75.82
16 84 43.74
16 76 109.37
16 34 119.31
16 120 71.51
16 185 103.46
16 65 96.64
16 24 110.22
16 132 100.34
16 87 46.25
16 136 85.63
16 23 40.4
16 112 63.31
16 74 62.16
16 123 87.95
16 138 57.2
16 111 82.47
16 126 78.03
16 198 65.32
16 33 28.14
16 55 76.3
16 49 102.1
16 158 78.76
16 61 83.37
17 156 99.83
17 79 64.68
17 61 59.17
17 84 89.71
17 183 87.27
17 49 58.46
17 27 57.42
17 139 48.84
17 118 97.94
17 197 57.87
18 189 108.34
18 168 55.72
18 138 79.43
18 165 85.8
18 103 103.81
18 72 98.14
18 190 76.71
19 51 51.75
19 164 38.52
19 107 56.8
19 44 51.58
19 135 91.59
19 193 42.96
19 132 79.65
19 169 50.18
19 114 17.5
19 156 80.55
19 65 40.66
19 60 66.29
20 151 56.81
20 29 52.81
20 131 12.65
20 158 12.02
20 73 42.58
20 157 59.38
20 168 50.3
20 100 52.69
20 111 80.4
20 82 63.46
20 69 26.93
21 138 82.8
21 127 50.76
21 112 81.19
21 27 68.18
22 106 56.67
22 140 84.45
22 108 42.92
22 139 31.78
22 134 105.39
22 45 100.61
22 116 33.29
22 36 32.06
22 162 41.15
22 47 45.19
22 40 97.42
22 26 60.69
22 25 66.65
22 59 113.39
22 23 62.47
22 156 38.59
22 131 68.25
22 160 83.25
22 61 3.6
23 62 112.97
23 36 60.78
23 113 39.23
23 139 47.03
23 28 94.59
23 128 73.77
23 46 119.56
23 73 65.05
23 86 57.58
23 78 89
23 176 97.63
23 134 86.25
23 124 81.46
23 146 44.65
23 114 112.31
24 116 61.41
24 144 82
24 156 43.03
24 143 32.4
24 117 62.49
24 190 55.35
24 91 35.73
24 28 85.01
24 191 57.4
24 197 77.01
24 169 49.4
24 152 68.09
24 31 70.18
24 41 12.66
24 193 107.28
24 79 46.66
24 186 99.97
24 132 48.99
24 56 67.97
24 196 66.52
24 37 85.66
24 159 60.29
24 181 29.82
24 84 59.7
24 73 61.67
24 134 103.36
24 150 118.65
24 72 30.34
25 71 88.58
25 163 118.01
25 146 82.16
25 198 57.21
25 86 91.41
25 158 69.15
25 85 74.5
25 90 79.79
25 118 120.28
25 182 102.14
25 63 73.62
25 168 38.35
25 48 54.78
26 101 37.62
26 151 49.11
26 150 102.02
26 57 34.28
26 159 61.45
26 95 79.5
27 55 97.54
27 146 66.31
27 52 38.69
27 175 58.65
27 145 40.66
27 134 37.08
27 82 92.06
27 192 69.91
27 135 68.35
27 96 74.38
27 137 46.93
27 53 78.44
27 153 89.97
27 143 70.77
27 182 61.28
27 113 73.5
27 178 38.25
27 161 66.28
27 177 19.54
27 169 31.87
27 70 103.15
27 172 84.65
28 38 48
28 30 67.7
28 81 54.8
28 53 104.85
28 161 21.78
28 124 94.63
28 183 85.66
28 175 65.24
28 52 89.91
29 190 57.91
29 146 23.22
29 69 50.19
29 107 28.15
29 132 18.13
29 106 55.66
29 40 81.76
29 114 69.46
29 121 74.74
29 182 51.75
29 51 92.67
29 37 66.69
29 187 28.93
29 30 92.24
29 180 73.17
29 165 33.22
29 70 37.96
29 157 82
29 138 87.41
29 49 21.07
29 116 30.88
29 59 100.25
29 147 41.42
29 175 58.2
29 57 27.01
29 140 62.27
29 34 62.74
29 93 91.27
29 186 83.55
29 86 64.38
29 104 103.38
29 33 96.99
29 73 48.73
29 90 56.09
29 156 14.04
29 129 41.7
30 64 103.94
30 181 83.4
30 86 29.55
30 170 74.64
30 48 56.73
30 153 106.05
30 152 66.15
30 199 81.58
30 133 69.44
30 140 84.7
30 126 57.94
30 191 49.44
30 163 69.04
30 138 37.82
30 179 44.86
30 108 46.63
30 60 18.81
30 93 15.53
30 39 26.79
30 194 66.95
31 107 43.61
31 46 71.43
31 97 41.49
31 152 49.39
31 39 79.44
31 65 49.53
32 142 82.62
32 176 23.08
32 122 56.54
32 180 71.76
32 66 47.18
32 165 83.9
32 68 100.98
32 170 75.3
32 34 96.12
32 168 19.21
32 57 64.58
32 193 38.24
32 127 50.25
32 137 42.66
32 90 58.38
32 179 33.16
32 167 69.2
32 95 102.37
32 94 79.75
33 84 54.23
33 195 63.95
33 168 42.85
33 55 92.14
33 160 87.56
33 69 74.98
33 63 37.89
33 60 32.98
33 87 22.55
33 130 54.89
34 115 67.43
34 60 93.06
34 160 77
34 127 80.53
34 134 92.52
34 137 55.89
34 158 93.78
34 132 63.55
34 102 62.78
34 124 85.37
34 112 117.92
34 199 67.11
34 109 82.2
34 167 74.01
34 159 88.93
34 69 78.14
34 139 62.19
34 98 41.96
34 156 81.42
34 90 65.8
34 131 71.93
34 70 53.18
35 145 107.89
35 42 125.46
35 39 58.58
35 173 79
35 89 129.6
35 108 99.98
35 176 77.1
35 143 102.81
35 199 21.01
35 114 40.22
35 142 108.73
35 121 102.61
35 180 60.56
35 132 106.74
35 62 30.78
35 113 118.13
35 117 72.9
35 71 61.98
35 150 108.51
35 130 87.74
35 76 28.21
35 138 63.08
35 189 90.24
35 154 97.8
35 162 94.57
35 88 86.07
35 191 58.72
35 55 130.58
35 163 109.06
35 184 90.86
35 166 78.02
35 112 76.3
35 161 83.9
36 112 67.46
36 157 48.24
36 120 68.81
36 96 104.09
36 158 65.79
36 88 60.79
36 91 71.84
36 129 48.48
36 184 56.38
36 148 55.7
36 72 63.64
36 178 49
36 195 17.4
36 37 11.06
36 53 87.98
36 159 56.89
36 130 71.81
36 170 69.18
36 176 68.35
36 38 49.55
36 196 62.33
36 109 50.98
37 48 24.74
37 143 73.42
37 176 61.35
37 71 64.5
38 69 82.08
38 63 89.86
38 131 92.53
38 74 97.89
38 153 46.36
39 132 69.5
39 108 54.74
39 92 50.45
39 197 49.42
39 161 38.39
39 163 78.89
39 121 64.25
39 189 65.42
39 71 67.41
39 57 66.54
39 80 22.26
39 151 79.67
39 141 17.45
40 117 42.22
40 56 47.45
40 79 61.4
40 83 78.52
40 170 56.75
40 128 50.53
40 178 56.08
40 106 49.74
40 44 80.74
40 51 67.96
40 155 81.88
40 41 59
40 88 68.08
40 129 79.1
40 55 102.68
40 164 32.72
40 189 62.03
40 105 46.05
40 50 83.68
40 168 52.76
40 188 52.2
40 186 85.77
41 54 94.95
41 175 81.31
41 156 57.63
41 121 117.7
41 70 90.09
41 181 33.64
41 119 63.89
41 126 128.94
41 61 86.43
41 93 79.48
41 46 103.78
41 99 96.05
41 118 43.42
41 75 78.57
41 103 70.8
42 78 66.1
42 63 75.24
42 186 69.94
42 139 25.75
42 188 57.97
42 53 85.47
42 116 29.43
43 190 43.09
43 193 28.62
43 122 54.67
43 52 56.89
43 59 62.52
43 188 29.61
43 159 45.81
43 158 31.34
43 129 72.16
43 172 84.93
43 111 67.15
43 50 47.51
44 127 64.27
44 51 38.12
44 90 61.07
44 49 67.6
44 158 67.89
44 92 66.81
44 120 65.65
44 65 53.34
44 123 64.58
45 191 79.63
45 87 32.84
45 88 71.95
45 174 84.3
45 48 68.91
45 194 70.04
45 53 80.79
45 133 86.14
45 165 115.07
45 107 105.16
45 177 38.46
45 60 23.75
45 129 117.04
45 175 59.52
45 173 56.95
45 189 67.81
45 93 24.85
45 182 68.93
45 121 98.2
45 198 59.38
45 148 104.82
45 78 94.06
45 92 37.94
45 118 62.69
45 135 91.91
45 109 76.56
45 172 122.78
45 137 57.39
45 125 70.13
45 75 106.74
45 139 76.82
46 147 29.69
46 178 110.67
46 117 93.42
46 67 57.29
46 63 99.8
46 194 83.67
46 150 55.66
46 132 65.23
46 48 81.69
46 127 82.35
46 71 26.08
46 134 106.69
46 121 72.94
46 107 13.52
46 172 28.84
46 141 81.85
46 118 107.67
46 61 54.33
47 144 70.34
47 181 87.51
47 67 51.53
47 56 95.56
47 75 45.16
47 53 98.31
47 95 40.03
47 66 68.87
47 106 74.4
47 52 93.4
47 158 74.18
48 143 73.07
48 103 102.36
48 140 102.25
48 129 79.22
48 190 66.39
48 121 32.24
48 194 54.01
48 62 77.99
48 51 49.03
49 68 35.86
49 100 44.38
49 70 33.13
49 118 77.66
49 157 71.51
49 148 66.27
49 181 56.61
49 54 79.63
50 161 19.9
50 190 67.63
50 59 78.41
50 129 65.22
50 88 52.01
50 133 31.2
50 166 87.63
50 78 25.46
50 196 74.03
50 123 73.51
50 143 108.83
50 139 54.48
50 140 82.76
50 128 60.27
51 82 102.8
51 95 100.03
51 156 107.36
51 101 77.35
51 114 56.78
51 142 111.58
51 99 21.21
51 124 110.19
51 63 86.08
51 161 19.38
51 104 50.47
51 109 48.09
51 191 61.12
51 66 53.41
51 147 64.64
51 139 54.68
51 94 61.04
51 92 93.77
51 108 46.97
51 170 115.68
52 89 60.71
52 143 95.45
52 106 48.26
52 199 106.59
52 68 130.83
52 189 75.87
52 110 99.03
52 101 55.46
52 128 72.55
53 59 109.66
53 60 57.98
53 78 121.88
53 105 103.1
53 163 55.57
53 166 50.41
53 137 111.15
53 64 114.19
53 103 80.22
53 106 41.43
53 85 92.29
53 80 82.09
53 194 56.49
53 123 50.19
53 148 131.82
53 155 90.95
53 157 116.11
53 92 41.3
54 121 72.19
54 84 36.49
54 92 45.64
54 144 76.54
54 77 65.51
54 192 55.89
54 117 30.42
54 160 75.97
54 61 74.05
54 175 48.98
54 190 52.68
54 180 65.82
54 125 45.95
54 199 59.48
54 133 59.16
54 136 76.16
54 167 74.89
54 197 47.76
54 87 13.24
54 91 85.73
54 94 78.79
54 143 78.53
54 80 56.58
54 57 77.35
54 95 110.11
54 152 74.66
54 100 61.35
55 58 79.55
55 171 111.72
55 108 55.37
55 151 74.34
55 59 143.29
55 166 83.81
55 97 50.94
55 169 97.25
55 193 80.17
55 85 42.64
55 170 76.07
55 120 7.63
55 181 74.81
55 174 38.16
55 195 69.22
55 129 102.18
55 72 88.61
56 106 36.5
56 79 95.92
56 170 61.97
56 60 24.41
56 97 76.83
56 131 60.09
56 73 66.59
57 108 57.19
57 129 50.47
57 98 60.97
57 109 77.42
57 82 42.47
57 117 38.7
57 187 13.63
57 166 47.74
57 87 71.19
57 179 33.05
57 130 67.47
57 149 51.45
57 120 31.54
58 91 57.97
58 66 66.53
58 135 81.25
58 175 64.56
58 82 63.54
58 157 34.89
58 160 58.25
58 99 37.8
58 64 21.33
58 71 54.19
58 100 16.66
58 94 34.37
58 118 97.65
58 161 19.71
58 68 32.39
58 89 85.68
58 75 38.45
58 117 51.25
58 74 72.22
59 80 36.83
59 161 91.54
59 116 96.7
59 102 135.99
59 174 94.39
59 131 63.71
59 141 57.27
59 62 40.09
59 136 109.41
59 190 68.15
59 67 58.62
59 73 75.08
59 74 89.58
59 189 85.02
59 128 71.93
59 172 71.38
59 99 77.11
59 193 88.75
59 197 117.31
59 97 105.92
59 134 91.06
59 180 63.61
59 138 78.88
59 182 92.99
59 169 52.74
59 79 72.52
59 185 108.43
59 127 38.06
59 155 84.1
60 66 43.16
60 156 80.35
60 171 69.96
60 178 4.46
60 163 64.19
60 119 5.68
60 88 81.67
60 117 30.5
60 194 47.44
60 104 54.85
61 93 83.35
61 198 40.11
61 116 25.55
61 80 80.68
61 133 41.38
61 83 68.79
61 71 68.96
61 181 73.88
61 78 51.81
61 75 43.91
61 82 48.63
61 170 84.57
62 100 46.46
62 183 97.82
62 91 69.87
62 152 108.82
62 175 81.55
62 137 54.95
62 159 74.15
62 118 56.09
62 164 29.49
62 106 75.95
62 165 67.69
62 166 60.34
62 134 62.1
62 85 85.4
62 101 84.23
62 144 30.58
62 133 50.39
62 90 21.78
63 77 46.26
63 80 69.37
63 85 42.95
63 127 41.6
63 92 16.11
63 102 67.67
63 133 79.23
63 139 56.67
63 116 63.08
64 76 99.23
64 165 45.03
64 118 107.62
64 88 116.19
64 112 122.42
64 188 74.2
64 147 36.19
65 125 51.73
65 185 76.13
65 145 67.41
65 139 70.46
65 118 52.25
65 74 63.37
65 192 57.31
65 137 69.65
65 155 62.02
65 89 89.42
65 147 35.52
65 177 56.12
65 150 73.28
65 85 58.18
65 79 32.83
65 123 21.31
65 140 54.03
65 69 19.64
65 165 38.13
65 73 29.72
66 102 44.49
66 108 12.97
66 187 71.21
66 77 69.76
66 103 97.39
66 139 26.57
66 88 65.73
66 122 24.91
66 134 61.81
66 195 21.59
66 78 64.27
66 171 64.71
66 82 94.99
66 153 84.27
66 163 75.4
66 189 85.76
66 83 111.73
66 75 80.37
66 147 77
66 170 95.66
66 119 45.57
66 125 64.88
67 176 83.7
67 177 79.9
67 185 61.95
67 146 46.74
67 110 35.03
67 171 74.53
67 81 61.74
67 85 70.8
67 97 27.28
67 83 31.36
67 68 57.68
68 145 134.05
68 89 106.44
68 146 59.47
68 103 90.35
68 187 65.64
68 174 49.99
68 82 47.91
68 160 66.9
68 199 80.26
68 135 95.01
68 124 82.64
68 118 129.75
68 134 111.43
68 142 91.2
68 83 28.52
68 152 102.87
68 76 93.81
68 157 73.49
68 96 138.39
68 189 103.47
69 132 46.39
69 187 26.47
69 131 17.81
69 95 66.17
69 102 61.19
69 82 54.02
69 173 50.49
69 184 56.65
69 136 65.15
69 83 67.39
69 106 21.2
69 100 57
69 145 51.5
69 92 49.4
69 139 61.83
69 133 39.15
69 72 34.29
70 83 22.71
70 153 37.56
70 117 82.04
70 98 86.63
70 169 95.86
70 145 135.54
70 175 99.4
70 107 24.23
70 100 52.75
70 116 64.28
70 148 62.98
70 154 45.83
70 113 90.33
70 143 64.5
70 198 88.57
71 80 48.52
71 154 54.67
71 190 67.65
71 149 114.32
71 151 48.48
71 171 74.29
71 156 63
71 177 104.05
71 107 30.48
71 85 102.03
71 138 98.56
71 112 110.66
71 185 78.2
71 164 83.31
71 126 116.47
71 199 56.42
71 188 87.02
71 127 59.01
71 96 100.13
72 100 69.07
72 193 68.68
72 103 52.4
72 187 44.37
72 191 52.39
72 167 75.76
72 147 61.88
73 146 42.24
73 194 38.59
74 141 41.24
74 91 101.99
74 198 63.69
74 164 25.64
74 154 87.06
74 152 89.83
74 167 93.18
74 184 100.68
74 138 24.84
74 97 103.71
74 113 94.21
74 120 99.23
74 199 65.82
74 79 95.31
74 83 118.14
74 100 81.42
74 148 91.75
75 89 88.17
75 90 54.34
75 99 88.31
75 115 53.26
75 153 27.42
75 120 78.38
75 83 27.18
75 88 117.61
75 150 59.01
75 100 41.26
75 101 59.9
75 183 42.03
75 147 29.87
75 121 66.98
75 167 77.62
75 134 107.03
75 129 22.78
75 110 40.31
75 98 62.27
75 155 54.54
75 96 108.22
75 184 29.76
75 84 103.67
75 186 101.23
75 127 61.97
75 151 28.79
75 95 22.12
75 174 35.34
75 144 82.31
75 79 32.09
75 97 40.75
75 182 78.97
76 185 103.95
76 193 82.95
76 84 90.1
76 134 69.37
76 140 43.74
76 165 66.08
76 190 41.93
76 197 104.21
76 180 66.17
76 166 75.91
76 158 31.8
76 102 133.07
76 182 69.71
76 186 100.07
76 124 78.83
76 99 83.66
76 82 77.6
76 96 65.86
76 87 82.12
76 93 96.49
76 79 74.9
76 83 69.74
76 127 39.42
76 112 69.04
76 132 89.56
76 100 71.48
76 173 65.53
76 135 71.83
76 172 63.82
76 131 40.84
77 102 68.56
77 182 27.55
77 163 17.06
77 179 32.32
77 119 31.1
77 99 97.09
77 141 83.45
77 146 50.01
78 163 91.03
78 140 74.53
78 94 22.22
78 126 52.24
78 136 30.18
78 115 71.4
78 157 43.43
78 184 55.28
78 119 90.59
78 90 66.57
78 84 98.34
78 104 78.58
78 194 79.97
78 112 122.08
78 105 28.98
79 113 61.09
79 95 29.84
79 111 42.19
79 185 73.27
79 81 60.77
79 80 57.37
79 172 42.41
79 187 11.41
79 134 90.04
80 171 39.37
80 85 94.75
80 118 69.51
80 161 48.65
80 82 73.39
80 102 94.9
80 99 49.42
80 156 95.53
81 185 42.36
81 199 69.74
81 144 78.61
81 151 67.54
81 84 64.45
81 86 40.4
81 167 45.73
81 177 57.88
81 171 45.63
81 89 47.86
81 172 75.56
81 118 84.5
81 95 95.63
81 190 37.78
81 94 61.66
81 164 45.79
81 116 34.63
81 124 76.57
82 141 101.18
82 152 79.92
82 189 65.1
82 130 94.33
82 182 58.81
82 106 75.24
82 104 102.64
82 147 44
82 91 14.94
82 157 98.56
82 119 83.98
82 170 48.55
82 151 19.07
82 96 102.58
82 88 129.46
82 174 44.87
82 83 47.81
82 84 96.67
82 138 105.76
82 87 108.01
82 108 86.46
82 98 86.46
82 185 74.93
82 142 59.02
82 159 82.49
83 116 67.19
83 105 55.8
83 88 128
83 188 92.38
83 112 116.76
83 91 40.05
83 121 71.6
83 191 56.36
83 190 67.39
83 175 96.25
83 157 73.34
83 148 61.9
83 102 97.5
83 115 55.88
83 125 71.5
83 85 106.6
83 90 38.14
84 113 67.99
84 114 96.83
84 139 67.12
85 115 46.1
85 109 73.18
85 157 76.89
85 99 71.36
85 113 20.56
85 180 69.36
85 187 66.37
85 173 101.45
85 167 28.12
85 136 48.18
85 166 47.2
85 170 80.54
85 183 69.21
85 150 59.69
85 158 84.34
85 120 41.88
86 160 79.4
86 92 9.48
86 193 73.98
86 180 89.43
86 125 76.64
86 144 85.56
86 164 63.84
86 153 101.4
86 142 34.15
86 145 28.83
86 122 85.13
86 95 111.54
86 133 78.83
86 100 102.63
87 196 30.75
87 170 85.19
87 110 83.2
87 184 114.15
87 183 104.96
88 165 123.09
88 118 91.53
88 150 90.87
88 167 96.95
88 143 114.22
88 133 58.96
88 136 95.92
88 102 109.6
88 145 98.16
88 115 87.79
89 180 82.17
89 186 47
89 143 63.67
89 184 78.3
89 181 77.43
89 111 58.46
89 100 84.82
89 129 99.63
89 153 83.84
89 147 89.86
89 188 53.45
89 105 81.44
90 168 46.78
90 169 37.54
90 167 76.3
90 94 76.51
90 182 59.04
90 107 38.63
90 152 85.36
90 148 64.15
90 116 59.31
90 186 74.25
90 128 34.09
90 119 69.5
90 149 88.47
90 173 62.15
90 199 39.04
91 110 32.83
91 138 84.16
91 185 81.92
91 164 68.71
91 100 65.26
91 96 84.32
91 144 78.41
91 128 40.82
91 169 64.29
91 125 61.44
91 132 35.73
91 111 63.36
91 194 60.87
91 131 49.38
91 115 22.93
91 149 78.69
91 146 49.18
92 108 61.38
92 163 45.59
92 174 62.51
92 116 61.9
92 124 62.43
92 191 63.6
92 120 71.67
92 180 96.1
92 113 75.23
92 161 83.85
92 182 44.56
92 152 50.65
92 139 66.46
92 167 66.21
92 96 51.37
92 197 63.38
92 134 62.96
92 143 60.13
92 115 55.9
92 195 78.18
92 189 44.56
92 106 32.12
92 118 48.85
92 198 67.48
92 132 68.66
92 110 80.25
92 101 47.46
92 133 86.99
93 187 84.72
93 157 63.87
93 118 80.33
93 183 99.2
93 146 67.3
93 164 42.68
93 199 70.91
93 163 77.06
93 96 84.71
93 117 29.14
94 112 120.08
94 187 83.71
94 186 76.18
94 119 91.31
94 197 47.14
94 185 6.58
94 95 79.1
94 124 111.19
94 182 104.86
94 161 46.28
94 125 70.21
94 148 19.47
94 168 63.72
94 177 103.1
94 115 69.57
95 184 45.42
95 176 110.71
95 147 29.29
95 113 90.01
95 129 27.13
95 146 55.94
96 167 125.02
96 102 128.22
96 121 125.85
96 191 91.41
96 122 137.4
96 141 94.88
96 104 89.85
96 107 113.89
96 127 72.43
96 98 142.47
96 174 110.89
96 196 42.91
96 101 105.89
96 197 121.8
96 137 111.43
96 166 62.61
96 157 120.64
96 180 111.21
96 113 108.62
97 122 89.01
97 177 97.79
97 127 70.67
98 178 74.95
98 150 16.57
98 160 88.63
98 144 80.53
98 139 35.57
98 184 61.51
98 182 100.43
98 198 42.62
98 157 39.95
98 135 109.86
98 118 110.17
99 106 85.11
99 126 23.04
99 101 86.05
99 116 66.84
99 191 42.91
100 112 95.05
100 135 82.63
100 124 77.61
100 172 37.24
100 129 17.63
100 197 60.61
100 182 93.76
100 189 84.07
100 158 67.67
100 151 45.43
100 152 104.59
100 153 26.09
100 185 31.6
100 116 54.01
101 160 75.74
101 116 15.46
101 170 63.99
101 149 40.21
101 126 91.27
101 163 22.46
101 133 59.66
101 145 73.29
101 104 79.12
101 141 75.4
102 147 88.34
102 127 92.59
102 148 66.07
102 120 32.91
102 182 92.2
102 189 94.43
103 158 20.46
103 137 80.75
103 129 68.99
103 134 52.96
103 139 90.48
103 162 62.96
103 186 76.99
104 198 67.36
104 106 68.64
104 192 91.26
104 109 15.77
104 186 57.21
104 137 47.64
105 122 68.11
105 179 33.88
105 189 84.73
105 133 25.6
105 135 88.93
105 174 59.01
105 168 31.16
105 180 12.25
105 107 46.79
105 148 45.64
105 161 18.36
106 197 59.37
106 108 54.86
106 132 51.08
106 148 89.08
106 151 58.84
106 187 27.39
106 141 60.49
106 168 61.99
106 149 38.4
106 177 65.38
106 130 17.89
106 178 28.07
106 144 89.99
106 185 85.02
106 143 41.21
106 109 68.31
106 113 56.34
106 188 29.69
106 146 59
106 111 69.01
106 112 45.23
106 114 76.43
107 183 37
107 150 66.28
107 195 59.21
107 145 102
107 122 75.95
107 192 62.39
107 157 66.82
107 151 28.28
107 169 75.77
108 156 78.06
108 185 33.69
108 113 38.5
108 193 41.26
108 154 39.26
108 175 35.64
108 151 75.33
108 165 86.41
108 118 100.59
108 115 49.82
108 126 68.5
108 150 49.5
108 119 44.69
108 192 32.4
108 167 22.24
108 155 32.86
108 188 30.93
108 147 75
108 121 37.12
108 153 64.07
109 191 42.39
109 190 48.72
109 193 42.73
109 142 94.94
109 164 26.07
109 178 58.06
110 123 52.68
110 150 66.77
110 172 44.29
110 152 86.45
110 174 66.35
110 154 46.95
110 131 32.9
111 150 36.65
111 172 53.79
111 120 62.72
111 131 69.41
111 178 72.82
111 149 80.88
111 191 32.61
111 124 82.22
111 152 78.38
111 126 93.37
111 155 18.48
111 159 65.91
111 125 66.97
111 127 73.95
111 161 33.3
111 156 47.47
111 181 79.58
111 114 57.8
111 171 54.57
112 190 46.86
112 153 118.39
112 177 49.74
112 119 52.08
112 126 101.04
112 198 92.58
112 187 79.19
112 155 101.9
112 115 56.86
112 163 75.95
112 166 30.31
112 139 103.11
112 142 77.88
113 139 20.19
113 134 88.38
113 116 28.15
113 197 29.43
113 168 76.19
113 148 63.11
113 147 74.96
113 138 92.13
113 192 18.12
113 165 82.75
113 155 34.3
113 188 51.26
113 184 64.01
114 133 37.57
114 189 91.61
114 139 65.11
114 198 74.75
115 128 15.17
115 141 44.75
115 178 47.32
115 134 67.61
115 136 63.03
115 132 47.13
115 162 35.09
115 129 42.97
115 149 67.18
115 192 40.4
115 159 37.14
115 186 66.26
115 116 35.26
115 119 35.69
115 176 75.01
115 122 74.85
115 126 84.98
115 168 46.48
115 156 48.48
115 158 35.65
116 149 55.96
116 122 46.4
116 158 70.68
117 138 26.5
117 129 64.29
117 162 35
117 192 50.3
117 160 41.72
117 150 76.89
117 176 42.38
117 143 59.03
117 120 64.81
117 145 43.22
117 136 61.64
117 155 47.84
117 180 58.12
117 121 69.84
117 137 42.98
117 140 71.65
118 191 77.56
118 152 84.52
118 197 93.94
118 125 71.67
118 198 104.29
118 193 88.33
118 146 97.49
118 141 87.65
118 143 68.55
118 185 109.75
118 155 108.5
118 171 92.54
118 181 76.99
118 150 123.52
118 128 68.48
118 123 32.46
118 136 119.24
118 142 60.36
119 199 74.72
119 195 49.23
119 167 63.24
119 139 52.01
119 136 79.6
120 183 46.54
120 149 38.46
120 151 63.97
120 126 115.42
120 150 86.68
120 173 102.8
120 153 77.9
120 123 98.15
120 187 56.07
120 165 79.44
120 158 93.45
120 122 54.77
121 171 47.33
121 182 95.72
121 191 47.64
121 162 74.27
121 195 16.68
122 155 29.93
122 173 120.03
122 148 45.6
122 158 98.17
122 137 22.16
122 134 81.87
122 193 48.63
122 191 58.02
122 194 59.66
122 139 22.07
122 179 62.96
122 189 92.12
122 140 114.45
123 174 77.44
123 178 46.72
123 141 59.68
123 184 98.32
123 125 46.86
123 129 75.59
123 186 79.87
124 138 97.81
124 137 100.86
124 174 48.26
124 158 70.29
125 183 74.58
125 147 53.09
125 195 54.21
126 142 113.35
126 192 95.35
126 158 63.27
126 175 92.07
126 176 21.62
126 145 101.98
126 177 42.29
126 129 104.93
126 166 80.69
126 199 67.24
126 147 91.79
126 191 63.63
126 144 67.41
126 135 126.98
127 170 58.73
127 135 55.67
127 184 78.95
127 149 80.66
127 144 23.58
127 195 68.85
127 182 50.85
127 180 51.86
127 187 60.09
128 133 34.84
128 131 26
128 156 62.33
128 142 47.39
128 149 71.41
128 140 49.54
128 162 30.07
128 195 35.22
128 188 34.33
128 136 47.81
128 182 47.84
128 144 55.72
128 168 42.4
128 171 49.56
128 163 58.3
128 167 52.31
129 179 64.36
129 193 69.03
129 148 41.57
129 135 70.48
129 147 18.57
129 178 107.49
129 190 71.62
129 195 58.41
129 156 76.85
129 160 57.5
129 157 58.47
129 137 74.29
129 164 78.16
129 192 73.9
130 186 68.12
130 188 39.96
130 181 60.97
130 180 95.87
130 170 45.69
130 145 6.23
130 189 34.28
130 164 62.84
130 152 54.73
130 157 94.01
131 152 61.07
132 195 68.28
133 167 51.45
133 151 68.66
133 199 39.52
133 182 78.57
134 141 40.28
134 159 57.4
134 183 113.72
134 157 46.41
134 156 114.95
134 175 69.31
134 192 79.87
134 144 73.93
134 176 13.21
134 150 79.3
134 163 99.26
134 191 61.33
134 171 60.18
134 198 75.52
134 172 115
134 154 84.74
135 150 104.81
135 163 36.86
136 169 104.73
136 156 59.45
136 190 76.06
136 192 41.12
136 138 84.67
136 168 62.28
136 174 37.66
136 197 36.44
136 165 80.83
136 141 56.95
136 175 54.88
136 170 100.48
136 191 52.39
136 142 74.62
136 199 75.45
136 157 70.14
136 161 50.8
136 194 71.85
136 155 10.26
136 193 58.91
136 145 97.33
137 174 48.36
137 176 54.21
137 149 74.04
137 150 37.57
137 185 47.74
137 195 18.13
137 141 37.94
137 138 51.99
137 162 51.06
137 181 103.29
137 198 35.4
137 179 56.92
137 178 54.78
137 166 71.56
137 173 99.64
137 193 23.3
137 167 52.9
137 196 65.27
137 161 29.34
137 168 16.71
138 142 93.37
138 160 69.71
138 143 84.59
138 162 59.54
138 176 16.83
138 154 88.94
138 173 77.24
138 174 72.63
138 158 48.53
138 190 34.84
138 159 57.39
138 148 78.17
138 199 46.57
138 151 84.61
138 178 31.97
138 144 71.61
138 165 99.22
138 175 68.7
138 161 53.92
138 153 99.49
138 177 9.37
139 147 64.79
139 196 82.86
139 154 40.71
139 191 45.95
139 141 56.62
139 184 58.24
139 161 35.83
139 173 97.76
140 169 43.47
140 192 105.72
140 197 100.76
140 148 91.93
140 160 36.84
141 182 81.39
141 179 32.06
141 154 57.45
141 176 40.51
141 195 38.69
141 153 59.31
141 151 77.94
142 191 54.06
142 163 16.49
142 193 74.76
142 181 32.61
142 149 37.47
142 194 21.62
143 166 66.79
143 190 60.62
143 182 39.39
143 186 89.13
143 180 80.45
143 146 40.72
143 196 65.49
143 187 8.73
143 174 35.14
143 159 52.54
143 189 36.89
144 186 96.67
144 155 82.77
144 148 92.01
145 157 94.92
145 175 54.04
146 159 52.78
146 179 58.66
146 164 83.08
146 157 87.1
146 163 47.23
146 158 74.94
146 152 56.29
146 199 94.77
146 194 26.65
147 187 51.74
147 189 86.39
147 149 108.59
147 160 42.06
147 193 70.84
147 159 81.66
147 173 93.26
147 162 56.6
147 180 36.33
147 199 39.52
147 179 57.42
147 188 72.99
147 183 52.32
147 191 28.21
147 190 64.04
148 156 84.09
148 189 104.24
148 178 87.29
148 170 119.89
148 158 92.88
148 154 19.65
148 183 70.04
148 151 73.88
148 174 55.75
148 173 121.23
148 165 78.24
148 196 98.71
148 168 56.56
148 186 82.78
149 183 69.3
149 171 101.57
149 150 102.32
149 169 86.13
149 151 72.92
150 162 68.22
150 171 55.99
150 196 96.02
150 181 119.12
150 163 95.35
150 157 56.22
150 175 75.38
150 183 86.58
150 184 43.19
150 164 76.32
151 189 58.38
151 171 75.5
151 173 81.38
151 168 87.62
151 192 57.46
151 165 19.92
151 179 54.23
151 185 66.89
151 194 54.78
152 188 43.16
152 181 52.3
152 154 74.8
152 184 95.22
152 169 88.53
152 189 53.29
152 156 58.04
152 172 102.93
152 163 15.85
152 165 88.55
152 161 88.49
153 173 116.89
153 174 42.28
153 199 77.68
154 187 62.52
154 165 50.92
154 178 76.98
154 189 87.96
154 170 103.18
155 157 43.92
155 191 28.66
155 166 66.37
155 174 24.47
155 167 37.51
155 198 39.55
156 196 88.72
156 172 68.5
156 191 57.42
156 186 90.26
156 185 78.17
157 190 64.96
157 162 68.03
157 199 20.58
157 174 64.01
157 166 71.33
157 188 49.69
157 167 92.41
157 163 108.07
157 193 31.46
157 178 81.38
157 182 98.24
157 197 62.14
157 165 66.44
157 181 118.33
157 195 42.06
157 164 36.74
158 187 73.24
158 168 55.9
158 180 58.46
158 174 79.72
158 160 26.4
158 198 88.28
158 171 52.34
159 168 44.53
159 191 49.23
159 192 52.45
159 173 54.93
160 172 44.23
160 188 69.64
161 188 54.49
161 197 43.05
161 191 32.52
161 185 31.2
161 195 17.32
162 172 81.83
162 178 42.34
162 187 33.45
162 194 24.63
162 184 65.93
162 174 36.11
162 182 48.91
162 198 47.8
163 182 51.26
163 194 9.58
163 189 37.76
163 197 47.59
163 169 71.63
163 170 53.86
163 198 64.97
163 192 31.18
164 181 103.33
164 191 36.93
164 170 94.59
164 199 46.7
164 197 69.69
164 193 24.05
164 187 62.3
164 192 79.85
164 189 73.66
164 175 71.65
164 173 81.64
164 166 43.76
164 176 34.78
164 195 53.2
164 194 83.41
164 182 64.79
165 168 81.95
165 184 43.33
165 181 59.28
165 194 58.54
165 167 73.64
165 193 88.81
165 182 57.72
165 185 72.86
165 189 61.88
166 181 71.71
166 184 97.72
166 193 62.92
166 173 42.44
166 189 26.99
166 174 63.21
166 198 65.45
166 178 31.14
166 176 53.4
166 192 61.46
166 172 85.03
166 197 64.58
167 193 64.39
167 173 108.9
167 178 57.83
167 190 69.55
167 182 91.21
167 179 69.23
167 172 99.17
167 198 22.63
167 184 72.38
168 184 84.15
168 198 51.08
168 190 47.88
168 195 24.81
168 173 93.76
168 185 43.77
169 189 33.75
169 191 38.64
169 175 83.36
169 179 29.39
169 181 78.83
169 195 80.58
170 177 93.13
170 190 38.55
170 182 10.83
170 191 59.55
170 180 104.85
171 174 57.25
171 184 66.92
171 186 70.73
171 187 71.13
171 177 55.45
171 188 63.14
171 175 77.2
171 195 45.05
171 196 70.53
172 173 111.68
172 186 106.72
172 179 60.95
172 187 56.53
172 176 119.73
172 183 51.67
172 197 87.28
172 190 65.71
172 175 88.85
172 193 87.24
173 186 98.35
173 181 68.49
173 192 97.47
173 180 110.56
173 194 72.01
173 182 19.95
173 188 78.81
173 185 132.02
173 193 88.26
173 184 123.62
173 183 85.29
174 184 43.1
174 183 45.49
174 193 52.04
174 194 29.03
174 186 48.55
174 199 82.23
174 195 26.62
175 197 31.79
175 188 35.07
175 187 49.62
175 195 33.89
175 193 60.38
175 179 55.74
175 178 33.63
175 183 51.24
175 181 61.19
175 182 60.04
176 180 64.45
176 179 50.47
176 196 50.17
177 182 77.19
178 186 27.43
178 196 30.15
178 190 34.59
178 198 55.36
178 192 60.41
178 181 81.96
179 195 43.17
179 188 42.79
179 183 58.64
179 199 45.63
179 189 36.1
179 181 64.62
180 193 41.31
180 188 63.82
180 191 43.09
180 187 73.63
180 184 52.14
180 197 69.19
180 190 73.95
180 181 96.68
181 197 92.09
181 190 69.34
181 193 113.1
181 188 90.43
181 191 70.76
181 195 91.79
181 196 64.92
181 185 107.37
182 198 85.26
182 192 76.25
182 193 90.41
182 195 76.29
182 187 33.08
182 183 55.65
183 194 47.19
183 188 75.45
183 196 76.76
183 191 42.8
183 190 68.79
183 187 30.48
184 197 62.55
184 185 52.39
184 188 80.08
184 199 80.83
184 186 87.71
184 196 99.5
184 194 84.48
184 192 74.53
184 193 82.49
185 187 64.99
185 194 87.84
185 186 66.91
185 191 51.7
185 198 51.78
185 190 81.92
185 196 83.92
186 188 23.57
186 192 53.97
187 195 62.09
187 191 40.2
187 189 47.84
187 198 70.27
187 194 31.83
187 192 46.44
187 197 56.11
188 194 49.78
188 197 26.47
188 190 41.54
189 191 66.19
189 198 77.09
189 193 88.08
189 196 41.25
189 192 75.82
189 190 38.58
190 195 67.8
190 192 68.39
190 198 61.21
190 191 42.01
190 194 60.75
191 198 53.25
191 197 49.29
192 197 14.77
192 199 93.75
192 195 31.66
192 193 58.3
193 199 61.14
193 195 35.36
193 198 40.46
194 195 57.74
195 196 68.47
195 198 15.44
196 198 63.86
198 199 94.23
