0 143 89.42
0 130 67.63
0 123 59.18
0 13 22.07
0 114 83.18
0 32 81.6
0 179 35.48
0 61 50.24
1 67 86.53
1 134 55.25
1 128 40.74
1 55 50.65
1 163 87.36
1 196 25.87
1 22 28.06
1 104 60.57
1 57 55.01
1 117 26.68
1 45 52.19
1 26 64.41
1 66 81.55
1 125 83.16
1 146 50.08
1 77 79.27
2 77 70.69
2 64 67.19
2 79 53.88
2 169 92.01
2 123 68.3
2 54 13.76
2 151 60.17
3 116 44.81
3 8 41.73
3 30 104.96
3 144 99.82
3 145 60.09
3 35 66.36
3 26 75.32
3 166 56.97
3 167 66.68
3 63 97.09
3 59 83.41
3 150 43.24
4 75 54.53
4 127 78.49
4 56 56.72
4 135 39.91
4 108 77.32
4 141 39.12
4 163 65.95
4 132 81.23
4 64 46.88
4 126 47.59
4 79 78.44
4 19 83.91
4 45 34.59
4 181 40.63
4 131 64.82
4 58 86.18
4 103 68.2
4 89 56.25
4 159 43.45
4 84 52.67
4 97 57.07
4 160 63.38
4 119 78.37
4 13 85.89
4 195 12.27
4 30 76.95
5 27 90.4
6 49 91.08
6 150 118.01
6 198 33.48
6 110 0.14
6 54 51.42
6 152 54.29
6 15 99.44
6 174 60.2
6 179 78.28
6 24 82.99
6 43 58.94
6 113 80.59
6 146 47.55
6 35 20.35
6 61 67.55
6 177 70.12
7 189 32.05
7 132 64.1
7 150 90.2
7 187 71.36
7 117 23.72
7 104 51.36
7 16 53.5
7 141 71.39
8 187 14.58
8 131 43.86
8 112 21.07
8 150 64.59
8 152 69.78
8 96 85.78
8 70 66.3
8 11 82.52
9 179 81.09
9 19 70.09
9 188 65.89
9 14 65.41
9 110 90.83
9 41 32.3
9 109 105.97
9 143 25.54
9 89 84.14
9 17 42.71
9 129 70.09
9 22 45.69
9 61 33.47
10 195 71.95
10 57 51
10 170 76.57
10 126 52.76
10 159 26.79
10 44 74.36
10 71 67.94
10 45 41.83
10 48 85.72
10 132 94.05
10 122 62.36
10 34 58.49
10 128 64.01
10 31 72.16
10 172 37.39
10 74 54.98
10 119 55.35
10 148 72.16
10 166 55.02
10 85 94.49
10 100 37.81
10 107 36.24
10 167 63.22
10 189 6.67
11 191 89.7
11 64 35.82
11 120 69.93
11 149 76.57
11 163 93.92
11 111 70.18
11 82 51.82
11 19 30.99
11 161 45.26
11 168 76.78
11 171 97.88
11 81 54.57
12 61 51.21
12 67 31.09
12 158 51.92
12 144 41.49
12 45 30.54
12 171 66.73
12 91 96.32
12 105 26.17
12 162 74.16
12 168 33.92
12 84 24.12
12 101 84.15
12 118 42.38
12 129 51.11
12 194 29.39
13 59 30.17
13 166 36.71
13 108 60.84
13 178 91.78
13 44 45.91
13 98 38.29
13 185 77.27
13 132 45.99
13 174 6.94
13 121 68.18
13 167 57.44
13 30 83.27
13 143 94.28
13 111 83.24
13 60 78.31
13 187 64.81
14 78 101.46
14 104 74.63
14 139 89
14 151 82.71
14 39 62.24
14 73 71.09
14 112 102.62
14 20 27.91
14 137 82.88
14 174 59.04
14 150 82.25
14 84 86.04
14 68 87.25
14 113 88.97
14 55 46.96
14 123 88.93
14 54 53.1
14 43 56.3
14 94 115.25
14 140 109.4
15 158 69.92
15 41 56.95
15 160 61.56
15 172 51.67
15 85 80.63
15 73 53.95
15 122 3.77
15 149 89.01
15 84 85.11
15 21 99.71
15 173 92.73
15 143 47.97
15 178 75.17
16 75 99.09
16 20 69.91
16 135 69.31
16 29 90.41
16 105 74.85
16 90 81.41
16 88 64.46
16 136 49.5
16 129 81.04
16 149 84.92
16 109 38.15
16 172 54.7
16 39 55.63
16 196 15.45
17 174 43.47
17 160 65.28
17 65 61.08
17 27 68.39
17 165 50.12
17 32 72.56
17 142 36.02
17 81 63.81
17 190 83.5
17 82 31.05
17 143 48.68
17 194 93.41
18 155 88.49
18 186 74.75
18 116 47.7
18 171 72.58
18 123 38.95
18 53 58.78
18 188 70.05
18 37 69.56
18 122 60.72
18 185 96.25
18 157 118.27
18 152 91.21
18 181 71.24
18 151 104.11
18 105 74.03
18 57 75.36
18 70 47.86
18 22 82.28
19 98 67.03
19 149 68.37
19 52 34.31
19 82 73.39
19 113 83.71
19 195 96.99
19 26 77.4
19 193 21.11
19 68 58.14
19 140 76.62
19 29 98.15
19 173 75.27
19 21 64.64
19 158 74.34
19 93 57.23
19 81 89.49
19 47 66.63
20 24 74.77
20 87 70.09
20 186 57.8
20 173 87.04
20 167 91.5
20 76 71.36
20 125 63.57
20 47 86.54
20 147 96.91
20 101 32.65
20 23 89.01
21 108 90.53
21 40 66.88
21 124 50.05
21 89 42.34
21 137 41.12
21 94 58.44
21 23 70.8
21 186 40.3
21 141 99.54
21 93 114.41
21 102 69.32
21 37 83.02
22 42 17.67
22 134 71.78
22 45 56.04
22 27 59.49
22 104 60.03
22 62 39.18
22 137 83.84
22 86 45.7
22 36 105.96
22 109 60.85
22 90 85.33
22 140 96.11
22 163 97.3
22 35 73.13
22 30 79.43
22 98 71.35
22 50 98.04
22 124 74.82
22 106 77.49
22 73 53.97
22 127 65.81
22 145 21.29
22 113 67.45
22 183 35.17
22 154 82.07
22 155 95.71
22 175 77.61
22 89 72.33
23 199 68.49
23 43 75.06
23 50 64.84
23 62 86.67
23 95 53.54
23 81 74.31
23 75 84.26
24 32 45.6
24 88 61.19
24 167 76.13
24 57 40.77
24 163 79.82
24 91 88.9
24 191 65.99
24 70 31.68
24 69 117.23
24 35 63.19
24 140 102.97
24 100 61.64
24 106 95.13
24 189 92.08
24 98 90.06
24 187 53.12
24 39 70.69
24 156 28.31
24 50 78.95
24 192 23.56
24 149 81.6
24 34 107.54
24 180 27.5
24 166 60.89
25 69 112.26
25 175 98.06
25 46 54.32
25 169 71.3
25 32 54.63
25 45 76.47
25 78 105.94
25 91 64.59
25 98 67.25
25 102 57.72
25 185 95.67
25 194 102.29
25 88 69.41
25 47 28.98
25 152 74.72
25 186 69.64
25 87 33.55
25 84 80.56
25 122 63.6
25 27 61.12
25 170 66.16
25 96 69.38
25 108 97.69
25 74 59.87
25 123 19.44
25 130 86.59
26 156 55.21
26 62 70.79
26 56 28.14
26 175 61.14
26 173 52.13
26 97 59.55
26 153 77.61
26 55 94.37
26 198 37.54
26 47 28.14
26 61 43.57
26 140 32.09
26 150 77.75
26 31 66.8
26 179 61.17
26 34 65.89
27 81 45.3
27 160 64.01
27 180 30.96
27 36 85.03
27 123 50.4
27 133 100.91
27 44 51.02
27 104 65.06
27 46 37.11
27 131 49.56
27 172 94.86
27 170 65.31
27 155 98.3
27 63 74.12
27 55 60.4
27 106 70.13
27 70 79.86
27 156 24.22
27 107 52.98
27 164 56.45
27 38 42.17
28 152 48.54
28 131 106.63
28 177 89.22
29 117 80.16
29 118 33.25
29 108 96.66
29 186 59.33
29 127 95.59
29 155 56.86
29 137 43.12
29 136 65.22
29 35 53.17
29 89 55.6
29 157 75.73
29 132 88.44
29 160 69.83
29 181 97.93
29 192 89.1
29 68 60.15
29 77 41.29
29 99 101.69
29 187 45.51
29 166 60.14
29 115 15.55
29 163 25.37
29 124 25.88
29 138 103.45
29 50 38.53
29 34 91.33
29 31 65.16
29 120 109.54
29 36 34.14
29 81 60.08
29 63 59.74
30 165 92.5
30 144 12.78
30 98 58.42
30 85 80.2
30 171 90.56
30 143 46.39
30 38 77.25
30 179 107.19
30 32 83.43
30 64 71
30 61 29.14
30 198 63.05
30 48 120.08
30 113 67.03
30 82 35.56
30 109 116.37
31 121 95.62
31 86 41.64
31 61 71.27
31 60 66.19
31 106 60.21
31 181 54.16
31 190 50.53
31 33 64.33
31 155 96.45
31 151 65.9
31 109 64.93
31 147 69.76
31 118 61.12
31 182 90.58
31 72 66.32
31 150 37.36
31 183 67.83
31 186 50.01
31 62 71.69
31 199 70.61
31 167 52.63
31 81 52.39
31 44 34.32
31 87 22.97
31 130 52.61
32 135 41.38
32 99 76.84
32 121 117.39
32 100 49.96
32 104 68.94
32 33 106.89
32 160 62.9
32 163 57.38
32 167 54.78
32 105 38.82
32 159 61.52
32 48 99.61
32 69 108.27
32 57 20.74
32 66 38.19
32 126 57.17
32 96 65.27
32 188 71.66
32 40 101.24
32 179 85.69
32 196 78.49
33 47 60.74
33 118 97.06
33 51 46.44
33 131 107.33
33 197 91.87
33 67 115.08
33 159 66.92
33 81 93.92
33 177 85.63
33 117 66.46
33 126 62.79
33 146 83
33 176 81.88
33 50 85.08
33 144 104.4
33 66 108.98
33 169 102.37
33 46 93.5
34 77 72.97
34 52 106.37
34 129 79.78
34 177 17.95
34 169 114.63
34 179 99.59
34 107 68.68
34 88 89.89
34 99 120.3
34 122 89.33
34 151 52.57
34 195 105.6
34 133 28.09
34 158 104.44
34 182 32.23
34 61 34.59
34 36 85.37
34 76 61.4
34 47 101.7
34 175 73.89
34 154 94.56
34 112 135.67
34 161 93.19
34 37 89.16
34 142 54.97
35 49 72.76
35 103 84.8
35 136 36.47
35 38 102.26
35 108 74.09
35 192 46.95
35 101 96.16
35 116 52.6
35 110 32.08
35 141 90.02
35 65 33.57
35 105 70.28
35 43 51.96
35 186 36.06
35 140 26.1
35 54 53.45
35 122 64.9
35 191 67.31
35 109 61.79
35 153 96.67
35 74 56.34
35 85 32.51
35 57 63.43
35 135 81.93
35 150 76.42
35 36 32.91
35 107 76.95
35 188 32.93
36 93 142.18
36 163 51.16
36 145 99.94
36 192 83.05
36 132 77.28
36 167 29.78
36 112 78.37
36 108 86.58
36 84 75.75
36 45 59.3
36 46 69.68
36 178 68.68
36 85 49.75
36 83 82.01
36 81 83.01
36 156 83.18
37 185 75.73
37 63 52.2
37 86 62.84
37 100 32.56
37 73 31.42
37 121 100.26
37 80 72.93
37 197 23.54
37 169 100.78
37 129 54.8
37 106 42.2
37 48 72.25
37 152 37.74
37 113 86.72
37 189 46.21
37 66 43.37
37 147 65.67
37 91 94.88
37 171 68.71
38 119 69.84
38 193 95.95
38 143 42.73
38 188 90.63
38 117 68.73
38 113 122.76
38 112 85.03
38 151 70.67
38 116 65.09
38 65 87.72
38 175 65.6
38 167 73.47
38 83 87
38 197 44.45
38 43 107.88
38 99 92.27
38 45 59.08
38 91 124.34
38 163 82.8
38 185 102.95
38 75 51.15
38 195 18.67
38 48 96.36
38 173 125.79
39 183 46.97
39 137 51.75
39 88 64.39
39 116 55.1
39 40 28.58
39 43 53.98
39 172 57.12
39 74 61.76
39 119 81.63
39 45 41.13
40 85 78.07
40 187 75.82
40 117 47.26
40 134 46.81
40 155 72.15
40 157 17
40 110 47.78
40 158 102.51
40 176 81.22
40 102 101.03
40 142 36.04
40 173 30.51
40 190 111.09
41 104 14.66
41 70 69.68
41 178 58.21
41 124 37.96
41 58 59.79
41 127 42.83
41 98 28.95
41 166 31.53
41 125 56.6
41 54 49.08
41 121 71.44
41 44 53.85
41 123 59.62
42 67 40.93
42 68 76.9
42 178 69.58
42 191 92.98
42 128 15.09
42 116 25.07
42 49 48.3
42 132 61.66
42 77 94.55
42 61 52.93
42 198 82.07
42 166 59.37
42 186 56.57
42 195 35.74
42 146 68.64
42 183 58.79
42 85 70.85
42 94 81.19
42 112 81.42
42 111 35.51
42 179 60.23
42 58 101.05
42 108 42.04
43 163 80.78
43 91 40.69
43 144 100.25
43 107 93.35
43 77 81.48
43 193 35.36
44 121 92.36
44 71 38.3
44 49 75.17
44 46 46.43
44 64 92.67
44 149 28.98
44 184 69.47
44 183 94.11
44 165 82.09
45 165 66.6
45 73 9.17
45 90 53.49
45 47 47.33
45 176 48.72
45 55 42.28
45 116 54.27
45 83 38.48
45 122 51.31
45 188 47.3
45 76 23.87
45 87 45.8
45 173 74.14
45 67 48.25
45 74 50.29
45 89 58.2
45 82 15.39
45 166 28.98
45 70 71.7
45 148 59.13
45 60 62.75
46 155 69.07
46 152 59.3
46 171 21.84
46 157 91.42
46 148 70.02
46 165 93.87
47 125 66.49
47 87 25.35
47 109 75.62
47 185 86.82
47 48 85.7
47 76 70.57
47 155 59.73
47 78 83.66
47 165 70.99
47 91 59.16
47 104 48.01
47 127 76.81
47 170 76.88
47 90 19.08
47 101 99.65
47 141 67.44
47 142 81.61
47 187 17.99
47 113 111.18
47 120 65.2
47 73 40.24
47 111 31
47 71 44.05
47 68 52.23
47 168 37.88
47 183 93.47
47 137 16.35
47 194 83.7
47 72 81.46
47 96 64.61
47 92 51
47 123 21.42
47 108 84.59
47 62 79.3
47 182 104.44
47 117 55.73
47 84 63.92
47 54 62.63
47 150 52.35
48 90 119.24
48 197 85.63
48 169 143.61
48 186 76.93
48 70 56.16
48 194 107
48 99 73.48
48 87 90.49
48 145 49.77
48 80 17.65
48 54 76.11
48 115 124.33
48 92 122.47
48 144 90.44
48 139 101.54
48 73 79.3
48 53 80.99
48 67 90.34
48 137 97.21
48 74 52.59
48 96 44.9
49 168 86.73
49 121 72.35
49 96 35
49 52 45.81
49 59 76.13
49 53 60.32
49 80 34.04
50 99 71.23
50 147 38.97
50 141 98
51 182 49.11
51 78 23.46
51 110 51.56
51 142 42.67
51 198 23.2
51 61 48.35
51 177 24.72
51 187 90.47
51 67 95.27
51 53 38.93
51 101 72.71
51 87 72.34
51 76 70.08
51 148 31.93
51 107 82.71
51 57 74.18
51 77 60.91
51 104 53.12
51 108 42.37
51 59 39.24
51 192 68.17
51 164 52.23
51 83 62.46
52 199 108.59
52 154 66.14
52 181 84.46
52 85 86.35
52 112 79.73
52 106 88.58
52 95 97.88
52 74 41.6
52 77 88.63
52 170 17.75
53 171 77.12
53 57 78.81
53 158 68.32
53 137 48.03
53 112 74.41
53 160 81.37
53 104 67.3
53 199 98.04
53 80 83.08
53 181 97.4
53 132 29.13
53 176 64.14
53 56 23.9
53 155 52.92
53 100 100.05
53 185 83.48
53 190 103.83
53 194 111.48
53 81 89.59
53 186 48.43
53 180 79.03
54 150 112.63
54 194 103
54 165 70.41
54 180 101.76
54 166 48.84
54 134 37.84
54 73 61.29
54 113 50.49
54 147 85.49
54 84 77.34
54 117 45.76
54 103 41.96
54 143 76.94
54 129 68.26
55 69 88.39
55 102 89
55 169 120.93
55 84 71.49
55 61 57.97
55 105 24.09
55 199 88.15
55 90 79.76
55 57 35.87
55 178 70.43
55 71 98.99
55 88 24.44
55 170 42.35
56 163 42.96
56 175 72.42
56 119 86.19
56 102 46.94
56 194 90.53
56 162 12.97
56 101 83.16
56 132 46.07
56 190 90.53
56 131 71.34
57 159 40.87
57 92 97.68
57 195 13.9
57 83 59.65
57 181 34.06
57 138 40.7
57 77 76.98
57 91 98.8
57 165 49.94
57 193 60.84
57 100 22.9
57 156 27.23
57 88 13.3
57 166 49.33
57 71 68.36
57 174 83.86
57 94 71.94
57 98 54.49
57 110 82.71
57 79 68.83
57 95 48.03
57 67 29.74
58 142 85.69
58 59 15.01
58 182 90.98
58 139 47.52
58 119 102.51
58 159 90.16
58 61 60.87
58 179 78.67
58 91 46.62
59 194 100.09
59 100 79.85
59 149 22.57
59 130 49.36
59 96 83.59
59 72 108.56
59 122 85.28
59 154 48.32
59 64 90.45
59 132 70.67
59 68 15.72
59 167 32.48
59 123 42.65
59 129 37.83
59 61 38.94
59 111 71.11
59 172 74.1
59 140 21.79
59 81 72.82
59 63 63.47
59 95 59.16
59 60 90.18
59 62 56.69
59 156 73.56
59 125 108.53
59 151 62.87
59 66 76.13
60 153 1.19
60 158 80.17
60 154 85.07
60 141 53.5
60 147 101.45
60 125 67.77
60 190 91.15
60 109 92.38
60 116 64.14
60 162 76.32
60 118 87.08
60 133 49.16
61 146 12.32
61 133 24.2
61 66 63.12
61 115 63.74
61 129 43.68
61 114 52.49
61 178 77.42
61 105 58.43
61 90 60.04
61 192 72.09
61 65 83.23
62 138 59.07
62 71 71.03
62 85 75.32
62 97 56.55
62 95 71.68
62 130 58.41
62 119 78.5
62 125 80.1
62 91 60.75
62 155 90.27
62 123 71.7
62 157 31.96
62 147 83.15
62 78 53.27
62 192 70.4
62 177 27
62 96 37.19
62 73 36.57
62 198 50.08
62 132 75.92
63 137 59.93
63 99 108.25
63 163 64.55
63 95 61.42
63 113 81.27
63 146 54.3
63 89 80.23
63 187 53.36
63 105 62.27
63 130 10.3
63 135 37.19
63 96 73.26
63 139 77.06
63 119 19.84
63 199 22.46
63 123 87.98
63 70 94.06
64 188 67.41
64 166 61.51
64 137 72.39
64 157 94.03
64 139 81.76
64 169 121.37
64 197 39.69
64 85 77.83
64 102 77.39
65 149 69.19
65 78 102.58
65 68 71.07
65 161 75.51
65 164 79.62
65 144 92.2
65 103 104.7
65 105 83.93
65 66 67.36
65 106 84.33
65 165 85.75
65 132 56.58
66 155 79.81
66 182 73.79
66 175 30.23
66 136 52.56
66 100 54.47
66 183 101.33
66 134 75.22
66 130 23.62
66 142 95.56
66 168 36.39
66 196 97.25
66 185 102.61
66 83 78.38
66 119 44.4
66 128 53.2
66 143 53.8
67 174 104.26
67 143 50.34
67 113 106.3
67 166 56.33
67 196 98.09
67 190 14.53
67 85 59.69
67 141 29.88
68 162 29.15
68 104 37.57
68 175 74.73
68 121 67.81
68 182 67.87
68 103 67.43
68 76 71.29
68 114 47.13
68 110 13.56
69 91 70.45
69 144 61.84
69 131 135.94
69 139 90.46
69 183 34.33
69 160 70.87
69 88 85.64
69 163 95.88
69 113 32.04
69 180 123.1
69 111 98.8
69 101 81.23
69 166 59.2
69 157 35.83
70 74 48.38
70 103 58.87
70 187 61.93
70 153 65.9
70 177 81.61
70 142 56.57
70 76 103.09
70 180 69.33
70 115 95.87
70 150 77.19
70 169 109.73
70 197 56.18
70 192 23.18
70 126 46.06
71 156 70.88
71 112 78.56
71 195 69.83
71 79 11.94
71 168 22.7
71 81 53.89
71 117 68.82
71 175 53.81
72 86 93.99
72 87 61.37
72 185 95.95
72 95 69.3
72 120 135.18
72 190 48.94
72 112 96.73
72 141 11.49
72 105 36.14
72 116 69.64
72 174 124.26
73 187 45.48
73 110 61.71
73 87 41.32
73 103 60.05
73 180 65.01
73 172 62.84
73 135 34.24
73 124 24.41
73 152 12.32
73 148 52.42
73 85 36.01
73 167 30.19
73 81 22.55
73 128 40.81
73 189 31.43
73 181 80.89
74 108 55.33
74 159 23.31
74 186 58.54
74 97 66.57
74 110 79.42
74 152 53.2
74 99 65.4
74 160 59.1
74 197 20.73
74 149 70.14
74 194 71.39
74 198 77.68
74 169 97.04
74 133 60.6
74 136 31.66
74 155 88.48
74 157 77.48
74 145 14.54
74 118 51.31
74 85 54.24
74 146 67.15
74 104 48.07
74 113 81.58
75 179 105.28
75 196 96.15
75 103 50.1
75 170 72.02
75 101 80.22
75 190 69.56
75 159 41.43
75 127 33.39
75 136 64.31
75 89 78.5
75 141 36
75 168 58.1
75 88 55.5
75 151 4.55
75 142 67.51
75 167 67.44
75 104 39.45
76 88 66.01
76 104 30.18
76 123 86.21
76 86 107.92
76 113 55.56
76 150 62.08
76 187 70.82
76 135 40.75
77 163 26.58
77 186 41.21
77 101 106.87
77 184 64.46
77 113 97
77 91 54.7
77 140 31.73
77 181 113.44
77 134 33.83
77 177 66.48
77 137 19.18
77 173 56.03
77 157 53.31
77 138 89.07
77 180 80.6
77 169 42.46
77 82 53.72
77 159 73.2
77 109 72.52
77 189 70.87
77 160 78.99
77 124 31.78
77 110 36.03
78 151 80.27
78 94 93.51
78 113 63.82
78 191 95.05
78 170 104.63
78 150 129.84
78 134 35.88
78 85 87.7
78 147 90.51
78 157 26.41
78 112 116.99
78 96 85.4
78 160 88.15
79 166 27.57
79 119 87.68
79 112 69.2
79 169 34.34
79 152 36.54
79 110 12.78
79 100 94.55
80 157 92.68
80 135 64.19
80 116 54.39
80 170 46.17
80 160 79.35
80 91 99.17
80 112 122.33
80 145 55.16
80 101 5.57
80 105 76.84
80 186 89.8
80 81 85.75
80 192 72.78
80 190 86.89
80 127 87.46
80 133 57.76
80 144 99.12
80 143 69.56
80 152 98.93
80 159 39.34
81 89 77.44
81 90 45.22
81 192 85.34
81 181 71.17
81 168 31.34
81 133 55.08
81 134 78.37
81 157 64.7
81 177 64.66
81 147 63.86
81 86 79.65
81 186 57.12
81 125 51.66
81 164 24.17
81 135 27.46
81 196 83.61
81 185 96.75
81 174 82.96
81 149 55.71
81 138 81.59
81 199 33.86
81 87 43.75
81 179 93.8
81 165 71.99
81 111 47.68
81 101 91.82
81 183 60.02
82 177 49.93
82 94 61.17
82 164 26.26
82 132 67.27
82 195 46.43
82 117 34.09
82 116 51.63
82 159 41.23
82 129 21.61
82 131 88.15
82 179 74.6
82 84 37.64
82 128 41.55
82 96 56.81
83 158 100.71
83 153 50.03
83 90 84.53
83 115 98.38
83 131 135.79
83 126 72.11
83 157 49.08
83 180 101.84
83 161 97.87
83 174 74.43
83 116 88.74
83 139 93.77
83 189 31.35
83 142 44.34
83 186 66.92
83 148 77.8
83 196 83.24
83 89 100.87
83 173 76.96
84 193 63.91
84 182 53.01
84 174 80.84
84 102 62.52
84 101 94.41
84 117 50.34
84 100 38.81
84 196 86.83
85 185 112.11
85 146 64.2
85 188 54.05
85 197 56.89
85 103 92.37
85 109 70.99
85 113 107.7
85 168 39.95
85 141 76.1
85 167 31.66
85 174 89.11
85 94 13.19
85 179 69.61
85 135 76.52
85 99 54.21
85 183 95.25
85 186 57.03
85 184 83.93
85 89 17.79
85 151 62.3
85 110 63.57
86 150 78.92
86 110 80.6
86 168 69.5
86 178 76.64
86 172 65.96
86 116 15.05
86 96 46.29
87 135 41.66
87 168 42.24
87 163 42.77
87 118 32.65
87 101 92.13
87 95 24.6
87 141 58.4
87 147 45.76
87 153 82.46
87 172 74.93
87 107 59.19
87 116 46.81
87 90 33.5
87 177 77.23
88 164 47.98
88 125 22.21
88 101 65.95
89 146 50.94
89 185 104.42
89 94 37.02
89 116 61.36
89 136 50.05
89 108 86.72
89 122 77.05
89 169 46.8
89 101 100.39
89 96 79.56
89 162 50.06
89 95 25.07
89 149 46.25
89 157 83.03
89 91 70.06
89 102 29.65
89 195 67.05
89 119 102.17
89 98 58.94
89 128 58.22
89 194 87.64
89 156 48.03
89 172 103.73
89 166 44.4
89 189 87.79
89 148 58.74
89 99 62.97
90 177 87.42
90 168 23.43
90 128 60.35
90 99 85.93
90 143 78.46
90 131 77.11
91 147 89.33
91 124 61.07
91 187 74.72
91 114 81.16
91 169 91.62
91 139 47.38
91 172 64.34
91 155 46.29
91 108 88.54
91 137 57.47
91 149 53.08
91 142 76.88
91 160 92.27
92 168 52.68
92 175 76.63
92 112 77.41
92 167 39.75
92 190 114.61
92 142 88.55
92 170 113.05
92 114 43.21
92 154 43.92
93 134 92.79
93 121 103.43
93 138 49.24
93 120 86.96
93 153 39.84
93 194 110.53
93 113 85.53
93 111 79.2
93 108 65.2
93 112 123.15
93 157 109.12
93 188 79.48
93 179 70.21
93 154 117.53
93 101 26.18
93 126 88.29
94 109 90.98
94 125 87.76
94 169 31.22
95 146 60.04
95 112 28.85
95 179 76.3
95 142 98.36
95 105 61.23
95 156 45.57
95 180 51.99
96 113 88.81
96 135 21.09
96 115 91.31
96 117 22.02
96 162 72.31
96 122 17.19
96 146 75.83
96 185 40.72
96 164 29.99
96 121 77.55
96 171 96
96 98 66.86
96 161 54.93
96 190 51.3
97 105 52.09
97 174 83.84
97 191 126.96
97 120 125.27
97 148 76.54
97 165 98.18
97 150 60.19
97 158 82.7
97 99 122.75
98 188 16
98 160 52.41
98 184 39.22
98 108 46.44
98 124 42.79
98 191 89.83
98 147 47.08
98 186 4.62
98 185 95.51
98 153 54.48
98 164 37.37
98 137 32.14
98 119 70.31
98 154 59.93
98 140 39.77
98 118 52.87
98 138 75.36
99 120 40.98
99 159 78.87
99 188 75.22
99 170 59.72
99 183 104.07
99 119 121.14
99 181 84.3
99 162 52.71
99 103 97.94
99 194 128.87
99 193 65.25
99 143 104.84
99 138 39.78
99 161 25.87
99 109 38.16
99 130 88.71
100 122 59.4
100 185 67.01
100 138 59.4
100 179 90.92
100 157 80.47
100 136 51.39
100 119 49.89
100 151 35.51
101 114 112.57
101 190 102.01
101 177 63.59
101 128 59.96
101 159 37.67
101 191 80.18
101 163 125.24
101 111 80.95
102 158 28.2
102 192 55.36
102 151 78.81
102 188 81.36
102 117 72.31
102 109 100.34
103 116 49.7
103 176 42.25
103 195 71.75
103 150 78.61
103 192 57.57
103 156 62.25
103 109 87.12
103 155 94.84
103 104 58.6
103 123 77.06
103 145 43.23
104 185 96.8
104 145 69.35
104 163 49.94
104 117 51.21
104 180 79.37
104 195 69.05
104 189 22.15
104 125 75.43
104 108 42.61
104 120 101.63
105 163 72.75
105 196 86.83
105 139 75.59
105 184 72.15
105 122 44.66
105 166 51.35
105 167 57.49
105 183 79.51
105 191 119.5
105 156 44.28
105 146 69.9
105 131 85.67
105 185 76.34
105 110 89.65
105 172 63.79
106 195 57.22
106 149 35.07
106 110 73.52
106 165 77.45
106 114 49.36
106 129 45.73
106 123 71.71
106 116 74.96
106 153 59.25
106 142 51.5
106 140 80.56
106 124 49.87
106 169 83.23
106 197 47.98
106 131 110.02
106 121 55.96
106 151 21.95
107 144 36.82
107 122 67.96
107 175 22.73
107 131 106.87
107 109 114.33
107 138 82.56
107 167 55.88
107 129 60.4
107 137 65.52
107 184 50.48
107 196 90.94
107 186 70.2
107 168 56.34
107 192 88.57
107 130 33.68
107 114 72.23
107 160 11.47
107 110 80.7
107 170 69.29
107 108 44.62
107 116 70.53
108 198 66.68
108 146 55.03
108 137 73.56
108 164 28.63
108 167 74.31
108 155 82.15
108 128 47.49
108 177 36.02
108 185 59.07
108 133 31.91
108 116 62.56
108 199 76.25
108 168 63.05
108 197 52.84
108 148 63.58
108 129 59.98
108 158 97.44
108 165 58.91
108 157 51.67
108 131 120.34
108 141 47.26
108 153 24.48
108 159 27.9
108 160 28.37
109 114 89.8
109 172 81.48
109 137 80.08
109 148 32.83
109 117 67.25
109 135 95.77
109 158 74.33
109 141 115.22
109 116 47.85
109 163 78.13
109 199 116.9
109 123 55.53
109 198 74.06
109 118 89.29
109 144 102.18
109 156 75.09
110 134 24.51
110 165 97.32
110 131 113.06
110 161 79.95
110 132 61.71
110 183 96.48
110 123 61.81
110 160 86.18
110 124 52.51
110 120 70.84
110 164 75.85
110 196 70.57
110 167 46.85
110 170 105.21
110 112 83.25
111 192 54.78
111 129 39.67
111 154 27.95
111 187 16.7
111 140 80.1
111 188 60.16
111 153 79.65
111 180 30.19
111 148 61.93
111 170 59
111 191 94.02
111 123 42.24
111 122 41.72
111 156 7.31
112 190 73.1
112 113 131.08
112 141 94.85
112 147 57.99
112 144 99.36
112 158 36.19
112 183 124.69
112 132 83.85
112 131 23.2
112 118 62.52
112 122 78.61
112 172 117.5
112 129 58.83
112 198 100.3
112 173 104.24
112 199 65.56
113 185 81.1
113 115 92.63
113 139 108.43
113 150 107.71
113 120 115.08
113 157 44.05
113 191 128.81
113 171 113.64
113 196 79.09
113 138 107.31
113 144 44.89
113 134 81.28
113 198 58.9
113 141 98.36
113 119 80.56
113 182 25.75
113 155 95.69
114 125 89.15
114 122 89.59
114 128 73.6
114 195 73.72
114 177 75.62
114 166 48.35
114 197 54.11
114 173 76.44
114 157 76.07
114 189 64.77
114 144 61.78
114 116 72.42
114 170 94.43
114 136 59.46
114 151 72.57
114 127 87.75
114 154 33.77
115 184 81.88
115 195 82.16
115 189 64.97
115 135 77.73
115 145 100.72
115 185 130.45
115 175 64.61
115 196 71.33
115 138 91.9
116 124 73.56
116 183 59.45
116 154 39.83
116 138 13.19
116 160 81.29
116 159 46.47
116 133 70.89
116 161 36.52
116 142 66.13
116 165 30.63
116 169 94.16
116 137 50.16
116 175 79.94
116 164 55.78
116 130 59.71
116 199 80.06
116 176 22.9
116 143 57.42
116 136 43.4
116 150 67.98
116 146 69.67
116 163 69.08
117 130 54.03
117 157 52.98
117 126 50.02
117 160 38.42
117 169 100.68
117 168 47.43
117 151 34.65
117 158 61.19
117 198 51.22
117 131 101.29
117 122 28.67
117 143 26.38
118 191 112.32
118 162 57.22
118 199 13.32
118 123 40.99
118 152 33.97
118 133 78.71
118 163 14.48
118 146 51.29
118 177 83.28
118 134 75.51
118 129 22.65
118 168 8.38
118 144 47.84
119 174 101.98
119 150 67.73
119 127 45.22
119 153 88.6
119 188 83.29
119 192 118.47
119 163 87.87
119 183 95.31
119 147 71.06
119 135 61.28
119 143 37.86
119 126 70.91
119 139 87.84
119 161 119.68
119 185 114.02
119 179 112.33
119 184 73.46
119 140 93.11
120 126 65.33
120 195 109.92
121 149 67.71
121 156 101.7
121 139 101.43
121 162 81.32
121 199 106.69
121 183 56.9
121 186 71.28
121 136 60.74
121 194 97.51
121 160 68.73
121 193 53.06
121 163 119.54
121 147 100.32
121 145 80.58
121 166 73.22
121 134 70.67
121 140 77.94
122 167 75.41
122 168 75.23
122 144 69.09
122 178 73.63
122 191 76.77
122 138 9.67
122 136 34.11
122 183 53.28
122 152 68.54
122 163 80.71
122 159 32.4
123 148 43.19
123 184 83.83
123 132 57.82
123 149 61.71
123 137 20.04
124 146 41.53
124 157 63.77
124 192 60.81
125 179 102.46
125 130 62.46
125 188 93.47
125 175 69.92
125 158 75.17
125 193 69.94
125 184 90.57
125 194 50.63
125 128 33.29
125 189 77.94
126 175 67.69
126 196 42.99
126 139 32.34
126 151 56.07
126 129 35.06
126 154 40.85
126 143 60.81
127 195 80.9
127 145 67.86
127 184 46.89
127 142 32.43
127 172 46.69
127 175 34.03
127 143 35.19
127 188 67.5
127 190 98.07
127 137 72.59
127 196 76.14
128 138 28.71
128 192 40.78
128 193 48.12
128 186 49.62
128 167 60.38
128 163 75.89
128 197 20.64
129 130 36.3
129 136 48.98
129 140 43.7
129 193 53.29
129 164 57.85
129 156 40.45
129 139 33.89
129 185 93.72
129 147 21.78
129 198 35.94
129 186 28.27
129 157 57.7
130 156 59.95
130 184 64.3
130 177 69.96
130 168 21.52
131 134 101.32
131 198 118.95
131 169 76.42
131 139 57.45
131 171 65.55
131 155 117.57
131 166 94.93
131 164 95.12
131 181 64.27
131 196 90.68
131 174 125.74
131 180 21.45
131 179 83.24
131 197 81.16
131 172 120.24
132 154 67.9
132 172 77.25
132 177 74.36
132 194 119.37
132 173 68.06
132 140 65.33
132 164 85.45
132 199 94.93
132 145 73.8
132 148 33.87
132 182 98.21
132 187 75.85
132 151 90.26
132 190 96.73
133 173 55.2
133 165 74.61
133 167 71.22
133 175 67.89
133 189 35.79
133 138 79.05
133 198 36.79
133 192 72.81
133 142 22.04
133 158 96.51
133 153 34.1
133 157 32.62
133 176 69.2
134 144 82.26
134 154 58.02
134 139 40.95
134 173 40.68
134 156 74.76
135 199 69.34
135 163 80.77
135 190 53.86
135 138 51.53
135 141 20.83
135 164 26.13
135 169 104.3
135 189 47.29
135 196 70.36
135 157 80.62
135 173 100.59
135 165 41.82
135 166 36.59
135 175 43.94
135 198 76.81
136 182 57.68
136 193 22.27
136 138 52.15
136 185 57.31
136 180 59.48
136 152 43.93
136 164 42.38
136 170 52.37
136 142 35.02
136 159 28.95
136 148 23.2
136 169 85.43
137 165 74.69
137 155 52.81
137 181 85.35
137 169 37.17
137 167 21.2
137 142 78.93
137 145 75.13
137 187 27.17
137 163 26.5
137 193 57.69
137 197 51.25
137 179 52.14
138 150 59.69
138 177 73.36
138 157 89.69
138 154 61.19
138 186 61.39
138 180 37.96
138 190 67.21
138 141 60.69
138 165 17.34
138 153 60.78
138 159 37.35
139 149 49.23
139 164 69.75
139 159 59.83
140 155 3
140 182 85.84
140 197 70.73
140 184 56.64
140 162 28.8
140 146 30.16
140 164 85.72
140 192 71.67
140 198 33.56
140 193 67.04
140 173 18.26
140 141 121.28
140 190 130.65
140 174 47.31
141 160 37.31
141 184 84.36
141 150 37.81
141 198 84.79
141 155 115.72
141 196 96.17
142 179 81.12
142 158 83.76
142 153 16.4
142 190 98.39
143 191 111.51
143 159 38.58
143 189 37.87
143 167 62.61
143 171 95.04
143 177 63.83
143 176 46.53
143 145 43.62
143 198 75.41
143 148 76.6
143 199 65.36
143 156 64.12
143 195 43
144 156 71.01
144 179 102.27
144 147 58.11
144 190 78.13
144 186 40.3
144 180 85.71
144 193 60.35
144 176 58.92
144 181 86.23
144 189 26.73
144 148 59.92
144 178 75.45
144 191 132.44
144 152 22.2
145 191 90.32
145 185 50.8
145 158 60.17
145 183 43.6
145 169 107.03
145 172 47.05
145 173 102.99
145 192 62.03
145 179 62.46
145 175 67.51
145 162 86.94
145 184 72.83
145 190 53.11
145 160 63.17
145 170 26.14
146 162 41.91
146 147 46.95
146 165 93.33
146 197 54.13
146 167 37.99
146 187 63.07
146 180 88.02
146 192 75.64
146 176 66.52
146 163 55.81
146 154 52.89
147 166 58.81
147 148 77.65
147 155 51.46
147 198 64.61
147 188 79.26
147 153 93.9
147 161 100.57
147 169 23.85
147 185 122
147 190 91.66
147 154 29.9
147 151 60.48
147 167 23.21
147 173 71
147 180 69.17
147 165 105.68
147 170 103.77
147 183 101.12
148 149 38.5
148 183 64.94
148 160 83.22
148 172 48.82
148 166 21.08
148 170 67.97
148 174 31.52
148 194 101.26
148 195 80.62
148 178 81.47
148 181 111.8
148 185 69.06
149 199 32.19
150 156 32.08
150 179 95.13
150 197 42.32
150 185 88.17
150 189 72.26
150 190 11.47
150 169 103.15
150 167 63.35
150 165 54.53
150 159 74.64
150 168 68.7
150 154 62.2
151 177 47.05
151 195 56.95
151 182 38.35
151 199 59.15
151 198 65.84
151 184 54.34
151 168 35.89
152 182 42.91
152 162 61.21
152 189 31.14
152 196 80.82
153 179 80.12
153 154 94.29
153 158 84.27
153 163 92.95
153 176 49.84
154 197 53.32
154 166 38.45
154 162 37.99
154 173 79.85
154 180 48.28
154 163 12.72
154 183 90.29
154 189 71.93
155 196 62.46
155 162 45.6
155 182 103.41
156 177 90.29
156 171 55.75
156 164 55.86
156 186 46.66
156 198 70.29
156 161 62.6
156 183 75.09
156 157 89.85
156 190 42.74
156 160 71.86
156 196 64.7
156 162 61.53
156 197 35.76
156 168 47.15
157 171 81.93
157 197 77.95
157 191 99.2
157 158 84.1
157 177 20.89
157 188 26.66
157 166 36.82
157 184 28.25
157 165 98.05
157 168 58.22
157 162 58.94
157 167 60.07
157 180 113.6
157 179 74.84
157 193 57.91
157 161 94.64
158 186 59.14
158 195 57.6
159 189 31.56
159 197 41.05
159 179 63.17
159 186 42.89
160 162 85.35
160 176 48.17
160 170 76.92
160 161 104.73
160 169 103.65
160 184 41.19
160 198 62.01
160 180 98.12
160 186 48.95
160 185 97.51
160 177 55.19
161 171 92.86
161 163 98.53
161 164 86.44
161 184 83.29
161 187 82.85
161 190 94.84
161 195 85.03
161 179 19.87
161 194 128.4
161 182 101.68
161 183 77.25
161 191 26.95
161 196 30.45
162 191 53.85
162 176 83.13
162 179 37.59
163 197 64.26
164 198 48.88
164 170 66.86
164 167 49.65
164 189 10.65
164 192 62.79
164 173 67.42
165 197 58.47
165 168 84.16
165 181 57.42
165 170 7.39
165 186 82.09
165 185 37.39
165 182 78.2
165 175 92.51
166 199 58.51
166 189 30.67
166 178 50.64
166 181 78.34
166 196 48.85
166 179 64.72
166 195 68.23
166 192 55.91
167 170 100.13
167 198 46.72
167 195 65.13
167 182 86.11
167 175 57.16
167 183 89.45
167 189 57.57
167 184 67.34
167 177 71.15
167 179 87.98
168 174 66.94
168 194 57.41
168 197 29.64
169 192 96.65
169 175 76.17
169 191 111.32
169 194 94.03
169 173 79.5
170 196 53.23
170 171 96.16
170 186 82.08
170 182 97.92
170 173 110.96
170 188 66.75
170 198 91.63
170 194 104.12
171 183 116.2
171 193 75.76
171 182 121.86
171 176 91.13
171 198 73.65
171 178 40.75
171 185 121.82
172 180 103.89
172 175 76.01
172 188 38.71
172 185 50.49
172 192 72.93
172 174 51.31
173 181 142
173 196 67.85
173 185 99.59
173 192 74.38
173 195 119.83
173 190 141.62
173 191 99.04
173 183 68.58
173 179 89.78
174 189 66.6
174 196 39.8
174 194 108.49
174 181 126.27
174 185 81.21
174 191 69.93
175 176 58.7
175 191 127.42
175 187 63.07
176 195 33.72
176 182 75.14
177 193 38.07
177 189 19.11
177 180 108.73
178 182 104.59
178 198 72.36
178 180 41.07
178 192 63.89
178 186 67.27
178 183 109.16
178 185 101.6
178 179 74.69
178 190 47.58
179 197 78.5
179 198 80.72
179 180 55.64
180 194 98.89
180 193 69.41
180 191 75.01
180 192 54.42
180 184 106.23
180 195 31.87
180 183 103.35
180 186 76.57
181 185 84.6
181 183 109.66
182 190 103.51
182 193 63.2
182 196 91.97
182 191 124.17
182 183 36.99
182 195 94.1
182 189 20.77
183 187 89.43
183 190 103.3
183 188 49.47
183 196 52.23
183 189 54.36
184 188 39.01
185 192 58.23
185 195 99.01
185 190 87.71
186 193 35.17
186 190 85.96
186 194 81.56
186 196 37.48
186 188 20.42
186 195 66.56
186 197 42.75
187 198 62.46
187 189 77.82
188 196 39.54
188 195 90.66
188 190 103.74
188 199 68.53
189 194 54.86
189 192 85
189 191 103.91
189 197 46.25
190 196 106.3
190 191 113.42
191 192 34.77
191 195 120.14
192 194 110.02
192 197 50.98
192 195 64.47
192 196 30.65
193 196 28.7
193 194 85.26
193 198 39.01
194 199 48.42
194 197 46.38
194 196 100.69
195 198 99.45
195 199 62.87
196 199 92.14
196 197 67.96
197 198 56.29
198 199 56.77
