0 199 58.57
0 86 78.74
0 1 83.24
0 189 51.95
0 194 107.66
0 73 32.14
0 58 87.97
0 134 101.27
0 181 102.49
1 62 69.59
1 165 36.93
1 65 59.44
1 70 59.77
1 153 44.83
1 54 92.6
1 78 52.81
1 113 93.84
1 136 100.43
1 172 67.82
1 82 55.34
1 52 63.22
1 13 60.34
1 5 82.27
1 32 93.27
1 11 30.06
1 110 88.62
1 46 98.71
1 117 65.37
1 167 34.53
1 89 37.46
1 79 95.8
1 195 109.73
2 190 84.37
2 77 88.71
2 41 63.48
2 124 100.97
2 37 70.37
2 75 29.51
2 42 126.08
2 164 89.29
2 93 77.84
2 102 76.05
2 139 76.59
2 158 116.08
3 101 37.25
3 11 86.14
3 125 48.07
3 86 48.09
3 129 89.33
3 27 81.43
3 66 88.35
3 154 128.33
3 153 73.85
3 91 94.53
3 127 58.66
3 5 29.14
3 192 28.61
3 37 78.81
3 96 85.95
3 42 80.65
3 157 52.23
3 191 24.44
3 65 80.24
3 28 81.47
3 94 46.98
3 119 58.07
4 156 138.34
4 198 13.62
4 139 58.76
4 125 94.05
4 165 89.19
4 177 101.26
4 10 80.35
4 14 48.34
4 107 51.61
4 73 84.65
4 96 110.27
4 98 61.19
4 137 92.07
4 121 86.09
4 155 24.66
4 79 79.19
5 129 91.49
5 52 45.77
6 49 119.22
6 125 36.17
6 109 119.05
6 61 55.49
6 84 88.5
6 64 84.12
6 163 74.27
6 184 91.38
6 124 98.75
6 193 85.31
6 121 103.53
6 178 26.03
6 160 113.75
6 82 47.3
6 58 121.13
6 10 86.45
6 87 78.74
6 75 41.95
6 89 108.73
6 111 45.55
6 195 58.42
6 83 63.8
6 131 79.56
6 164 74.07
6 140 15.54
6 76 70.55
6 79 54.66
7 43 34.37
7 144 20.52
7 79 31.15
7 85 89.2
7 62 6.42
7 197 26.22
7 94 47.64
7 178 14.03
7 186 51.21
7 135 73.29
7 110 26.74
7 27 97.55
8 131 98.61
8 19 90.54
8 198 43.65
8 121 57.2
8 182 87.21
8 63 73.69
8 157 56.77
9 51 137.43
9 190 86.63
9 166 86.96
9 182 78.11
9 45 83.18
9 137 90.48
9 90 83.45
9 91 94.06
9 101 59.03
9 114 54.12
9 150 75.66
9 147 66.91
9 164 58.57
9 48 64.17
9 74 95.99
9 149 46.7
9 31 52.79
9 55 74.46
9 61 40.74
9 64 91.08
9 171 71.81
10 64 13.82
10 149 57.15
10 49 86.36
10 40 57.85
10 47 75.5
11 160 85.13
11 149 61.03
11 171 48.51
11 152 82.71
11 48 47.64
11 46 116.04
11 184 68.54
11 128 83.77
11 26 75.04
11 49 63
11 59 51.93
11 107 76.25
11 105 64.48
11 81 91.24
12 66 68.49
12 91 67.65
12 74 86.42
12 17 54.23
12 196 78.91
12 82 28.19
12 158 65.93
12 16 77.07
12 53 76.32
12 14 55.84
12 124 69.14
12 18 90.07
12 172 14.56
12 140 44.68
12 57 68.45
12 38 53.55
12 25 57.63
12 63 42.21
12 118 45.4
13 29 64.31
13 57 81.98
13 182 64.24
13 179 74
13 181 106.16
13 89 64.11
13 195 78.11
13 110 74.7
13 30 57.16
13 129 100.4
13 169 86.35
13 142 107.04
13 113 108.77
13 37 45.05
13 42 34.27
13 145 70.05
13 125 85.07
14 132 64.65
14 82 71.1
14 42 41.11
14 21 22.89
14 185 53.22
14 28 39.42
14 139 46.62
14 43 59.57
14 127 14.07
14 159 63.44
14 119 46.56
14 114 37.72
14 134 65.58
15 123 65.24
15 187 55.11
15 26 91.87
15 86 87.7
15 147 80.54
15 36 109.45
15 135 49.85
15 92 95.04
15 48 56.26
15 188 18.94
15 186 55.8
15 121 90.05
15 159 42.03
15 151 106.85
15 96 98.89
15 57 93.78
15 141 30.59
15 40 42.79
15 77 68.04
15 90 39.13
15 113 71.52
15 157 64.62
15 146 30.48
15 156 76.03
15 46 112.11
15 21 83.71
15 148 69.78
15 185 65.72
15 61 54.88
15 27 111.55
16 82 80.45
16 162 66.58
16 54 37.59
16 134 91.46
16 35 114.72
16 38 83.41
16 65 82.67
16 179 97.46
16 159 81.76
16 106 12.25
16 64 74.54
16 44 28.91
16 127 86.59
16 46 68.58
16 139 28.54
16 121 86.89
16 164 46.93
16 96 74.52
16 108 72.79
16 70 59.63
16 119 78.33
16 86 93.35
16 198 92.21
16 88 36.81
16 166 85.56
16 175 73.87
17 139 86.8
17 74 24.88
17 189 33.28
17 163 89.85
17 116 72.41
17 102 109.12
17 173 57.86
17 110 75.88
17 49 76.06
17 75 51.17
17 98 75.81
17 62 66.77
18 168 127.65
18 20 68.03
18 134 62.06
18 157 72.46
18 133 57.38
18 132 87.71
18 52 9.53
18 38 91.31
18 156 114.71
18 145 90.11
18 189 75.72
18 176 33.3
18 163 93.34
18 147 96.82
18 159 88.58
18 121 60.66
18 180 36.83
18 71 67.05
18 51 72.47
18 185 89.54
18 53 25.25
18 30 40.33
18 75 96.21
19 70 49.06
19 149 46.88
19 174 60.6
19 173 57.92
19 168 78.61
19 77 52.23
19 56 71.02
19 141 51.45
19 101 104.48
19 142 69.05
19 162 61.94
19 190 49.42
19 75 51.67
19 36 91.14
19 159 39.43
19 41 85.02
19 187 76.1
19 152 92.56
19 184 67.74
19 57 89.82
19 194 23.31
19 64 64.04
19 45 56.84
19 176 84.15
19 107 91.32
19 80 50.04
20 49 69.05
20 140 46.23
20 93 67.9
20 69 15.52
20 78 52.16
20 182 87.1
20 186 30.81
20 176 67.63
20 111 35.93
20 44 47.42
20 59 82.3
20 37 71.52
20 21 19.33
20 108 80.42
20 63 97.5
20 52 53.49
20 198 61.94
20 144 68.13
20 146 60.98
20 135 86.99
20 171 79.59
20 24 72.11
20 114 36.95
20 29 62.03
20 194 93.28
20 162 31.54
20 34 47.76
20 74 70.16
20 38 75.99
20 102 59.9
21 157 48.61
21 112 89.09
21 52 38.97
21 30 63.42
21 92 60.03
21 199 90.16
21 190 83.99
21 177 61.73
21 195 57.61
21 26 29.64
21 151 67.6
21 56 18.98
21 124 65.03
21 76 65.8
21 117 50.85
21 168 84.69
21 160 31.46
21 129 87.28
21 173 49.87
21 176 35.83
21 82 75.94
21 125 69.01
21 146 78.22
21 39 65.36
21 140 61.07
21 29 49.44
21 40 72.92
21 156 106.39
22 183 122.58
22 114 87.67
22 113 140.45
22 91 111.14
22 168 128.79
22 149 91.89
22 187 144.88
22 110 102.74
22 124 40.38
22 74 118.16
22 159 85.05
22 70 90.32
22 194 86.81
22 146 108.52
22 166 63.82
22 148 88.65
22 154 84.1
22 61 108.82
22 57 104.11
22 103 88.58
23 182 60.4
23 150 94.75
23 25 69.18
23 116 37.63
23 132 44.27
23 186 72.21
23 52 60.92
23 90 74.13
23 154 75.99
23 178 73.12
23 72 50.19
23 183 105.18
23 81 51.67
23 53 55.78
23 34 82.23
23 97 50.52
23 165 31.53
23 104 81.28
23 95 55.02
24 194 79.49
24 62 83.78
24 120 83.03
24 142 128.17
24 191 93.01
24 121 37.1
24 36 92.39
24 172 65.1
25 54 43.94
25 165 72.54
25 175 40.4
25 198 85.41
25 65 53.76
25 197 27.55
25 133 18.62
25 168 50.68
25 41 54.61
25 100 54.31
25 78 52.08
25 109 72.79
25 93 54.55
25 79 44.79
25 142 52.56
25 46 91.89
25 44 48.45
25 70 42.62
25 74 41.58
25 73 64.63
26 48 58.36
26 100 62.98
26 143 98.78
26 46 64.61
26 156 104.1
26 180 33.96
26 102 81.12
26 123 108.45
26 134 61.28
26 61 79.99
26 89 94.64
26 40 78.16
26 162 56.99
26 84 57.27
26 41 62.13
26 145 86.21
26 127 24.1
27 172 72.63
27 149 85.6
27 68 92.74
27 62 73
27 79 104.14
27 182 84.89
27 87 71.83
27 108 111.76
27 95 69.71
27 143 122.3
27 170 101.98
27 161 79.35
27 176 19.82
27 100 41.16
27 72 68.23
27 39 22.54
27 56 67.14
27 178 106.21
27 142 134.64
27 119 88.74
27 129 106.68
27 166 47.61
27 190 108.22
27 104 86.67
27 102 71.82
27 43 96.51
28 48 71.15
28 29 83.73
28 91 98.98
28 124 35.9
28 32 92.13
28 108 119.41
28 95 78.01
28 52 46.38
28 75 93.02
28 157 77.75
28 132 69.74
28 170 106.44
28 188 87.38
28 142 135.32
28 46 47.94
29 60 49.61
29 161 53.01
30 173 29.38
30 66 78.1
30 151 54.58
30 125 92.01
30 61 59.34
30 94 50.91
30 74 65.07
30 150 64.35
30 118 34.24
30 105 79.6
30 198 67.27
30 44 88.07
30 197 82.48
30 154 63.94
30 79 93.88
30 43 51.82
30 47 70.71
30 75 70.2
30 191 78.67
30 41 68.13
30 87 106.53
31 65 71.27
31 84 49.14
31 108 71.76
31 131 67.1
31 99 53.77
31 113 88.95
31 150 67.06
31 48 31.69
31 78 52.18
31 58 55.26
31 56 19.31
31 75 64.05
31 44 32.28
31 89 82.28
31 178 74.86
31 73 38.75
32 78 95.69
32 72 56.89
32 84 98.72
32 59 49.33
32 102 38.42
32 88 33.16
32 175 55.48
33 91 88.07
33 111 86.31
33 188 86.77
33 105 25.67
33 162 111.35
34 139 44.64
34 160 75.37
34 71 70.95
34 126 63.2
34 46 78.54
34 179 80.58
34 110 39.77
34 83 46.39
34 76 70.58
34 50 65.45
34 168 46.04
34 193 76.22
34 133 58.01
34 59 61.64
34 146 61.5
34 170 64.9
34 176 95.3
34 56 46.94
34 161 85.36
34 159 76.39
34 149 40.46
34 45 88.82
34 122 35.31
34 96 72.01
34 174 70.29
34 130 82.32
34 180 88.68
34 114 76.43
35 192 90.72
35 65 40.37
35 46 113.45
35 80 59.99
35 158 49.11
35 130 65.45
35 51 20.47
35 40 75.96
35 160 73.61
35 104 98
35 111 61.47
35 91 45.32
35 132 76.54
35 148 36.22
35 176 81.53
35 115 42.23
35 100 71.66
35 88 105.23
35 43 52.35
35 49 37.66
35 123 103.67
35 103 42.47
36 85 58.12
36 122 30.12
36 40 65.75
36 170 86.95
36 179 103.65
36 57 51.22
36 186 72.6
36 150 113.37
36 62 37.18
36 183 119.78
36 112 76.42
36 153 87.61
36 180 78.51
36 176 75.13
36 114 88.22
36 182 37.04
36 128 95.71
36 196 62.31
37 52 93.66
37 45 70.6
37 66 73.46
37 198 102.93
37 85 64.4
37 57 84.4
37 189 47.72
37 64 42.24
37 39 49.78
37 55 52.03
37 56 54.87
37 148 81.44
37 172 14.73
37 167 42.88
37 116 13.29
37 87 71.17
37 146 67.26
37 190 68.64
37 98 60.82
37 48 24.22
37 163 40.08
37 126 35.02
37 93 31.86
38 131 81.95
38 174 63.86
38 168 60.7
38 161 55.32
38 69 67.45
38 60 17.16
38 176 95.72
38 96 113.86
38 91 40.37
39 175 59.5
39 164 24.02
39 59 103.17
39 189 75.59
39 62 60.13
39 141 104.95
39 51 85.42
39 151 47.15
39 78 60.29
39 93 39.53
39 67 86.94
39 197 95.12
39 131 61.66
39 54 74.85
39 94 35
39 162 60.3
39 110 57.48
39 55 17.8
39 109 63.42
39 71 80.67
39 77 35.84
39 173 44.43
39 72 50.74
39 56 39.55
39 42 46.39
39 68 76.5
39 73 55.92
39 112 72.58
39 40 64.35
39 116 45.13
39 76 29.61
39 163 52.58
39 127 39.48
39 147 37.28
40 163 49.11
40 153 53.88
40 47 55.59
40 61 57.33
40 78 72.98
40 168 68.39
40 88 47.05
40 71 52.58
40 144 54.94
40 117 41.15
40 179 68.05
40 136 96.38
40 67 59.96
41 91 85.48
41 88 57.95
41 68 82.94
41 183 94.19
41 43 50.34
41 79 29.37
41 147 31.35
41 59 74.66
41 149 37.41
41 120 51.96
41 137 82.74
41 129 90.61
41 93 64.78
41 168 64.15
41 126 48.86
41 104 17.88
41 66 80.48
41 67 70.33
41 179 83.38
41 197 47.8
41 106 31.48
41 61 61.06
42 47 81.01
42 183 99.97
43 61 36.54
43 56 64.42
43 62 32.12
43 179 53.1
43 110 50.61
43 124 80.81
43 72 28.15
43 118 19.57
43 136 87.31
43 175 31.14
43 74 33.85
43 180 67.08
43 106 86.87
43 152 48.85
43 78 69.13
43 127 46.92
43 198 87.91
43 95 36.71
43 122 57.6
43 119 41.9
43 63 61.25
44 175 66.31
44 120 49.75
44 155 63.93
44 136 61.08
44 64 66.56
44 146 65.12
44 67 60.13
44 113 52.53
44 99 26.83
44 102 29.34
44 158 70.78
44 180 82.03
44 172 48.3
45 75 76.24
45 188 25.85
45 67 26.61
45 138 22.47
45 59 75.72
45 88 68.61
45 159 70.75
45 106 92.64
45 50 26.54
45 80 31.31
45 52 55.53
45 122 79.36
45 79 71.57
45 147 76.35
45 149 39.86
45 55 93.2
45 85 117.86
45 115 36.67
45 54 65.38
45 170 59.5
45 110 96.92
46 175 82.06
46 80 89.1
46 116 75
46 109 96.79
46 73 31.24
46 169 126.11
46 98 59.43
46 176 54.34
46 122 28.5
46 142 120.49
46 198 97.2
46 94 53.69
46 133 81.37
46 134 107.08
46 111 83.28
46 53 99.42
46 156 81.92
46 72 79.43
46 81 70.4
47 148 107.37
47 169 64.39
47 175 42.98
47 102 62.71
47 179 51.65
47 75 50.39
47 123 52.27
47 134 39.54
47 66 70.44
47 109 84.13
48 156 60.17
48 55 61.28
48 197 57.98
48 120 37.42
48 179 46.37
48 50 49.72
48 59 53.06
48 116 33.33
48 73 52.63
48 144 68.32
49 71 61.27
49 145 79.55
49 169 68.62
49 59 112.14
49 186 57.6
49 67 95.28
49 57 84.39
49 120 97.04
49 182 94.51
49 85 65.35
49 187 119.02
49 172 88.14
49 124 47.35
49 60 82.04
49 100 82.31
49 56 52.92
49 163 103.11
49 168 123.24
49 76 88.3
49 83 68.32
49 103 80.06
49 143 66.65
49 157 90.2
50 88 48.15
50 122 76.07
51 143 52.37
51 91 65.67
51 69 100.54
51 99 130.48
51 174 101.43
51 136 124.76
51 70 83.59
51 171 89.13
51 75 99.14
52 178 95.74
52 169 72.89
52 63 101.18
52 75 92.28
52 107 40.13
52 182 101.58
52 130 101.26
53 73 90
53 86 36.27
53 129 59.91
53 91 51.52
53 85 66.43
53 130 79.17
53 137 56.63
53 81 57.51
53 71 54.06
53 98 37
53 163 102.79
53 65 51.09
53 97 46.26
53 147 84.8
53 112 88.37
53 131 93.17
53 181 64.44
53 185 74.83
53 145 72.97
53 110 106.57
53 141 65.4
53 111 61.98
53 115 62.16
53 175 53.15
54 94 41.13
54 121 66.2
54 161 76.71
54 171 87.47
54 62 69.92
54 199 108.72
54 182 75.87
54 146 79.7
54 113 81.15
54 134 61.19
54 118 58.58
54 68 78.49
54 179 70.16
54 67 57.75
54 188 79.87
54 85 80.02
54 139 28.04
55 136 76.75
55 187 126.88
55 163 51.45
55 157 62.87
55 132 55.24
55 129 99.06
55 69 55.39
55 182 64.59
55 188 100.57
55 76 58.81
55 181 123.23
55 196 40.33
55 176 36.07
55 175 74.29
55 180 52.36
55 151 57.37
55 190 121.27
55 144 108.88
56 132 70.8
56 190 66.38
56 147 51.73
56 183 68.58
56 65 69.66
56 131 75.89
56 70 48.58
56 83 5.91
56 109 64.11
56 62 58.05
56 117 29.32
56 76 66.64
56 135 75.46
56 87 47.03
56 150 40.75
57 94 57.18
57 125 53.84
57 178 54.75
57 76 82.28
57 149 38.89
57 84 70.7
57 98 70.74
57 121 77.79
57 66 72.68
57 142 79.15
57 81 92.41
57 100 76.2
57 63 99.95
57 73 50.61
57 67 55.41
57 88 52.29
57 171 81.08
57 59 78.27
57 164 42.98
57 71 58.79
57 109 111.65
57 82 81.62
57 162 32.55
57 72 70.84
58 106 101.86
58 151 27.37
58 102 80.94
58 74 92.23
58 175 46.07
58 159 66.44
58 114 60.41
58 143 71.97
58 158 24.66
58 98 27.44
58 82 88.55
59 66 29.87
59 136 119.48
59 183 94.28
59 80 57.96
59 182 57.62
59 70 49.32
59 173 99.14
59 62 39.95
59 165 69.14
59 170 24.63
59 121 95.83
59 152 48.86
60 68 44.01
60 94 61.03
60 89 88.37
60 147 62.3
60 75 53.53
60 148 99.68
60 182 76.25
60 186 40.34
60 95 41.68
60 174 80.91
61 135 76.61
61 114 28.19
61 71 27.01
61 149 38.13
61 142 63.19
61 104 35.36
61 175 49.92
61 190 50.28
61 75 62.59
61 97 62.59
62 162 58.36
62 148 106.27
62 93 57.4
62 141 74.69
62 188 38.69
62 119 61.77
62 79 35.41
62 84 84.04
62 122 23.06
62 80 30.1
62 123 29.62
62 109 74.33
62 85 77.46
62 160 78.37
63 97 64.74
63 180 48.06
63 107 60.23
63 86 77.46
63 179 78.44
63 105 15.36
63 134 110.95
63 139 103.68
63 195 93.26
63 166 43.17
63 171 47.98
63 168 86.16
63 192 61.45
63 154 67.7
63 181 100.43
63 158 56.81
63 165 34.05
63 70 43.66
63 159 40.67
63 196 62.26
64 114 82.28
64 150 111.26
64 104 88.87
64 98 46.55
64 136 104.76
64 115 80.07
64 144 89.65
65 108 64.76
65 168 86.15
65 100 74.61
65 89 70.01
65 92 96.45
65 136 71.3
65 126 54.44
66 186 71.23
66 91 51.65
66 196 108.39
66 125 58.9
66 76 88.77
66 104 94.53
66 178 26.35
66 79 61.8
66 141 51.87
67 142 71.66
67 163 97.03
67 125 58.04
67 143 59.03
67 111 29.6
67 186 30.87
67 175 40.58
67 131 98.36
67 94 66.89
67 90 62.09
67 72 56.02
67 169 55.4
67 181 63.19
67 101 61.75
67 182 91.01
67 167 78.23
67 154 102.07
67 113 55.84
67 198 79.36
67 171 59.78
67 151 104.28
67 174 75.58
68 176 82.51
68 184 64.44
68 100 64.26
68 77 54.07
68 174 58.78
68 135 24.16
68 88 88.52
68 161 19.63
68 192 88.76
68 85 97.66
68 140 54.32
68 186 51.05
68 80 52.43
68 120 57.15
68 185 54.54
68 154 36.39
68 162 65.15
68 141 48
68 84 60.41
69 130 72.88
69 154 102.61
69 175 43.67
69 178 54.32
69 165 56.78
69 112 72.75
69 141 83.72
69 153 53.95
70 148 93.49
70 79 44.77
70 76 26.07
70 84 82.95
70 182 25.72
70 154 83.45
70 86 78.53
70 159 22.36
70 89 59.31
70 74 74.18
70 195 47.26
70 83 56.96
70 160 74.3
70 153 48.31
70 118 35.66
70 72 30.46
71 105 85.6
71 163 85.49
71 76 76.1
71 95 23.91
71 98 66
71 84 31.01
71 90 48.73
71 124 75.49
71 82 53.56
71 155 53.33
71 94 51.72
71 144 69.94
71 111 21.44
71 185 76.35
71 165 69.65
71 119 27.89
71 114 12.84
71 121 85.77
71 148 88.7
71 75 63.1
71 83 39.15
71 100 81.16
71 135 62.49
71 172 81.69
72 126 30.97
72 89 43.5
72 181 58.41
72 120 33.51
72 145 13.08
72 157 49.44
72 116 39.7
72 173 57.08
72 172 53.03
72 174 45.16
72 141 61.66
72 112 29.55
72 96 69.22
72 144 65.38
72 165 23.46
72 110 52.49
72 118 27.73
73 120 74
73 109 90.41
73 121 40.91
73 138 102.14
73 88 66.78
73 95 49.68
73 167 67.49
73 115 79.73
73 174 54.1
73 166 55.89
73 98 61.13
73 97 64.66
74 108 60.57
74 149 64.87
74 91 17.6
74 182 88.07
75 168 44.74
75 121 72.88
75 142 39.71
76 187 88.58
76 164 49.16
76 81 79.56
76 104 70.29
76 77 55.33
76 78 69.85
76 105 14.48
76 157 39.68
76 165 15.29
76 119 78.58
76 85 74.52
76 102 51.58
76 154 64.26
76 162 69.38
76 190 83.15
76 103 64.6
76 167 43.66
76 156 31.16
76 153 70.66
76 117 24.9
76 123 72.32
76 189 60.05
76 139 85.02
76 127 52.25
76 130 52.08
77 178 52.52
77 189 50.14
77 129 60.26
77 79 63.18
77 138 59.23
77 197 62.55
77 172 46.71
77 127 13.92
78 89 82.8
78 154 83.49
78 158 58.13
78 193 48.37
78 152 87.65
78 147 85.64
78 80 49.55
79 98 85.85
79 177 49.75
79 85 102.67
79 174 63.43
79 173 98.19
79 134 78.14
79 161 95.7
79 80 49.5
79 119 83.56
79 136 54.32
79 135 115.85
79 121 83.59
79 181 102.92
79 128 100.95
79 116 68.49
79 93 89.09
79 155 82.39
80 191 33.27
80 182 65.65
80 153 31.57
80 166 56.23
80 106 62.59
80 122 56.05
80 149 19.59
80 92 77.77
80 142 49.94
80 143 61.09
80 103 37.61
81 174 113.46
81 130 102.23
82 195 70.1
82 184 76.37
82 138 73.68
82 152 61.91
82 198 106.99
82 102 79.65
82 94 65.91
82 173 84.67
82 178 11.68
82 92 101.66
82 134 83.56
82 104 71.45
82 118 40.71
82 105 62.42
82 143 63.24
82 132 39.31
82 122 72.21
82 103 29.89
82 151 116.1
82 168 60.38
82 110 67.61
83 165 56.93
83 195 51.75
83 183 76.84
83 116 67.28
83 104 24.6
83 180 74.14
83 181 80.97
83 124 71.38
83 184 36.36
83 129 81.22
83 97 21.78
83 193 34.04
83 175 52.01
84 105 106.6
84 118 39.76
84 132 91.94
84 112 91.18
84 165 79.14
84 170 82.58
84 199 104.7
84 97 37.97
84 146 61.71
84 158 72.07
84 139 55.75
84 96 119.11
84 125 84.58
84 184 48.94
84 147 81.32
84 190 57.86
84 166 58.44
84 141 48.49
84 151 79.88
84 87 94.15
85 86 55.42
85 90 107.55
85 104 77.53
85 91 113.06
85 119 75.34
86 158 48.08
86 189 63.67
86 184 15.71
86 155 43.36
86 136 46.83
86 103 66.85
86 126 52.03
86 105 84.86
86 168 103.68
86 133 53.17
86 157 67.44
86 179 36.08
86 95 41.4
86 89 96.72
86 160 18.38
86 170 82.31
86 91 71.99
86 150 42.65
86 152 94.75
86 161 67.78
86 109 52.51
86 164 50.26
86 145 77.2
86 106 75.07
86 135 44.59
86 167 67.03
87 176 75.72
87 111 66.93
87 95 74.48
87 198 80.41
87 171 78
87 115 94.98
87 165 79.59
87 173 100.22
87 105 92.84
87 92 58.69
87 101 67.55
87 182 62.29
87 126 64.03
88 90 45.74
88 117 51.45
88 145 55.11
88 186 65.34
89 101 114.47
89 173 59.92
89 190 82.64
89 116 47.52
89 178 78.53
89 187 93.13
89 128 82.07
89 134 102.44
89 195 124.94
89 118 73.67
89 161 35.31
89 125 101.86
89 123 87.7
89 159 39.89
89 137 74.55
90 164 75.52
90 146 43.11
90 97 87.85
90 173 67.91
90 197 42.77
90 121 76.15
90 150 112.5
91 142 78.64
91 180 79.45
91 145 56.21
91 194 27.75
91 149 47.95
91 136 87.67
91 105 85.89
91 147 85.24
91 92 103.47
91 120 44.8
91 181 12.76
91 114 44.38
91 98 76.53
91 117 59.78
92 155 80.52
92 114 65.17
92 97 46.96
92 170 110.49
92 103 104.5
92 136 67.7
92 144 108.59
92 199 76.21
92 122 43.45
93 118 24.63
93 134 74.8
93 195 76.55
93 164 60.7
93 198 74.71
93 146 46.17
93 141 69.04
93 190 63.91
93 102 73.32
93 109 31.02
93 111 45.13
93 95 34.35
93 104 81.19
93 137 60.4
94 133 28.65
94 100 34.07
95 118 2.52
95 191 39.11
95 119 30.8
95 110 58.12
95 144 64.12
95 105 66.22
95 155 59.58
95 161 43.17
95 111 28.58
95 153 32.92
95 148 75.67
95 182 66.37
95 159 53.22
95 106 69.35
95 185 42.87
95 131 66.62
95 199 73.52
96 114 92.5
96 170 92.18
96 175 76.22
96 153 99.3
96 101 111.93
96 178 81.42
96 136 99.53
96 186 85.25
96 189 88.4
96 174 59.1
96 111 77.66
97 186 39.08
97 129 88.07
97 159 66.46
97 165 63.01
97 120 53.78
97 163 63.77
97 117 35.98
97 118 37.34
97 135 68.21
97 182 67.31
97 140 64.15
97 185 58.47
97 100 46.01
98 142 104.61
98 177 72.7
98 104 69.51
98 106 80.1
98 158 19.52
98 137 74.8
98 171 82.45
98 144 88.7
98 184 21.94
98 193 75.46
98 112 81.09
98 118 45.87
98 181 83.43
98 139 67.68
98 168 98.59
98 120 69.54
98 157 52.64
98 198 40.82
98 129 76.68
99 199 92.12
99 177 82.06
99 167 95.08
99 127 78.97
99 116 87.63
99 146 83.05
99 121 71.84
99 131 94.3
100 159 37.17
100 145 40.93
100 101 73.61
100 156 52.11
100 188 78.53
100 154 71.13
100 193 97.16
100 150 107.86
100 166 39.99
101 105 114.74
101 180 80.78
101 176 57.52
101 125 89.68
101 181 97.04
101 170 99.87
101 137 86.47
101 142 113.2
101 177 87.58
101 112 107.03
101 121 80.36
101 117 65.88
101 167 83.44
101 113 103.02
101 158 79.15
102 162 79.32
102 180 70.49
102 156 84.1
102 137 107.2
102 111 62.27
102 150 98.85
102 103 97.2
102 126 59.95
102 169 115.96
102 187 105.86
103 163 88.48
103 199 67.19
103 127 42.12
103 149 51.72
103 111 44.45
103 133 58.14
103 151 84.13
103 169 14.22
103 187 70.2
103 166 44.49
103 109 59.04
103 161 37.44
103 105 51.91
103 194 31.08
103 180 52.61
104 169 104.37
104 160 49.49
104 118 44.65
105 109 79.18
105 115 61.43
105 120 68.49
105 178 71.9
105 187 76.5
105 141 107.61
105 196 83.71
105 149 56.23
105 107 74.55
105 116 4.48
105 125 73.9
105 162 99.56
105 164 72.42
105 171 41.22
105 136 115.51
105 133 69.71
105 183 119.8
106 112 86.44
106 185 70.31
106 115 89.28
106 196 59.56
106 168 76.24
106 123 79.03
106 127 75.24
106 161 94.17
106 193 84.96
106 157 45.69
106 173 93.9
107 167 63.62
107 169 91.81
107 130 87.29
107 154 100.76
107 138 71.38
107 148 97.81
107 166 54.96
107 174 76.51
107 117 47.06
108 131 61.56
108 145 44.74
108 149 47.04
108 119 65.86
108 134 92.83
109 173 24.69
109 161 40.36
109 157 76.95
109 167 18.8
109 137 62.07
109 186 58.17
109 148 29.82
109 170 81.58
109 139 105.14
110 186 62.24
110 191 42.7
110 125 26.13
110 142 51.2
110 164 47.74
110 158 82.06
110 192 41.55
110 135 95.92
110 121 71.21
110 152 40.25
110 185 33.22
110 180 69.03
110 132 51.74
110 153 68.8
110 198 114.18
110 174 29.74
110 166 71
110 168 49.39
110 194 107.31
110 179 99.98
110 115 67.13
110 122 15
110 124 67.14
111 116 53.08
111 182 51.95
111 163 61.75
111 112 58.18
111 154 94.48
111 139 43.58
111 149 13.36
111 138 47.5
111 177 24.07
111 191 26.13
111 192 64.01
111 173 62.61
111 184 55.6
111 187 47.9
111 178 30.78
111 145 40.93
112 142 48.26
112 120 56.98
112 139 94.88
112 193 97.44
112 194 70.66
112 196 81.03
112 188 56.05
112 179 85.31
112 172 44.58
112 168 55.83
112 130 45.3
112 186 72.2
112 156 31.77
113 178 34.86
113 187 30.54
113 127 80.87
113 160 96.07
113 137 66.47
113 115 58.04
113 189 36.66
113 156 84.41
113 132 68.79
113 164 88.66
113 139 69.46
113 169 75.87
113 188 51.11
114 140 55.56
114 141 47.64
114 181 45.24
115 117 47.03
115 163 74.38
115 172 63.72
115 127 48.57
115 152 70.09
115 150 81.87
115 124 68.34
115 141 33.85
115 189 23.03
115 158 77.65
115 128 76.08
115 193 57.5
115 133 51.26
115 192 89.23
115 181 42.29
116 170 55.35
116 198 94.73
116 119 83.86
116 184 54.51
116 123 66.77
116 149 50.48
116 156 16.74
116 181 92.95
116 152 76.99
116 135 64.86
116 127 64.69
116 151 87.18
117 158 53.78
117 136 64.34
117 196 42.2
117 185 23.08
117 189 45.78
117 173 69.61
117 120 37.1
117 121 52.81
117 137 79.04
117 183 82.41
117 167 61.28
117 143 88.91
117 146 60.46
117 159 44.57
117 152 53.31
118 194 56.85
118 124 58.42
118 162 40.41
118 130 46.68
118 142 79.8
118 184 31.67
119 163 84.44
119 175 28.35
119 126 38.57
119 176 61.87
120 137 46.64
120 173 74.14
120 156 80.98
120 152 50.14
120 155 70.84
120 148 102.04
120 193 47.81
120 196 72.26
120 151 106.46
120 189 13.53
120 161 65.21
120 139 58.55
120 191 25.26
120 150 83.05
120 174 61.08
120 123 29.54
120 122 66.41
120 131 74.06
120 146 23.08
120 145 41.86
121 128 60.08
121 138 101.75
121 170 89.09
121 182 53.65
121 148 108.14
121 124 22.75
121 134 115.33
122 136 73.45
122 171 47.49
122 132 41.7
122 133 54.7
122 160 58.27
122 176 58.23
122 163 7.23
122 168 68.09
122 144 64.18
122 129 95.93
122 189 63.93
123 143 92.57
123 126 69.19
123 165 75.95
123 187 34.58
123 166 76.46
123 130 58.41
123 177 44.01
123 164 72.93
123 155 107.09
123 134 96.05
123 131 79.87
123 129 55.14
123 147 44.63
123 157 37.27
123 175 63.51
124 134 99.89
124 158 25.84
124 175 55.65
124 171 81.53
124 165 26.9
124 133 81.51
124 166 36.3
124 129 93.1
124 168 114.59
124 161 54.77
124 145 59.92
124 154 59.57
124 148 79.6
124 159 57.39
125 159 54.5
125 165 70.41
125 189 45.19
125 198 108.73
125 148 124.6
125 195 41.88
125 157 27.96
125 129 69.85
125 172 42.44
125 130 48.79
125 184 63.89
125 194 90.57
125 132 50.82
125 190 87.26
126 155 73.73
126 174 48.45
126 168 75.26
126 151 55.07
126 143 83.3
126 159 39.12
126 128 58.9
127 193 42.55
127 189 50.52
127 166 21.75
127 155 56.69
127 182 68.53
127 178 59.77
127 130 53.89
128 133 57.45
128 187 124.87
128 142 125.64
128 163 90.99
128 154 87.13
128 186 54.44
128 152 97.8
128 176 32.54
128 169 78.32
128 132 71.66
128 181 82.34
128 144 126
129 151 110.33
129 160 97.72
129 180 84.72
129 197 65.62
129 148 74.94
129 171 41.96
129 145 50.5
129 146 23.8
130 175 36.44
130 150 107.44
130 189 24.26
130 131 64.59
130 166 55.4
130 160 90.4
130 159 40.56
130 145 44.57
130 177 35.4
130 146 30.19
130 142 59.16
130 172 68.83
130 183 57.55
130 185 54.33
130 154 71.57
130 170 16.85
130 143 49.76
130 196 98.9
130 132 52.86
131 179 91.64
131 180 54.56
131 194 88.33
131 158 69.94
131 152 94.74
131 185 31.24
131 151 92.64
131 186 98.7
131 184 85.17
131 182 23.6
131 132 12.87
131 165 35.3
131 135 74.87
131 157 64.75
132 189 52.97
132 140 64.05
132 149 58.4
132 187 69.01
132 170 58.4
132 182 34.47
132 152 68.79
132 155 114.13
132 158 66.67
132 186 68.88
132 143 87.02
132 160 87.14
132 185 9.51
132 159 18.54
133 138 49.46
133 190 44.3
133 140 36.64
133 170 42.99
133 134 36.25
133 166 44.64
133 199 84.02
133 162 23
133 179 48.14
133 135 74.76
133 195 56.74
133 155 58.51
133 151 79.76
133 163 65.1
134 190 48.2
134 189 68.55
134 153 46.85
134 183 36.77
134 171 91.79
134 167 85.49
134 192 92.4
134 143 59.93
134 139 56.07
134 147 106.8
134 185 86.27
134 148 101.46
134 157 69.79
134 173 73.8
134 164 76.34
134 156 130.41
134 141 36.66
134 151 84.8
134 142 101.02
134 184 62.91
134 194 54.58
134 199 113.41
134 170 76.82
134 191 70.48
134 182 99.35
134 146 64.81
134 161 77.98
134 169 59.47
135 185 79.05
135 166 31.94
135 136 97.95
135 182 95.32
136 147 83.06
136 142 122.53
136 166 86.39
136 192 64
136 168 90.64
136 188 79.61
136 198 54.19
136 137 89.26
136 195 52.73
136 170 92.81
136 156 133.34
137 155 77.18
137 181 25.58
137 152 73.65
137 148 83.39
137 162 59.75
137 191 60.27
138 152 86.66
138 162 29.93
138 163 110.89
138 149 65.77
138 184 57.71
138 181 31.63
138 158 77.34
138 180 74.39
138 197 79.77
138 177 64.72
138 194 48.4
138 169 43.15
138 140 60.05
138 156 123.46
138 142 108.44
138 185 88.11
138 176 76.67
138 182 99.92
139 167 102.63
139 196 58.86
139 141 88.88
139 158 83.32
139 151 108.42
139 195 33.04
139 199 107.99
139 193 48.23
140 176 98.37
140 183 52.13
140 199 81.47
140 185 61.1
140 143 61.29
140 179 63.23
140 184 73.94
140 170 24.34
140 182 64.17
140 166 62.01
140 181 67.76
140 187 19.18
140 157 30.18
140 175 45.93
140 169 63.64
140 172 61.89
140 161 70.23
141 144 68.51
141 147 100.71
141 175 52.84
141 168 93.59
141 163 121.76
141 150 82.89
141 171 69.22
141 180 98.3
141 164 97.17
141 148 84.38
142 168 22.99
142 166 93.47
142 150 142.3
142 187 32.92
142 190 86.42
143 187 87.73
143 159 74.67
143 195 115.95
143 192 111.74
143 170 61.37
143 199 110.13
143 191 82.98
143 155 96.16
144 166 75.56
144 198 130.27
144 189 35.01
144 160 106.04
144 190 80.16
144 162 69.24
144 186 77.59
144 153 63
144 191 50.99
144 151 135.96
145 147 21.25
145 173 66.84
145 164 45.1
146 195 73.24
146 166 60.22
146 153 35.76
146 165 77.63
146 169 35.65
146 173 84.61
146 156 98.83
146 181 48.17
146 194 65.49
146 157 41.95
146 175 44.85
146 160 81.67
147 173 78.8
147 174 19.14
147 169 74.56
147 150 102.42
147 171 47.9
147 154 81.85
147 152 58.09
147 161 58.37
147 184 65.97
147 177 43.1
147 196 65.43
148 160 95.24
148 165 73.75
148 188 66.35
148 170 78.27
148 196 99.82
148 164 113.69
148 198 92.33
148 166 66.41
148 193 103.3
148 157 112.47
148 161 41.54
149 166 40.56
149 181 70.97
149 188 29.06
149 199 75.38
149 194 67.97
149 182 40.94
149 175 34.11
150 174 131.26
150 190 79.39
150 171 113.76
150 195 80.94
150 188 83.54
150 176 64
150 175 79.35
150 199 137.38
150 191 72.35
150 156 147.24
150 180 84.62
150 165 93.74
150 192 84.79
150 161 87.95
151 163 82.02
151 177 88.07
151 196 56.82
151 187 132.5
151 174 112.67
151 182 99.22
151 166 58.71
152 183 95.48
152 195 20.29
152 175 73.8
152 154 123.78
152 190 87.68
152 168 26.28
153 173 53.09
153 157 47.65
153 199 86.4
153 161 47.46
153 189 22.03
153 198 66.39
153 178 43.2
154 172 84.07
154 185 74.37
154 157 96.65
154 156 82.14
154 181 71.59
155 164 60.98
155 190 81.69
155 169 111.66
155 156 138.59
155 186 40.79
155 177 86.58
156 171 58.67
156 173 79.98
156 181 104.89
156 197 95.02
156 160 105.58
156 158 81.4
156 177 61.52
156 164 82.49
156 199 9.86
156 168 88.64
156 159 38.93
157 176 73.55
157 160 63.64
157 186 38.52
158 188 78.39
158 160 43.22
158 174 79.01
158 169 82.6
158 193 97.72
158 165 29.46
158 164 51.05
158 198 52.35
158 197 101
158 176 24.92
159 164 58.61
159 176 81.25
159 191 71.79
159 190 72.7
159 180 45.7
159 196 69.65
159 182 30.32
159 194 67.45
160 162 39.88
160 192 39.79
160 167 55.72
160 186 56.54
160 189 74.68
161 168 88.02
161 179 51.13
161 184 40.85
161 177 38.55
161 174 47.74
161 165 32.2
162 172 84.83
162 196 48.49
163 164 36.14
163 175 57.9
163 170 79.95
163 169 91.42
163 182 29.74
163 194 108.05
163 178 74.77
164 188 68.82
164 187 91.9
164 185 54.38
164 193 77.63
164 166 44.14
164 190 93.04
165 168 84.9
165 199 40.79
165 185 20.47
165 179 72.47
165 174 51.61
165 167 17.78
165 197 77.4
165 171 49.37
165 176 61.42
165 190 75.2
165 180 27.55
166 197 69.47
166 170 50.49
166 176 40.92
166 177 47.51
166 180 27.39
166 199 47.36
167 170 66.48
167 181 81.88
167 174 67.46
167 195 89.18
167 187 97.19
167 186 74.78
167 168 109.09
167 177 62.88
167 171 58.85
167 191 77.24
167 185 36.86
167 175 31.05
167 184 37.16
167 194 51.29
167 178 80.48
168 180 115.74
168 183 95.88
168 186 78.24
168 170 60.65
168 175 67.06
168 191 38.01
169 191 72.02
169 190 31.21
170 178 19.97
170 197 36.2
170 182 60.16
170 194 63.32
170 195 82.69
170 196 86.64
170 183 56.93
170 199 73.58
170 191 57.11
170 184 64.28
170 174 55.04
170 185 53.76
170 181 54.5
171 184 70.2
171 190 58.71
171 173 68.96
171 196 91.45
171 187 30.69
172 179 86.68
172 196 55.1
172 176 67.34
172 195 55.28
172 192 51.64
172 199 32.18
173 190 83.19
173 183 77.9
173 184 37.13
173 195 93.41
174 196 76.93
175 189 28.06
175 193 48.37
175 181 46.98
175 190 53.39
176 192 54.72
176 196 18.77
176 177 86.25
176 193 82.68
176 188 86.72
177 195 61.2
178 191 34.21
178 189 23.48
178 199 72.54
178 182 52.74
178 192 62.33
178 180 90.12
179 181 42.73
179 182 94.16
179 184 46.96
179 180 53.52
179 187 88.55
180 190 81.04
180 186 72.73
180 182 60.72
180 191 86.76
181 186 68.97
182 199 23.35
182 195 55.42
182 192 49.2
182 197 50.65
183 189 61.61
184 191 50.07
184 192 35.43
184 190 71.71
184 199 80.43
184 198 40.18
185 197 58.33
185 191 61.66
185 194 67.3
185 187 64.91
185 193 85.1
186 192 57.84
187 198 114.73
188 197 45.53
188 189 14.99
188 195 76.14
188 194 34.26
188 199 76.47
189 196 78.92
189 190 37.73
189 198 91.01
189 192 76.38
190 194 40.63
190 199 111.86
190 192 95.73
190 198 97.26
190 193 41.27
191 192 48.46
191 198 90.78
192 197 59.74
192 199 62.89
192 196 39.1
193 194 55.98
194 199 89.89
194 197 92.47
194 198 89.14
195 197 42.88
195 198 87.53
197 199 77.74
197 198 102.35
