0 3 24.29
0 10 34.36
0 6 28.2
0 8 48.06
0 13 54.54
0 1 59.53
1 2 70.63
1 10 43.8
1 16 49.5
2 14 57.5
2 4 54.88
2 13 43.71
2 15 12.1
2 16 54.05
3 15 82.67
3 8 86.28
3 4 48.14
3 13 67.99
3 19 63.15
3 6 55.81
3 9 90.01
4 16 63.9
4 8 115.49
5 10 70.39
5 6 81.61
5 15 50.78
5 17 61.38
5 11 54.4
6 17 77.7
6 18 62.54
6 13 67.08
6 10 42.61
6 11 90.67
6 8 61.55
7 18 52.15
8 10 59.04
8 12 90.66
8 13 113.44
8 9 126.1
8 17 85.93
8 15 96.48
8 18 111.56
9 13 33.57
9 14 89.44
9 15 43.39
9 17 75.29
10 12 55.77
10 19 50.92
10 17 42.05
10 16 32.03
11 14 86.76
11 13 87.55
11 16 71.21
11 15 78.88
11 19 74.78
12 17 75.97
12 19 52.29
12 15 91.58
12 14 73.46
12 18 66.17
13 16 69.09
13 17 89.98
15 19 104.45
15 17 57.34
15 16 63.45
16 18 64.32
17 19 93
17 18 104.68
