0 19 84.36
0 5 70.04
0 17 69.81
0 6 42.17
0 12 30.67
0 18 93.66
1 7 63.02
1 13 47.26
1 4 93.42
1 6 91.14
1 14 57.62
1 8 87.42
1 18 61.62
1 15 39.24
2 3 89.02
2 5 98.5
2 9 64.91
3 12 67.9
3 15 89.72
3 17 85.03
3 13 62.42
3 18 78.4
4 7 80.7
4 12 112.89
4 17 83.04
4 5 33.99
4 9 59.82
4 19 94.01
5 6 78.85
5 15 75.25
5 16 60.63
5 8 15.04
5 14 19.24
5 18 52.71
5 19 85.2
5 7 61.99
6 11 78.34
6 7 34.86
6 13 110.2
6 19 68.56
6 10 94.77
6 17 76.85
6 16 54.77
6 14 84.31
6 12 50.1
7 16 45.98
7 15 62.33
7 9 44.09
7 10 65.31
7 8 53.92
7 18 89.08
7 19 61.81
8 11 82.24
8 19 77.32
9 19 101.32
9 13 92.63
10 17 96.03
10 11 94.79
10 15 102.97
11 18 79.31
11 19 6.1
11 16 101.07
11 12 64.14
12 15 56.66
12 17 65.11
12 19 51.15
12 18 102.08
13 19 66.86
13 14 37.48
14 18 32.62
14 16 73.54
14 15 65.47
15 17 18.14
15 18 87.38
15 19 29.99
16 18 95.01
16 19 101.79
17 19 17.18
