0 60 29.36
0 49 84.64
0 98 39.43
0 20 69.24
0 55 48.28
0 53 56.6
0 43 47.52
0 18 55.2
0 34 59.23
0 88 32.68
0 65 48.74
0 75 20.73
1 4 68.94
1 71 80.9
1 78 85.05
1 16 48.2
1 64 62.29
1 96 32.99
1 65 112.8
1 46 27.11
1 58 44.54
1 22 73.83
1 25 80.61
1 39 94.3
1 11 72.14
1 74 0.69
1 84 27.34
1 81 26.72
1 3 43.35
1 19 112.57
2 16 56.87
2 83 72.49
2 66 71.26
2 86 99.64
2 25 51.61
2 57 35.46
2 65 100.15
2 60 89.98
2 61 7.05
2 93 70.95
2 26 71.37
2 41 66.11
2 33 28.49
2 36 73.21
2 79 70.6
2 32 11.92
2 84 45.97
2 37 51.18
2 64 86.79
3 69 64.84
3 31 74.52
3 57 51.83
3 11 43.59
3 80 73.7
3 18 87.51
3 26 48.28
3 97 61.25
3 89 51.46
3 21 43.44
3 10 30.73
3 62 32.28
3 28 46.45
3 6 67.91
3 81 58.72
3 22 60.96
3 24 60.8
3 39 54.3
3 7 63.65
3 86 62.67
3 36 40.57
3 4 32.48
3 20 90.15
3 35 55.57
3 68 29.51
3 88 61.44
3 23 33.35
3 76 63.6
3 66 57.5
4 98 42.28
4 95 47.33
4 93 67.78
4 10 46.84
4 13 46.79
4 43 62.1
4 16 49.41
4 74 66.76
4 20 103.18
4 60 66.83
4 71 32.39
5 64 76.19
5 59 56.54
5 13 39.35
5 80 84.82
5 94 55.91
5 17 31.86
5 93 66.45
5 70 22.99
5 99 71.7
6 63 91.88
6 15 76.47
6 25 71.24
6 33 50.16
6 92 60.24
6 19 67.62
6 73 56.51
6 97 70.06
6 89 81.79
6 83 41.37
6 37 101.98
7 77 58.98
7 69 99.62
8 94 51.26
8 42 32.18
8 50 31.11
8 28 54.3
8 38 26.95
8 79 90.42
8 41 19.84
8 69 19.94
8 23 54.69
8 19 93.16
8 47 70.49
8 82 74.4
8 33 54.28
8 83 55.76
8 77 75.81
8 68 74.15
8 15 34.54
8 49 94.57
9 44 121.2
9 74 65.09
9 61 9.47
9 39 77.83
9 84 58.25
10 29 45.83
10 87 64.34
10 17 28.68
10 12 51.9
10 59 43.77
10 63 46.34
10 70 30.39
10 61 35.87
10 21 63.49
10 97 61.82
10 41 33.21
10 89 53.57
10 98 15.6
10 86 62.03
10 35 70.26
10 90 71.61
11 89 73.07
11 79 63.31
11 61 86.21
11 27 94.91
11 45 78.55
11 38 55.94
11 33 65.31
11 96 39
11 26 83.02
11 91 55.1
11 42 81.65
11 68 23.66
11 75 71.71
11 93 70.4
11 36 20.75
11 52 61.88
11 35 93.73
11 70 61.7
11 85 74.94
11 58 42.32
11 31 82.59
11 60 42.28
11 13 76.01
11 12 40.36
11 92 82.43
12 38 63.33
12 46 63.36
12 13 92.18
12 71 59.05
12 26 79.79
12 47 73.72
12 25 81.05
12 24 80.5
12 83 38.11
13 30 68.38
14 96 43.46
14 30 23.18
14 34 86.61
14 44 45
14 67 2.87
14 48 85.27
14 65 72.6
14 17 69.14
14 62 21.99
14 95 59.09
14 43 53.01
14 33 55.49
14 71 79.98
14 49 85.97
15 48 122.8
15 26 102.61
15 30 56.39
15 86 52.58
15 70 47.14
15 52 112.16
15 24 81.47
15 22 84.74
15 82 97.22
15 63 46.85
15 88 54.36
15 46 74.44
15 17 78.86
15 65 108.17
15 60 36.62
15 40 107.78
15 94 71.03
15 66 38.39
16 29 78.66
16 74 62.88
16 78 75.11
16 57 79.14
16 70 33.12
16 84 43.82
16 46 48.51
16 36 32.48
16 47 75.97
16 32 65.04
16 54 77.63
17 53 73.99
17 25 56.14
17 80 83.08
17 66 64.75
17 52 44.05
17 59 36.85
17 50 57.35
17 36 51.24
17 89 37.33
17 92 29.2
17 77 57.33
18 94 121.08
18 33 90.7
18 66 83.53
18 38 90.56
18 93 107.88
18 27 109.18
18 55 67
18 99 90.05
19 45 98.53
19 87 114.71
19 53 107.2
19 40 70.7
19 47 58.43
19 46 119.41
20 40 98.05
20 97 118.19
20 53 64.29
21 73 47.2
21 96 56.39
21 54 100.06
21 59 52.28
22 54 64.82
22 88 34.18
22 64 113.14
22 74 82.97
22 53 52.14
22 83 94.31
22 32 43.72
22 50 62.57
22 45 43.48
23 93 74.77
23 46 44.23
23 88 71.28
23 65 98.85
23 33 34.81
23 40 66.55
23 53 56.83
23 49 71.86
23 82 32.93
23 42 46.08
23 95 9.21
23 89 87.23
23 27 59.73
23 30 60.34
23 39 111.75
23 66 62.64
23 56 43.59
23 31 35.2
23 77 104.21
24 83 83.13
24 84 41.55
24 51 39.85
24 57 45.39
24 53 48.54
24 85 100.18
24 81 45.09
24 74 55.67
24 63 66.57
24 31 69.5
24 79 89.78
24 44 118.09
24 27 15.52
24 99 96.59
25 44 90.34
25 28 91.95
25 78 39.84
25 61 48.11
25 48 91.45
25 63 83.27
25 81 89.18
25 39 94.48
25 98 54.35
25 34 37.87
25 29 33.37
25 85 112.51
25 90 58.61
25 88 21.91
25 38 67.94
25 62 36.12
26 45 88.5
26 41 74.25
26 71 4.79
26 99 74.47
26 94 81.38
27 40 96.74
27 90 95.99
27 63 90.84
27 76 87.12
28 60 68.13
28 39 81.31
28 48 62.03
28 71 79.31
28 47 80.42
28 41 60.22
28 84 55.53
29 36 89.68
29 55 61.15
29 74 65.16
29 72 16.22
29 45 23.4
29 79 90.21
29 96 90.45
29 31 67.18
29 58 93.28
29 92 45.41
29 77 108.36
29 67 109.05
29 61 36.62
30 37 117.07
30 69 64.16
30 45 69.15
30 75 68.96
30 70 53.19
30 63 26.82
30 41 60.53
30 50 72.74
30 43 36.46
30 55 86.54
30 39 102.69
30 84 74.34
30 76 63.52
30 77 61.46
30 48 71.87
30 93 92.95
31 92 87.98
31 52 105.16
31 89 107.63
31 74 49.67
31 49 113.97
31 61 56.1
31 44 103.1
31 78 91.86
32 80 98.15
32 36 72.55
32 74 53.87
32 64 103.19
32 77 94.35
32 95 31.21
32 50 28.83
32 53 44.29
32 41 48.83
32 94 48.73
32 71 58.24
32 96 80.08
32 46 66.14
32 51 51.09
32 56 73.17
33 56 61.43
33 87 77.3
33 57 65.35
33 41 33.14
33 66 50.88
33 65 57.26
33 86 69.4
33 91 61.57
33 98 24.05
33 95 20.28
33 50 42.41
33 67 71.24
33 61 24.4
33 73 45.44
33 97 56.39
34 75 55.05
34 76 48.88
34 95 54.65
34 79 57.4
34 82 47.98
34 90 66.59
34 97 73.07
34 37 40.23
34 99 63.32
34 91 86.02
34 61 46.42
34 81 99.95
34 44 90.87
35 54 76.98
35 90 66.6
35 70 43.63
35 79 79.35
35 48 81
35 59 94.43
36 76 67.19
36 50 70.01
36 49 55.27
36 98 32.34
36 60 35.55
36 83 17.49
36 53 75.71
36 37 86.82
36 56 38.28
37 73 100.75
37 65 79.6
37 89 80.43
37 91 94.56
37 79 72.97
37 85 94.59
37 87 126.59
37 99 81.23
37 63 93.73
37 53 75.72
37 69 100.59
37 80 127.43
37 57 65.82
37 98 70.37
37 86 114.24
37 94 61.2
37 78 52.91
37 88 63.81
37 52 91.03
37 72 38.77
38 68 52.85
38 45 30.47
38 93 91.12
38 40 66.7
38 76 77.88
38 47 68.17
38 91 24.01
38 99 49.07
38 95 10.02
38 71 77.89
38 96 30.56
39 55 117.34
39 89 42.48
39 83 75.13
39 70 86.75
39 95 86.33
39 69 127.21
40 41 79.08
40 71 67.1
40 57 87.41
40 51 93.98
40 54 85.09
40 96 57.72
40 72 106.4
40 99 6.4
40 62 55.4
40 77 73.85
40 81 87.15
41 86 54.37
42 45 16.87
42 91 69.22
43 55 78.87
43 91 24.95
43 98 41.53
43 96 16.17
43 99 66.96
44 79 63.68
44 60 55.63
44 82 93.15
44 99 40.78
44 85 80.28
44 93 75.3
44 94 96.48
44 81 108.21
44 67 34.96
44 80 52.28
44 54 116.86
44 59 47.08
44 62 48.32
45 85 97.5
45 92 33.68
45 99 85.18
45 89 78.07
45 82 34.22
45 50 8.54
45 83 74.17
45 55 53.74
45 86 74.38
45 61 20.44
45 54 37.64
45 65 91.58
45 76 86.03
45 47 46.89
46 71 91.41
46 72 84.86
46 56 31.02
46 96 16.84
46 73 55.46
46 63 15.75
46 81 53.56
47 78 47.31
47 80 105.85
47 92 26.15
47 94 50.34
47 73 71.51
47 83 85.26
48 56 50.69
48 73 34.29
48 67 78.17
48 89 25.44
48 85 28.1
48 93 23.32
48 62 62.09
48 60 103.03
49 57 87.24
49 75 83.57
49 69 109.96
49 90 83.96
49 83 47.59
49 65 83.65
49 54 86.53
49 84 85.81
49 63 76.73
49 66 107.91
49 61 78.87
49 59 34.4
50 77 96.16
50 55 65.34
50 69 38.76
51 71 51.63
51 84 65.92
51 78 34.91
51 79 97.13
51 73 85.08
51 67 77.48
52 64 67.33
53 85 114.56
54 97 93.37
54 82 35.36
54 79 87.08
54 76 112.72
54 75 103.74
54 60 95.17
54 90 102.44
54 68 90.81
54 78 93.75
54 92 68.99
55 65 86.48
55 60 61.44
55 77 78.99
55 57 101.6
55 64 92.96
55 72 56.66
55 67 70.2
55 90 40.58
55 97 126.74
55 62 61.57
55 85 125.36
55 76 58.25
55 91 57.38
55 70 35.82
55 86 74.16
56 85 45.94
56 86 72.13
56 94 40.9
56 95 51.56
56 83 41.75
56 91 49.09
56 96 25.62
56 82 68.59
56 66 79.48
56 58 41.56
56 75 91.37
56 76 93.12
56 90 87.99
57 76 110.65
57 77 127.69
57 89 85.75
57 69 84.01
57 87 86.77
58 63 10
58 81 63.3
58 68 74.01
59 70 59.8
59 69 79.15
59 73 13.7
59 81 84.82
59 88 75.3
60 96 42.1
60 92 79.93
60 64 63.49
60 95 61.61
60 76 62.65
60 71 91.85
60 77 57.39
61 78 57.56
61 93 66.53
61 98 38.83
61 97 88.25
62 87 58.72
62 71 58.12
62 65 51.41
62 69 52.12
62 82 73.53
62 84 73.99
62 96 48.65
62 73 45.32
62 78 47.11
62 74 73.34
62 88 38.94
62 92 40.39
62 81 100.61
63 94 48.44
63 93 91.17
63 79 77.95
63 66 57.8
63 90 55.45
63 91 9.69
63 97 71.91
63 81 69.33
63 70 52.24
64 77 55.33
64 98 44.62
64 80 33.85
64 97 54.36
64 67 43.32
64 78 84.32
64 76 74.19
64 87 35.55
64 94 79.08
64 71 87.47
65 70 73.3
65 80 108.71
65 74 103.11
65 93 81.78
65 88 53.94
65 67 65.59
66 82 75.25
66 96 66.29
66 98 48.51
66 89 102.49
66 69 31.84
66 70 21.31
67 91 57.45
67 77 37.94
67 89 81.24
67 83 29.24
67 79 87.71
67 88 56.28
67 71 79.57
68 92 65.67
68 94 75.29
68 74 61.69
68 84 84.29
68 98 52.17
68 69 80.64
68 78 48.18
68 73 10.93
68 89 52.21
69 99 95.02
69 98 44.08
69 97 100.67
69 81 88.43
69 87 66.61
69 91 25.2
70 80 78.19
70 78 52.95
70 86 63.09
70 87 74.62
71 86 92.92
71 88 71.56
71 90 66.41
71 81 116.4
71 73 68.75
71 99 64.36
71 78 24.23
71 75 45.88
71 92 39.69
72 92 28.58
72 80 114.83
72 98 61.27
72 82 43.88
72 99 87.73
72 76 88.82
72 74 70.16
73 95 59.01
73 89 41.87
73 86 53.16
73 76 47.65
73 78 73.25
74 86 77.09
74 95 34.23
75 90 30.12
75 88 19.21
75 89 87.79
75 95 68.11
75 93 85.47
75 81 113.07
76 81 119.59
76 91 63.5
76 89 75.19
76 82 83.52
76 93 83.49
76 83 42
76 90 33.46
76 87 79.36
77 87 66.25
77 93 71.03
77 95 91.34
77 92 62.64
78 98 62.45
78 83 71.4
78 84 86.3
78 81 112.25
78 95 58.42
79 99 27.01
79 96 70.85
79 81 91.64
79 91 89.9
79 82 60.11
79 92 68.36
79 85 36.89
80 97 83.73
80 89 109.49
80 83 46.48
80 86 26.4
80 93 106.88
80 98 45.63
80 82 97.96
81 96 60.62
81 99 85.87
81 94 27.07
81 88 107.47
81 95 38.3
82 88 76.98
82 96 64.59
82 84 48.99
82 95 36.67
82 91 81.67
83 89 58
84 91 46.7
84 97 98.38
84 89 82.47
84 98 30.87
84 95 12.72
85 86 105.63
85 90 108.97
85 87 91.78
85 88 115.8
85 95 89.7
86 94 87.24
86 89 100.51
87 93 101.59
87 94 79.02
87 99 57.47
88 99 88.76
88 91 56.49
88 93 101.6
88 96 82.1
89 98 72.76
90 92 70.88
90 99 62.31
90 91 46.96
90 93 103.47
90 94 79.1
92 96 89.41
92 97 82.26
92 94 68.67
92 93 58.83
92 95 47.37
93 95 71.97
93 94 72.25
93 96 72.69
93 97 30.95
94 98 28.78
95 97 71.35
95 98 28.87
95 99 51.66
95 96 39.61
96 98 38.15
96 97 63.9
98 99 33.42
