0 31 65.8
0 150 85.29
0 169 58.55
0 126 92.39
0 20 73.27
0 15 50.33
0 25 74.4
0 46 39.9
0 2 70.05
0 47 64.02
0 10 70.77
0 86 46.89
0 179 66.64
0 113 67.36
0 175 51.55
0 111 36.57
1 42 106.57
1 80 50.63
1 89 38.99
1 13 97.14
1 96 100.44
1 149 102.74
1 33 71.58
1 27 84.34
1 5 82.69
1 175 80.36
1 177 100.75
1 167 85.22
1 151 85.83
1 192 34.32
1 159 80.65
1 166 68.08
1 86 45.75
1 186 113.07
1 32 86.91
1 67 66.21
1 37 65.21
1 136 5.98
1 130 51.67
1 105 83.94
2 199 83.95
2 108 54.64
2 182 42.73
2 80 63.19
2 90 93.19
2 8 77.14
2 13 43.25
2 104 30.64
2 167 62.94
2 54 61.5
2 72 90.61
2 31 75.29
2 94 60.73
2 70 17.11
2 149 41.38
2 73 78.18
3 140 86.2
3 166 42.72
3 36 90.75
3 119 35.94
3 32 65.73
3 174 92.92
3 60 60.25
3 40 45.23
3 109 31.39
3 129 74.45
3 148 61.13
3 103 61.01
3 195 98.42
3 146 34.87
3 138 35.13
3 74 43.24
3 44 46.36
3 66 39.44
3 177 75.59
3 54 50.52
3 179 77.79
3 95 60.8
3 58 65.54
3 15 103.35
3 199 58.32
3 191 38.55
3 125 85.91
3 89 60.91
3 43 66.91
3 135 59.18
3 93 42.36
3 159 45.35
4 44 93.4
4 199 81.46
4 13 63.38
4 165 72.38
4 153 81.14
4 42 59.25
4 95 38.47
4 194 99.27
4 9 86.09
4 75 67.2
4 57 69.9
4 130 112.56
4 100 87.06
4 79 58.65
5 26 36.66
5 88 66.1
5 163 49.88
5 189 37.27
5 52 75.73
5 125 50.72
5 148 63.57
5 83 67.1
5 100 36.14
5 30 66.81
5 193 59.38
5 182 64.25
5 134 50.08
6 44 102.7
6 188 110.53
6 119 93.11
6 162 37.55
6 158 71.68
6 38 44.51
6 31 60.71
6 84 92.51
6 194 92.83
6 198 103.59
6 150 119.43
6 25 43
6 152 36.27
6 169 36.04
6 97 73.3
6 82 73.31
6 101 60.8
6 102 75.59
6 112 46.6
6 107 71.83
6 190 19.74
6 182 25.24
6 59 99.1
6 17 55.13
6 122 35.05
6 100 68.69
6 30 69.6
6 22 32.54
6 60 62.38
6 159 32.26
6 99 42
6 151 89.26
6 115 84.2
6 108 73.2
7 122 23.52
7 69 84.52
7 195 104.81
7 117 66.96
7 97 44.6
8 146 32.09
8 144 21.4
8 90 37.57
8 113 39.25
8 49 53.42
8 104 80.95
8 126 84.95
8 163 61.93
8 158 44.09
8 175 58.28
8 179 80.86
8 167 99.21
8 173 43.21
8 180 73.88
8 193 68
8 97 29.15
8 100 24.51
8 60 65.55
8 114 81.89
8 195 88.98
8 140 89.12
8 16 47.1
8 187 56.56
8 52 78.54
8 78 47.81
9 62 81.08
9 189 12.02
9 106 57.72
9 60 67.02
9 25 27.75
9 92 43.39
9 177 68.68
9 108 68.01
9 132 98.07
9 117 63.84
10 119 44.31
10 168 50.63
10 177 47.3
10 48 69.75
10 102 81.39
10 51 72.71
10 90 58.08
10 187 36.5
10 140 77.8
10 38 31.61
10 195 83.11
10 114 59.13
10 39 25.51
11 130 114.87
11 30 11.5
11 17 27.33
11 48 53.23
11 151 18.23
11 140 26.76
11 185 44.4
11 101 92.76
11 43 50.42
11 33 85.1
11 148 72.44
11 92 90.06
11 162 23.14
11 131 91.06
11 80 65.89
11 115 101
12 168 83.33
12 190 32.78
12 134 73.64
12 158 56.41
12 15 96.82
12 98 87.21
12 41 65.47
12 83 59.38
12 78 103.18
12 122 39.06
12 157 28.55
12 28 84.19
13 183 25.6
13 83 70.99
13 188 105.74
13 122 37.31
13 49 54.75
13 92 79.33
13 112 75.03
13 65 39.72
13 168 97.99
13 47 27.1
13 142 65.19
13 155 119.43
13 18 76.14
13 59 123.1
14 83 81.14
14 32 64.7
14 15 132.13
14 69 47.73
14 85 67.49
14 41 90.62
14 136 75.44
14 133 98.61
14 104 86.22
14 70 49.18
14 183 63.2
14 60 59.43
14 177 38.67
14 143 76.17
14 164 90.44
14 75 81.4
14 116 91.98
14 74 78.57
14 40 27.17
14 110 43.7
14 162 102.18
14 156 37.97
14 192 48.09
14 101 130.18
14 87 118.78
15 184 33.62
15 80 80.92
15 171 71.73
15 190 100.57
15 195 31.19
15 169 99.11
15 46 40.03
15 135 78.95
15 23 61.18
15 81 37.8
15 92 97.95
15 186 118.59
15 36 70.59
15 62 98.91
15 70 97.66
15 139 65.59
15 150 89.03
15 152 86.84
15 129 108.61
15 32 82.88
16 76 77.86
16 135 15.79
16 189 80.02
16 177 89.75
16 182 93.26
16 171 23.37
16 45 39.35
16 110 74.45
17 176 39.63
17 144 100.86
17 109 87.85
17 123 75.48
17 29 35.97
17 100 93.46
17 148 57.78
17 126 93.29
17 33 65.36
17 193 37.31
17 90 108.37
17 92 90.84
17 107 37.47
17 185 62.48
17 105 106.44
17 178 94.51
17 72 110.03
18 82 24
18 129 96.57
18 50 45.69
18 147 53.31
18 161 53.82
18 101 85.17
18 195 60.33
18 162 68.52
18 172 54.87
18 35 31.39
18 45 4.02
18 160 61.47
18 150 43.07
18 36 44.96
18 66 83.61
18 54 7.83
19 25 145.87
19 136 84.54
19 60 103.77
19 80 96.95
19 151 82.16
19 118 54.29
19 198 61.82
19 56 85.59
19 142 98.72
19 168 53.91
19 173 73.91
19 44 32.96
19 97 82.48
19 152 104.76
19 120 109.78
19 42 122
19 29 128.57
19 133 110.51
19 70 109.31
19 161 90.43
19 115 95.99
19 72 46.47
19 164 147.95
19 182 152.89
19 35 59.12
19 100 116.04
19 197 85.42
19 32 74.09
19 160 91.51
19 138 92.56
19 85 76.33
19 126 37.19
20 107 64.58
20 143 40.46
20 97 37.38
20 43 23.89
20 68 40.12
20 192 69.4
20 67 83.44
20 145 46.14
20 133 72.29
20 148 44.32
20 170 23.62
20 78 96.88
20 157 50.16
20 21 72.41
20 99 74.3
21 171 17.14
21 148 40.59
21 164 44.68
21 106 67.2
21 79 42.74
22 50 69.92
22 120 60.07
22 114 96.35
22 111 47.52
22 198 103.01
22 194 87.56
22 40 47.28
22 57 68.99
22 104 20.99
22 152 29.67
22 45 64.49
22 56 32.6
22 29 32.47
22 124 72.89
22 192 85.6
22 63 31.08
22 61 68.09
22 25 37.17
22 167 76.31
22 195 82.75
22 128 113.09
22 46 85.88
23 147 88.28
23 141 25.41
23 155 48.72
23 180 62.21
23 70 85.27
23 125 59.61
23 109 65.83
23 166 44.44
23 83 79.31
23 51 81.87
23 137 65.3
24 72 67.94
24 165 31
24 162 84.24
24 193 53.48
24 44 82.13
24 94 94.51
24 64 35.43
24 155 85.89
24 68 53.78
24 48 78.11
24 158 79.34
24 171 27.96
24 71 75.18
24 54 61.67
24 32 70.69
24 75 24.92
24 185 61.88
24 107 71.26
25 136 86.98
25 115 70.6
25 38 19.56
25 108 73.65
25 128 123.67
26 67 78.37
26 103 64.71
26 159 57.47
26 194 59.37
26 87 96.82
26 65 54.61
26 64 66.01
26 160 52.81
26 142 65.4
26 195 114.01
26 86 86.42
26 42 56.66
26 199 81.62
26 184 96.8
26 46 106.03
26 134 82.15
26 187 70.77
26 45 88.87
26 63 67.26
26 158 32.59
26 79 64.42
26 61 105.17
26 111 65.5
26 115 37.84
26 149 74.49
26 60 48.23
26 92 49.63
26 77 69.8
26 166 62.13
26 137 52.77
26 106 74.88
26 105 18.07
26 41 73.71
27 37 58.28
27 184 91.56
27 123 63.24
27 117 32.99
27 193 50.93
27 77 73.58
27 165 41.33
27 107 78.52
27 32 46.02
27 162 64.19
27 33 19
27 156 30.99
27 104 37.08
27 114 81.3
28 176 72.51
28 121 62.53
28 83 62.55
28 166 37.56
28 136 55.09
28 187 13.58
28 174 52.38
28 47 80.41
28 58 71.45
28 106 64.79
28 196 62.43
28 63 67.36
28 38 83.47
28 138 54.92
28 168 33.91
28 173 39.97
28 139 23.59
28 110 79.22
28 118 61.12
28 33 79.49
28 44 30.73
29 167 60.86
29 194 96.58
29 75 83.85
29 135 81.19
29 190 48.09
29 137 97.02
29 72 109.87
29 63 26.87
29 168 94.55
29 55 85.99
29 174 55.37
29 157 17.22
29 177 53.41
29 154 77.76
29 107 70.35
30 74 111.86
30 57 50.22
30 84 107.08
30 36 82.34
30 97 90.03
30 68 74.76
30 122 80.73
30 168 53.45
30 138 72.37
30 102 75.56
30 175 48.86
30 199 61.85
30 61 69.97
30 139 64.88
30 118 59.73
30 43 65.13
30 151 41.22
30 53 90.48
30 66 113.46
30 73 40.78
30 123 73.51
31 72 59.78
31 198 49.75
31 187 55.65
31 70 72.91
31 73 82.32
31 66 44.89
31 166 55.39
31 169 35.91
31 92 46.77
31 183 49.04
31 142 4.39
31 143 84.82
31 115 69.68
31 104 67.98
31 109 24.28
31 82 36.32
31 98 28.28
31 35 65.07
31 125 91.4
31 180 75.97
31 197 25.66
32 136 66.41
32 87 73.09
32 195 56.84
32 184 56.68
32 137 53.7
32 66 84.31
32 187 26.54
32 160 50.11
32 163 39.84
32 128 75.88
32 107 38.48
33 39 22.41
33 103 67.18
33 144 68.81
33 34 51.55
33 88 58.03
33 189 28.79
33 94 57.55
33 196 73.92
33 151 104.15
33 45 70.12
33 37 55.53
33 155 99.85
33 140 77.41
33 119 46.61
34 92 73.65
34 122 48.19
34 117 36.44
34 154 75.48
34 134 42.04
35 71 19.48
35 140 39.72
35 175 69.8
35 68 57.23
35 147 67.21
35 151 43.66
35 82 60.79
35 199 30.45
36 86 28.59
36 65 105.96
36 192 62.02
36 38 122.39
36 133 92.02
36 182 150.7
36 169 86.38
36 142 97.74
36 175 66.84
36 87 115.82
36 148 110.62
36 71 26.53
36 153 94.66
36 81 75.75
36 188 52.39
36 138 75.57
36 80 87.81
36 49 106.49
36 45 50.17
36 132 105.22
36 60 96.56
36 171 102.29
36 46 58.38
36 54 39.17
36 47 100.66
36 111 72.54
36 62 127.14
36 186 127.67
36 57 49.71
36 185 95.55
36 140 65.6
36 123 55.68
36 102 70.12
36 100 103.88
37 136 65.34
37 166 39.82
37 64 33.33
37 185 41.82
37 108 57.06
37 123 46.1
38 127 86.36
38 108 64.62
38 72 81.07
38 106 80.65
38 151 108.74
38 173 58.63
38 177 64.38
38 144 64.82
38 179 69.43
38 64 57.81
38 110 46.67
38 120 32.52
38 187 72.25
38 54 78.66
38 141 107.16
38 158 51.43
38 71 96.51
38 85 47.24
38 57 82.49
38 41 44.89
38 184 89.39
38 185 70.7
38 134 83.78
39 115 82.06
39 91 44.3
39 156 35.88
39 159 33.2
39 74 14.36
39 142 16.93
39 123 55.43
39 79 19.11
39 150 95.65
39 168 60.11
39 48 68.45
39 57 71.18
40 148 57.05
40 135 74.66
40 159 46.3
40 70 26.22
40 84 93.62
40 199 67.85
40 112 65.27
40 128 80.55
40 43 43.88
40 197 50.41
40 171 71.49
40 191 13.39
40 161 89.72
40 141 90.53
40 93 39.41
40 180 81.64
40 50 72.15
41 167 82.06
41 137 91.23
41 111 25.42
41 59 67.93
41 48 53.03
41 134 66.51
41 69 75.33
41 73 65.11
41 176 93.08
41 171 31.1
42 105 51.25
42 103 69.58
42 59 101.13
42 82 72.03
42 67 90.68
42 56 35.73
42 174 67.63
42 175 36.86
42 153 108.4
42 162 67.77
42 166 78.59
42 173 71.12
42 169 34.47
42 176 42.44
42 58 74.12
42 130 109.67
42 97 67.05
42 80 62.58
42 48 82.51
42 124 52.09
42 111 48.34
42 75 75.19
42 107 93.18
42 45 71.8
42 74 48.62
43 57 60.65
43 75 53.17
43 82 72.08
43 150 99.73
43 67 52.6
43 103 67.32
43 154 72.37
43 60 37.28
43 189 61.71
43 112 38.83
43 101 66.2
43 155 76.73
43 196 51.23
43 58 53.46
43 173 59.12
43 143 10.84
43 192 82.09
43 172 96.1
44 100 76.44
44 63 68.67
44 161 81.47
44 130 71.22
44 160 58
44 182 118.58
45 109 30.52
45 113 78.99
45 129 86.33
45 173 23.24
45 60 72.84
45 52 21.33
45 68 31.73
45 167 44.07
45 53 56.63
45 137 67.52
45 103 26.77
45 196 67.75
45 166 22.2
45 153 57.75
45 154 55.43
45 127 26.5
45 182 96.35
45 57 19.45
45 163 4.82
45 128 38.02
45 169 44.31
45 116 74.6
46 178 61.09
46 128 60.28
46 68 47.3
46 66 106.76
46 77 48
46 62 96.37
46 116 77.04
46 138 49.98
46 134 60.7
46 160 98.89
46 108 85.03
46 190 77.41
46 106 86.01
46 98 89.34
46 59 40.89
46 169 76.68
47 193 36.79
47 188 69.68
47 75 40.51
47 194 76.64
47 183 25.61
47 100 41.37
47 87 67.84
47 137 74.74
47 97 51.89
48 57 25.1
48 71 7.84
48 154 71.51
48 185 76.45
48 188 49.36
48 124 79.67
48 132 90.16
48 151 59.47
48 183 65.15
48 75 84.93
48 60 83.04
48 138 67.19
48 98 93.72
49 74 49.54
49 56 37.34
49 198 92.73
49 63 60.95
49 102 94.71
49 199 94.83
49 80 73.45
49 58 88.82
49 189 44.65
49 51 102.77
49 73 95.85
49 71 107.23
49 95 64.49
49 194 60.65
49 115 12.36
49 171 77.52
49 183 48.91
49 152 39.21
49 157 87.45
49 77 66.83
49 175 43.69
49 52 100.5
49 53 64.93
50 97 78.11
50 126 70.94
50 198 88.54
50 186 72.17
50 191 67.56
50 173 55.55
50 65 45.7
50 67 90.57
50 141 67.66
50 102 55.69
51 77 80.8
51 193 68.28
51 70 99.17
51 117 101.2
51 152 90.29
51 59 97.28
51 167 89.54
51 179 108.04
51 95 67.36
51 97 73.87
51 88 53.34
52 62 120.17
52 110 86.95
52 170 96.1
52 107 38.35
52 182 123.99
52 61 84.6
52 152 75.55
53 121 40.64
53 105 64
53 88 58.5
53 64 50.16
53 111 43.72
53 172 58.33
53 134 76.08
53 163 50.76
53 176 70.38
53 104 55.21
53 189 38.85
53 139 55.64
53 71 79.31
53 56 46.87
53 173 52.85
53 61 61.66
53 93 37.11
53 77 76.89
54 65 49.59
54 199 26.66
54 96 67.67
54 102 43.43
54 179 72.32
54 116 61.11
54 169 54.44
54 149 49.68
54 158 46.4
54 92 36.54
54 193 46.37
54 130 82.31
54 167 43.79
54 183 42.99
54 129 80.99
54 104 79.2
54 67 76.25
54 165 38.09
54 59 39.5
54 146 83.65
54 77 19
54 187 15.91
55 165 54.58
55 64 51.68
55 139 78.53
55 60 55.27
55 138 71.08
55 135 91.05
55 101 117.72
56 159 30.68
56 182 65.55
56 189 47.81
56 136 77.86
56 184 64.02
56 130 92.59
56 61 62.09
56 188 58.24
56 167 46.44
56 77 38.23
56 83 33.71
56 147 17.37
56 176 36.49
56 88 61.17
56 151 77.92
56 103 41.49
57 112 57.04
57 89 56.52
57 179 50.69
57 117 66.71
57 167 48.27
57 152 55.1
58 149 78.79
58 187 60.73
58 70 76.75
58 130 82.73
58 100 73.91
58 179 74.65
59 198 67.89
59 91 69.04
59 141 34.37
59 190 88.13
59 117 80.65
59 180 31.37
59 126 45.95
59 115 85.59
60 158 27.63
60 193 60.94
60 191 35.49
60 63 43.19
60 156 50.18
60 126 77
60 188 84.15
60 136 104.76
60 73 70.2
60 76 80.83
60 164 64.7
60 66 72.42
60 107 77.42
60 64 85.21
60 79 90.43
60 162 52.67
60 196 56.98
60 119 46.32
60 146 48.58
60 184 88.77
60 154 86.71
60 199 72.75
60 112 49.31
60 172 88.7
60 104 42.17
60 82 80.15
60 108 33.04
60 178 82.3
60 124 40.01
60 145 54.57
60 157 63.74
61 91 28.46
61 140 63.82
61 137 113.49
61 62 63.63
61 71 75.94
61 158 85.34
61 122 60.72
61 103 99.11
61 123 69.33
61 65 57.6
61 145 76.86
61 157 45.33
61 130 99.63
62 158 79.5
62 161 85.72
62 122 42.27
62 96 62.51
62 175 71.2
63 177 49.5
63 149 50.12
63 89 71.44
63 115 70.82
63 169 40.35
63 151 60.87
63 125 67.99
63 164 49.78
63 143 27.54
63 67 58.66
63 104 44.35
63 176 43.17
63 158 45.51
63 184 56.47
63 168 55.88
63 97 69.08
63 110 40.33
63 105 81.15
63 128 83.81
63 112 29.11
63 72 89.99
63 76 91.28
63 117 46.37
63 82 65.12
63 190 42.44
63 114 83.27
63 198 82.75
63 65 39.61
63 64 63.02
64 162 63.89
64 141 32.75
65 83 48.25
65 71 90.63
65 75 48.88
65 189 48
65 177 21.91
65 154 77.45
65 171 54
65 101 89.79
65 118 68.24
65 185 56.4
65 170 39.17
66 85 71.78
66 195 125.77
66 97 46.35
66 69 76.32
66 143 97.81
66 192 62.08
66 132 114.36
66 111 72.08
66 112 111.32
66 117 83.51
66 74 39.62
66 70 63.58
66 133 105.01
66 170 29.03
66 142 58.16
66 193 106.86
66 185 104.14
66 152 79.14
67 87 6.31
67 115 99.22
67 197 31.8
67 187 58.66
67 97 74.78
67 174 87.64
67 68 46.91
67 171 21.41
67 155 90.87
67 167 78.04
67 93 62.51
67 135 26.48
67 179 90.29
68 174 58.31
68 177 63.53
68 96 59.89
68 133 37.64
68 112 57.87
68 198 64.93
68 84 59.32
68 97 44.44
68 128 77.29
68 143 48.38
68 147 8.78
68 194 66.2
68 125 58.2
68 103 54.54
68 117 47.86
68 172 58.05
68 72 63.07
68 159 8.44
68 79 22.21
69 85 46.86
69 102 82.03
69 111 39.82
69 129 101.82
69 112 65.45
69 101 104.49
69 176 67.56
69 172 73.89
69 161 77.47
69 155 56.16
69 142 90.58
69 164 98.21
69 194 16.84
69 160 58.58
69 191 69.36
69 136 72.55
69 135 77.32
69 154 98.09
70 107 81.4
70 153 96.05
70 108 26.63
70 175 16.55
70 94 44.99
70 190 36.87
70 170 28.66
70 76 73.2
70 127 71.62
70 128 94.49
70 129 60.92
71 73 23.13
71 82 72.65
71 109 54.01
71 189 101.48
71 85 48.94
71 121 85.48
71 113 113.27
72 135 69.82
72 147 57.92
72 166 29.51
72 136 42.28
72 81 75.67
72 115 80.54
72 189 68.9
72 102 65.98
72 163 52.4
72 104 105.25
72 124 65.25
72 98 58.61
72 187 39.37
72 180 69.55
72 185 96.95
73 134 41.57
73 149 60.76
74 99 65.32
74 198 76.27
74 92 63.5
74 151 112.34
74 147 38.8
74 185 74.71
74 171 54.92
74 86 97.47
74 78 79.48
74 95 38.2
74 135 60.32
74 191 37.78
74 197 57.56
74 114 93.52
74 139 80.65
74 100 36.64
74 106 82.36
75 135 40.17
75 174 86.79
75 83 80.62
75 152 56.3
75 109 42.17
75 164 47.81
75 99 42.45
75 89 76.63
75 100 46.25
75 166 56.88
75 116 99.38
75 165 21.95
75 130 52.22
76 115 82.69
76 183 78.29
76 133 103.42
76 122 82.8
76 194 37.49
76 180 63.9
76 86 31.08
76 142 83.56
77 122 71.83
77 117 75.05
77 132 88.28
77 190 70.36
77 139 41.72
77 85 36.82
77 157 69.45
77 162 79.19
77 98 55.05
77 184 65.11
77 136 48.81
77 189 83.69
77 143 77.5
78 85 66.34
78 159 67.63
78 98 73.01
78 118 91.19
78 88 22.17
78 175 92.77
78 143 113.53
78 157 108.18
78 197 61.52
78 145 120.34
78 83 103.13
78 153 27.59
78 186 116.99
78 106 22.87
78 163 47.79
78 99 80.09
78 108 103.06
78 195 91.75
78 134 94.42
78 150 74.98
78 80 50.72
78 181 68.01
79 114 73.76
79 175 54.13
79 170 70.02
79 140 86.08
79 113 43.94
79 126 87.81
79 138 29
79 131 49.69
79 116 91.34
79 185 58.32
79 94 82.71
79 150 81.09
79 129 76.61
79 141 57.38
79 178 16.04
79 118 78.15
79 176 93.62
79 160 96.04
80 138 15.25
80 137 86.9
80 178 8.69
80 119 79.12
80 94 61.93
80 173 43.05
80 159 40.19
80 192 57.24
80 103 69.15
81 121 40.48
81 143 62.94
82 154 92.5
82 189 50.92
82 104 84.3
82 185 79.3
82 128 40.32
82 199 44.28
82 165 16.24
82 129 97.59
82 131 85.65
82 187 31.77
82 107 80.79
82 108 59.68
82 135 51.96
82 170 59.54
82 192 7.94
82 139 59.89
83 145 77.48
83 127 66.95
83 143 35.67
83 85 47.65
83 135 89.43
83 175 35.81
83 101 82.75
83 177 43.48
83 189 91.73
83 139 56.81
83 120 84.43
84 88 12.59
84 92 85.34
84 132 120.18
84 187 56.11
84 122 82.24
84 123 47.77
84 194 89.12
84 113 91.38
84 96 100.25
85 128 69.52
85 137 76.04
85 120 57.59
85 179 53.89
85 198 64.64
85 136 54.05
85 138 16.1
85 135 47.72
85 147 16.24
85 190 44.59
85 89 51.55
85 199 53.65
85 121 44.33
85 102 38.87
85 103 53.57
85 192 53.68
85 132 55.63
85 95 32.15
86 196 68.19
86 111 36.36
86 187 20.25
86 189 86.91
86 181 75.73
86 150 37.89
86 120 64.09
86 149 69.17
86 156 65.52
86 194 54.72
86 118 36.4
86 122 70.32
86 98 75.68
86 128 28.39
86 116 68.95
86 103 29.25
86 197 43.73
86 91 50.82
86 146 84.28
86 95 79.11
86 167 59.79
86 148 80.28
86 191 70.24
87 103 95.97
87 119 101.58
87 124 120.15
87 134 88.07
87 121 13.98
87 127 78.59
87 96 104.63
87 166 94.76
87 187 68.97
87 170 95.37
87 139 45.86
87 133 15.01
87 174 68.01
87 128 105.32
87 181 82.56
87 111 72.68
87 125 103.58
87 171 23.48
87 129 71.14
87 120 75.7
88 182 107.69
88 113 63.95
88 141 44.94
88 106 26.77
88 163 35.01
88 98 50.69
88 135 37.63
88 131 69.36
88 186 105.12
88 121 76.09
88 161 60.77
88 185 70.7
88 178 29.9
88 179 105.1
88 157 79.55
88 145 88.34
88 154 83.28
88 193 73.03
88 149 86.39
88 133 58.92
88 90 21.22
88 107 74.22
88 184 48.16
88 192 27.33
88 165 25.37
88 176 95.89
88 102 58.41
88 190 71.1
88 124 76.89
88 187 36.69
88 114 79.3
88 128 51.63
89 178 65.67
89 135 59.13
89 164 107.22
89 109 47.36
89 151 79.85
89 136 42.87
89 192 44.52
89 108 67.53
89 161 59.22
89 163 34.69
89 154 79.98
89 180 57.14
90 191 78.94
90 170 66.37
90 169 62.45
90 91 71.7
90 161 61.96
90 162 100.72
90 142 18.89
90 127 47.94
90 102 62.95
90 196 113.38
90 194 95.88
90 160 91.86
91 118 95.97
91 140 57.96
91 96 86.78
91 129 75.09
91 199 53.18
91 134 60.55
91 127 53.95
91 167 55.97
91 142 62.67
91 94 59.84
92 102 91.92
92 113 64.03
92 135 77.13
92 130 80.39
92 112 66.14
92 139 62.82
92 152 49.07
92 172 55.63
92 119 8.21
92 162 81.38
92 160 31.1
92 158 14.3
92 123 33.31
92 96 33.65
92 116 79.83
92 111 46.36
92 140 60.76
92 171 72.18
92 199 50.17
92 109 51.57
92 95 75.57
92 136 76.8
92 153 85.8
92 131 99.14
92 186 67.07
92 197 52.78
92 142 73.64
92 137 26.99
92 98 55.6
92 138 70.31
93 180 37.52
93 130 98.27
93 96 38.64
93 183 19.09
93 142 70.8
93 146 48.95
93 106 83.66
93 188 60
93 164 57.79
94 149 39.86
94 170 84.45
94 125 53.89
94 116 14.85
94 151 37.44
94 191 71.51
94 101 91.86
94 188 94.4
94 145 77.46
94 124 72.48
95 196 50.6
95 104 23.55
95 116 65.29
95 128 104.17
95 134 56.58
95 113 40.52
95 110 51.38
95 178 51.99
95 157 38.88
95 117 30.76
95 126 96.42
95 174 56.94
95 132 40.15
95 198 83.09
95 192 79.8
95 163 57.9
95 179 56.27
95 109 49.38
95 144 68.83
95 124 83.89
95 189 42.42
95 180 66.04
95 120 67.04
96 199 91.22
96 196 78.8
96 164 51.58
96 169 44.39
96 133 99.43
96 168 65.02
96 121 86.8
96 126 82.93
96 108 37.02
96 115 15.35
96 173 66.61
96 184 106.83
96 129 51.99
96 122 47.53
97 132 85.71
97 125 65.57
97 122 53.75
98 126 92.25
98 117 78.19
98 178 52.63
98 101 95.55
99 141 87.32
99 108 75.59
99 154 33.4
99 165 55.76
99 177 92.74
100 183 53.03
100 112 87.2
100 157 91.23
100 115 42.34
101 172 89.33
101 121 28.13
101 159 63.6
101 130 102.73
101 182 84.66
101 167 99.9
101 165 78.47
101 135 30.68
101 139 58.28
101 168 99.96
101 181 102.5
101 185 36.24
101 107 82.93
101 149 110.6
101 162 73.96
101 166 93.96
101 158 93.5
101 179 100.69
101 187 83.5
101 143 94.84
101 141 96.07
101 124 135.08
101 171 28.39
102 113 86.6
102 132 65.66
102 160 115.27
102 199 36.27
102 185 31
102 193 52.54
102 118 91.32
102 110 92.7
102 184 17.28
102 182 101.32
102 135 34.81
103 181 55.79
103 153 79.1
103 191 55.21
103 186 90.91
103 120 52.77
103 130 65.38
103 132 81.7
103 129 93.65
103 165 52.32
103 184 65.57
103 148 81.34
104 160 79.26
104 126 106.31
104 147 46.43
104 190 39.86
104 140 66.62
104 169 41.83
104 112 52.88
104 111 56.81
105 134 87.58
105 187 73.63
105 119 31.46
105 189 36.92
105 107 108.04
105 181 23.44
105 148 77.78
106 160 99.03
106 140 104.52
106 163 57.31
106 149 108.25
106 189 78.2
106 166 78.21
106 139 50.54
106 130 16.23
106 167 117.28
106 173 50.7
106 162 109.42
106 141 55.41
107 113 92.34
107 127 43.75
107 174 37.18
107 194 73.29
107 132 60.29
107 144 65.86
107 164 89.48
107 153 77.5
107 140 24.6
107 180 11.2
107 117 78.03
107 130 110.47
107 142 90.22
107 128 54.44
107 165 70.05
107 141 52.4
107 155 15.22
107 135 59.67
108 167 61.46
109 166 44.53
109 132 75.36
109 149 74.55
109 113 66.69
109 191 55.18
109 182 91.33
110 113 44.6
110 160 29.85
110 130 82.1
110 133 76.09
110 173 50.16
110 149 33.74
110 198 79.99
110 155 84.56
111 172 58.02
111 131 71.92
111 165 33.62
111 128 61.1
111 168 24.37
112 186 57.64
112 172 110.31
112 153 97.19
112 150 92
112 152 32.88
112 141 87.19
112 127 81.34
112 140 30.26
112 193 20.65
112 171 53.3
112 121 56.57
112 161 76.07
112 143 35.91
112 173 64.43
112 145 53.16
113 148 38.87
113 164 31.74
113 186 47.32
113 115 60.39
113 158 43.42
113 129 41.9
113 185 70.44
113 154 98.64
113 161 93.48
113 137 81.43
113 136 74.79
113 189 18.51
113 140 85.13
113 127 94.79
113 116 89.22
113 141 107.23
113 120 33.63
113 182 44.66
113 143 62.65
113 130 69.54
113 177 59.24
114 131 103.94
114 153 90.12
114 126 5.12
114 119 47.11
114 174 75.41
114 154 91.31
114 168 12.38
115 118 45.3
115 190 67.7
115 158 25.92
115 196 81.52
115 186 61.14
116 150 102.63
116 160 84.31
116 149 45.74
116 158 72.62
117 151 101.86
117 193 58.73
117 176 34.95
117 170 42.14
117 119 70.98
117 167 48.91
117 131 79.23
117 198 104.46
117 118 61.19
117 196 56
117 163 64.39
118 187 48.84
118 175 34.96
118 137 18.42
118 153 104.4
118 148 91.13
118 152 75.88
118 131 120.61
118 142 85.93
118 164 104.92
118 197 70.8
118 193 86.65
118 146 90.28
118 133 106.13
118 136 92.18
118 127 67.89
118 151 79.3
118 180 53.44
119 136 56.98
119 187 52.81
119 180 72.74
119 163 63.97
119 149 47.94
119 160 38.9
119 158 24.55
119 131 97.16
119 143 84.85
119 176 73.83
119 190 69.13
119 170 42.71
119 198 56.3
119 181 37.72
119 145 97.48
119 178 66.27
119 135 82.86
119 148 78.23
119 191 46.11
119 188 47.31
120 197 56.14
120 182 88.38
120 136 54.09
120 134 73.58
120 171 56.76
120 192 42.22
120 199 80.61
120 126 90.64
121 195 53.51
121 176 80.47
121 161 51.48
121 186 51.43
121 165 57.37
121 130 91.15
121 193 14.77
121 129 35.97
121 148 12.38
121 158 74.61
121 134 60.18
121 143 42.57
121 199 77.42
121 140 76.05
122 125 86.5
122 143 42.77
122 151 98.17
122 196 73.79
122 172 66.49
122 127 60.94
122 194 74.52
122 124 62.71
122 164 40.87
122 153 68.99
123 136 43.08
123 169 41.76
123 171 53.05
123 146 77.27
123 154 75.56
123 191 67.63
123 143 70.28
123 175 40.11
123 181 52.76
124 159 71.53
124 128 81.8
124 144 84.09
124 192 64.17
124 179 59.79
124 176 49.72
124 184 98.74
124 178 93.02
124 174 87.34
124 181 53.77
124 155 95.93
124 169 65.06
124 143 78.36
124 170 40.84
124 127 81.94
124 172 80.49
125 180 51.32
125 153 110.58
125 197 69.91
125 182 103.64
125 184 83.43
125 168 39.01
126 195 69.13
126 147 77.93
126 177 75.23
126 189 105.76
126 174 77.08
126 150 24.84
126 130 104.67
126 158 66.88
126 178 90.72
126 157 105.52
126 141 50.13
127 187 10.9
127 148 77.06
127 193 75.06
127 131 76.32
127 199 12.09
127 191 79.74
127 176 93.3
127 165 31.74
127 169 61.8
127 129 99.26
127 139 26.86
127 178 38.12
127 135 53.75
127 179 85.27
127 160 94.23
128 196 89.49
128 132 105.49
128 159 83.55
129 132 43.36
129 174 77.49
129 158 73.14
129 138 59.99
129 193 55.58
129 141 117.97
129 170 69.65
129 172 97.68
129 184 103.8
130 193 94.15
130 153 49.39
130 194 83.52
130 144 38.08
130 138 74.35
131 139 68.64
131 142 64.27
131 136 71.52
131 144 72.96
131 149 89.43
131 194 111.66
131 150 130.32
131 146 56.41
131 198 91.5
132 147 44.7
132 165 91
132 133 61.61
132 134 47.2
132 152 30.2
132 144 100.79
132 172 110.59
132 140 57.26
132 166 76.39
132 173 75.82
132 139 68.79
132 162 17.07
132 181 71.17
132 150 110.71
132 189 88
132 156 82.37
132 141 109.87
133 146 77.64
133 163 48.22
133 172 68.17
134 147 42.47
134 139 60.63
134 154 70.76
134 158 53.78
134 173 60.94
134 163 47.54
134 153 105.08
134 161 82.17
134 138 46.55
135 179 86.68
135 186 77.3
135 168 81.08
135 136 41.11
135 149 94.7
135 178 27.33
135 137 107.08
136 161 47.36
136 144 14.05
136 138 41.8
136 145 109.04
136 195 93.72
136 157 92.39
136 199 36.65
136 163 55.27
136 162 96.28
136 173 32.3
136 178 36.96
136 176 101.65
136 153 23.32
136 190 82.92
136 177 103.95
136 189 63.67
136 150 58.51
136 164 102.27
137 153 116.29
137 148 100.98
137 142 96.55
137 152 73.92
137 172 77.84
137 167 78.15
137 156 61.6
137 149 32.51
137 165 65.81
137 178 77.37
138 177 73.48
138 156 50.62
138 159 35.66
138 146 55.03
138 164 68.71
138 148 27.82
138 181 48.97
138 140 67.74
139 146 79.35
139 143 70.38
139 151 65.58
139 187 33.75
139 150 65.48
139 159 58.03
139 141 41.8
139 173 29.1
139 192 49.15
139 177 93.97
139 179 87.16
140 174 36.6
140 180 11.99
140 150 72.61
140 163 38.03
140 198 74.97
140 158 57.51
140 149 34.62
141 199 12.78
141 159 71.5
141 154 79.53
141 150 28.56
141 157 97.59
142 187 59.19
142 147 37.86
143 183 30.62
143 184 77.62
143 181 67.66
143 197 58.95
143 176 41.83
143 195 65.22
143 191 48.24
143 150 110.79
143 161 82.06
143 190 31.51
143 152 19.24
144 152 82.31
144 159 59.25
144 145 87.52
144 157 84.69
144 164 82.45
144 163 54.66
144 195 89.94
144 199 52.83
144 188 27.64
144 179 100.5
144 194 61.09
144 166 49.82
144 156 55.54
145 159 40.4
145 189 46.11
145 161 98.72
145 154 92.51
145 175 61.6
145 166 98.12
146 157 76.3
146 149 73.9
146 161 103.87
146 182 59.67
146 167 99.55
146 195 105.81
146 198 95.37
147 186 52.61
147 197 20.17
147 161 64.01
147 173 30.78
147 172 60.83
147 179 48.46
147 162 49.47
147 168 57.8
147 164 36.65
147 151 86.16
148 159 28.13
148 149 56.41
148 163 65.93
148 153 85.72
148 182 31.21
148 164 44.03
148 178 39.05
148 171 28.58
148 197 37.18
148 180 65.59
148 154 62.18
148 160 71.36
148 186 31.47
148 192 77.96
148 193 23.51
148 168 85.18
148 189 48.88
148 166 75.58
149 178 75.32
149 169 40.13
149 166 48.08
149 164 76.44
149 161 98.73
149 173 64.33
149 196 54.01
150 154 86.64
150 180 66.25
150 185 101.87
150 160 91.97
150 172 76.8
151 180 41.96
151 163 44.12
151 197 60.76
151 169 91.85
151 176 72
151 174 30.71
151 155 27.14
151 198 82.09
151 191 95.93
152 179 17.53
152 185 51.84
152 171 53.07
153 197 47.44
153 162 99.48
153 166 73.68
153 156 82.12
153 187 61.26
153 160 108.29
153 172 32.54
153 161 50.27
153 177 113.16
153 196 104.92
153 195 86.69
153 155 105.38
153 198 32.12
153 199 60.56
154 188 96.59
154 160 104.45
154 196 66.2
154 182 90.88
154 197 57.2
154 168 79.05
154 172 90.34
154 199 64.67
155 197 61.23
155 179 83.41
155 164 105.91
155 157 70.94
155 182 112.91
155 171 69.15
156 180 85.79
156 164 48.21
156 169 38.66
156 165 37.45
157 166 65.32
157 199 75.73
157 163 56.79
157 169 43.12
157 178 70.07
157 167 39.22
158 165 52.25
158 199 55.99
158 195 74.73
158 168 51.55
158 166 43.78
159 196 47.7
159 192 51.22
159 165 51.12
159 194 69.9
159 174 57.8
159 181 47.43
159 161 61.56
159 186 45.58
159 197 32.67
160 171 96.12
160 188 73.16
160 169 53.99
160 175 19.47
160 196 66.56
160 165 79.43
160 177 21.46
161 175 90.83
161 176 99.2
161 167 68.02
161 195 64.2
161 180 64.45
161 183 72.53
162 166 69.26
162 181 77.53
162 182 69.38
162 199 63.14
162 193 20.4
162 179 54.29
162 169 49.85
162 186 63.36
162 170 79.93
162 168 81.78
162 164 79.13
162 183 46.21
162 197 46.02
163 193 46.27
163 177 79.26
163 190 66.76
163 168 46.23
163 173 16.73
163 180 34.57
163 164 88.13
163 169 41.93
163 178 51.3
163 171 55.45
164 165 59.47
164 177 61.72
164 170 54.75
164 176 88.98
164 191 47.71
164 169 47.64
164 181 50.74
164 179 70.15
164 189 42.73
165 196 92.91
165 176 86.68
165 173 23.97
165 193 54
165 180 77.72
166 168 18.68
166 171 64.52
166 179 68.73
166 192 45.64
167 193 51.98
167 184 45.33
167 194 80.11
167 189 90.55
167 192 92.72
168 169 47.28
168 188 42.06
168 186 94.92
169 197 39.14
169 173 37.5
169 192 61.72
169 181 33.06
169 177 37.33
169 171 47.32
169 178 28.84
169 175 33.76
169 196 65.5
170 180 82.83
170 175 43.08
170 193 70.3
170 179 45.1
170 194 63.66
170 178 60.61
170 190 49.59
170 174 104.84
170 191 15.1
171 175 78.3
171 185 31.9
171 173 54.54
171 174 63.93
171 197 29.06
171 176 91.15
171 182 68
172 196 102.96
172 184 79.89
172 176 115.53
172 178 28.1
173 182 106.18
173 194 42.46
173 188 24.48
173 180 65.82
173 176 73.77
173 196 82.57
173 186 83.33
173 197 39.87
173 178 39.72
173 185 68.58
173 174 68.1
173 189 59.71
173 184 58.2
173 183 59.78
174 184 58.44
174 191 82.92
174 195 37.31
174 182 84.07
174 177 74.29
174 181 91.61
174 175 66
174 199 73.9
174 178 81.1
175 186 59.04
175 183 27.92
175 178 58.24
175 197 50.41
175 195 56.69
175 179 38.12
176 199 74.21
176 181 77.73
176 192 100.87
176 193 62.84
176 197 61.09
176 198 110.67
176 183 47.78
176 188 103.95
176 184 84.88
177 185 88.52
177 189 50.44
177 179 13.88
177 192 70.08
177 180 61.24
177 186 42.39
177 196 46.6
178 181 36.42
178 190 35.24
178 192 31.2
178 191 54.99
178 195 79.37
178 189 49.35
179 190 42.37
179 187 67.92
179 196 38.98
179 189 60.96
179 195 74.06
179 188 101.93
179 199 87.03
179 184 89.81
179 193 56.63
179 181 49.65
180 197 55.6
180 190 64.08
180 182 97.12
180 199 49.05
180 183 60.35
180 189 91.83
180 187 42.91
180 184 44.61
180 181 72.08
181 182 67.35
181 192 48.93
181 196 75.42
181 199 83.03
181 195 97.75
182 187 91.61
182 188 122.71
182 195 100.76
182 189 52.26
182 191 53.02
182 190 38
182 198 119.6
182 199 108.6
182 192 98.27
182 185 63.35
183 199 77.71
183 185 51.24
183 188 78.77
183 184 66.01
183 195 70.26
183 186 20.19
184 187 29.73
184 186 97.78
184 197 38.09
184 192 75.41
184 198 64.07
184 193 42.32
184 199 45.68
184 194 86.66
184 185 48.96
185 188 99.56
185 197 40
185 195 41.5
185 187 52.2
185 194 91.54
185 191 72.01
186 194 104.5
186 190 27.47
187 192 43.07
187 189 69.58
187 196 63.73
187 197 23.33
188 191 80.46
188 196 106.08
188 193 96.2
188 194 44.95
188 199 45.49
189 195 105.78
189 196 85.85
190 197 34.84
191 194 74.56
191 193 65.24
191 197 51.94
192 198 28.04
192 194 57.69
192 199 36.37
192 196 87.08
192 195 87.73
193 194 96.53
193 196 44.19
193 199 62.03
194 195 78.03
195 196 31.85
195 197 48.88
196 197 55.7
196 199 74.36
196 198 90.56
197 199 44.51
197 198 45.84
