0 191 89.62
0 166 108.14
0 9 82.22
0 176 66.41
0 198 113.22
0 106 107.71
0 65 91.41
0 103 116.64
0 6 92.31
0 43 71.12
0 59 96.09
0 28 135.51
0 131 90.38
0 147 113.2
0 150 127.98
0 160 63.54
0 90 136.12
0 31 91.91
0 189 93.96
0 94 93.02
0 148 72.4
1 43 52.22
1 36 59.87
1 196 75.18
1 145 60.26
1 100 52.43
1 58 27.35
1 18 19.25
1 8 59.42
1 155 15.41
1 39 12.69
1 70 97.42
1 136 54.3
1 184 32.09
1 82 84.93
1 117 7.38
1 131 60.35
1 182 24.08
1 32 69.15
1 79 60.78
1 128 74.69
1 89 75.73
1 26 47.91
1 157 89.11
1 153 82.85
1 9 81.36
2 69 79.77
2 164 110.36
2 32 85.98
2 64 89.83
2 154 102.51
2 44 76.09
2 34 67.3
2 125 70.09
2 182 62.05
2 74 88.65
2 159 78.98
2 84 62.12
2 85 40.78
2 46 79.73
2 106 23.32
2 162 65.88
2 100 81.71
2 185 66.3
2 195 72.38
2 157 78
2 191 101.22
2 171 110.44
2 187 76.26
2 140 111.78
2 81 70.77
2 199 75.4
2 89 31.64
2 189 86.57
2 14 94.34
3 74 25.95
3 180 77.65
3 31 48.04
3 199 39.86
3 81 47.23
3 83 30.57
3 32 46.92
3 172 74.75
3 63 85.39
3 34 63.72
3 36 76.05
3 41 59.68
3 66 33.83
3 91 76.13
3 171 9.62
3 136 77.8
3 84 81.34
3 43 25.29
3 29 79.99
3 119 19.65
3 183 37.04
3 117 76.99
3 35 35.13
3 126 74.07
3 197 68.1
4 145 67.11
4 78 81.29
4 20 37.67
4 158 78.59
4 175 51.7
4 106 49.45
4 176 36.98
4 24 68.9
4 167 82.59
4 130 55.45
4 76 50.41
4 23 82.45
4 105 114.36
4 55 74.28
4 148 77.35
4 173 120.19
4 165 91.72
4 153 19.53
4 8 97.68
4 149 47.62
5 155 33.68
5 110 86.11
5 88 50.68
5 16 59.8
5 31 85.28
5 84 71.88
5 19 58.83
6 138 64.11
6 110 52.31
6 109 59.29
6 66 63.29
6 148 43.67
6 84 89.18
6 123 52.96
6 60 38.51
6 193 95.23
6 178 84.29
6 51 69.78
6 61 86.28
6 59 23.66
6 8 31.64
6 12 30.95
6 70 85.07
6 34 26.46
6 157 42.08
6 65 41
6 180 48.96
7 13 55.6
7 73 96.21
7 20 75.44
7 56 67.07
7 104 74.71
8 91 83.99
8 174 98.94
8 189 42.33
8 41 80.05
8 85 90.7
8 196 59.26
8 13 23.78
9 118 74.09
9 192 84.62
9 196 27.25
9 143 106.35
9 184 78.66
9 46 94.86
9 113 60.71
9 15 80.31
9 88 80.44
9 33 79.17
9 112 79.18
9 159 125.19
9 66 111.45
9 52 100.49
9 25 79.17
9 158 118.24
10 87 59.55
10 192 34.96
10 40 102.03
10 144 26.75
10 169 55.73
10 188 107.38
10 118 48.95
10 171 32.65
10 135 71.45
10 189 8.17
10 42 66.41
10 34 84.66
10 156 94.39
10 15 64.31
11 110 75.73
11 68 67.82
11 62 86.49
11 193 72.35
11 56 78.21
11 115 61.54
11 178 86.27
11 138 65.06
11 22 84.94
11 106 79.06
11 94 111.15
11 114 52.92
11 169 77.44
11 142 103.48
11 136 27.8
11 86 94.04
11 192 72.68
11 49 110.9
11 37 52.13
11 66 97.27
11 130 84.71
11 182 57.7
11 159 97.91
11 195 40.06
11 52 91.69
12 112 110.11
12 168 52.64
12 177 67.69
12 77 99.17
12 98 53.36
12 56 88.2
12 150 21.77
12 39 106.52
12 24 91.07
12 195 65.33
12 23 122.21
12 19 90.26
12 28 34.42
12 69 104.87
12 95 87.59
12 73 127.64
12 79 80.05
13 171 31.82
13 24 109.32
13 25 35.67
13 193 72.29
13 167 39.14
13 190 31.58
13 87 75.12
13 56 63.36
13 123 71.4
13 70 100.17
13 98 31.19
13 46 58.81
13 174 95.59
13 145 48.76
13 79 30.5
13 107 58.22
13 99 87.71
13 156 108.07
13 41 71.84
13 20 56.95
13 92 81.52
13 30 98.81
13 50 46.68
13 45 25.44
13 110 64.24
13 197 67.6
13 140 27.34
13 177 41.98
13 133 103.22
13 132 36.6
13 62 54.99
14 173 57.56
14 82 101.76
14 78 81.47
14 87 33.94
14 92 78.62
14 183 80.11
14 152 72.63
14 131 66.19
14 106 90.8
15 66 61.41
15 109 57.21
15 47 82.17
15 193 25.53
15 156 89.62
15 127 56.26
15 106 97.64
15 107 19.8
15 26 75.88
15 138 95.68
15 81 33.55
15 159 79.43
15 124 31.21
15 20 53.71
15 92 98.3
16 195 80.35
16 62 29.11
16 69 84.64
16 92 109.41
16 158 36.2
16 128 68.53
16 93 36.93
16 198 96.46
17 178 9.39
17 147 70.45
17 37 46.63
17 198 110.86
17 138 82.03
17 185 106.36
17 175 63.08
18 69 28.75
18 133 65.23
18 194 69.67
18 43 51.01
18 171 60.61
18 166 87.82
18 25 69.29
18 148 57.43
18 38 94.7
18 111 76.46
18 152 86.75
18 80 45.65
18 115 46.37
18 37 65.68
18 89 81.02
18 174 114.15
18 153 79.32
18 45 47.31
18 128 66.79
18 176 59.96
18 157 81.89
18 54 42.55
19 167 32.9
19 50 116.38
19 199 78.98
19 164 40.86
19 120 129.01
19 26 113.55
19 113 56.44
19 176 88.47
19 165 61.8
19 140 80.12
19 52 64.26
19 156 93.62
19 62 35.96
19 95 63.04
19 130 115.35
19 106 89.45
19 122 122.39
19 45 73.49
19 114 114.86
19 85 115.02
19 53 115.72
19 143 97.76
19 84 115.56
19 71 82.93
19 123 68.75
20 97 54.11
20 177 80.69
20 159 32.17
20 42 44.88
20 186 94.69
20 25 8.78
20 52 48.8
20 38 68.95
20 156 60.46
20 155 48.06
20 149 18.85
20 158 43.08
20 101 39.83
20 84 67.88
20 182 33.13
20 162 14.44
20 133 71.05
20 43 56.13
20 71 57.45
20 91 65.11
20 61 52.63
20 111 63.69
20 120 89.61
21 162 36.08
21 174 112
21 30 118.31
21 52 91.79
21 71 90.41
21 101 74.84
21 43 30.64
21 47 79.2
21 128 51.14
21 55 59.05
21 159 85.04
22 77 20.98
22 141 83.08
22 52 38.96
22 26 62.33
22 193 40.55
22 57 29.61
22 159 33.74
22 194 69.88
22 137 67.66
22 138 35.49
22 171 65.8
23 79 85.98
23 96 47.55
23 38 81.13
23 76 39.7
23 186 66.54
23 136 44.09
23 99 61
23 119 75.91
23 148 57.04
24 111 97.93
24 48 64.68
24 188 124.37
24 81 106.68
24 124 90.67
24 183 68.67
24 120 95.88
24 146 49.17
24 73 87.01
24 40 62.06
24 74 101.13
24 149 72.87
24 184 75.67
24 195 91.92
24 98 115.15
24 45 121.14
24 30 16.7
24 76 60.29
24 85 67.7
24 141 126.77
24 125 87.53
24 170 96.45
24 92 52.18
24 82 64.52
24 172 105.41
25 59 42.21
25 111 46.46
25 70 78.04
25 169 21.99
25 123 21.67
25 172 60.68
25 43 39.14
25 187 49.15
25 41 36.98
25 29 60.3
25 184 59.7
25 89 38.6
25 150 54.92
25 83 35.38
25 85 68.98
25 165 37.46
25 189 26.65
25 190 40.77
25 93 9.39
25 56 44.08
26 181 34.37
26 60 80.77
26 191 91.14
26 77 77.65
26 111 50.91
26 104 69.3
26 149 69.95
26 59 76.73
26 171 79.04
26 142 69.61
26 147 84.78
26 67 95.59
26 84 42.66
26 139 14.58
26 141 60.11
26 117 64.3
26 69 53.12
26 78 33.62
26 144 85.84
26 118 62.3
26 42 81.48
26 165 79.93
26 157 73
26 91 47.08
26 30 59.49
26 129 57.74
26 64 75.54
27 37 43.41
27 58 56.69
27 57 48.52
27 103 72.79
27 81 32.34
27 38 86.64
27 29 75.21
27 82 22.18
27 32 91.33
27 56 33.73
27 123 33.24
27 89 44.93
27 166 40.12
27 198 92.61
27 138 51.15
27 110 66.59
27 152 36.87
27 72 97.55
27 41 5.56
28 131 76.13
28 89 67.65
28 122 121.95
28 166 110.26
28 136 102.2
28 176 102.52
28 196 88.46
28 124 97.79
28 96 88.41
28 55 102.82
28 182 96.52
29 198 77.94
29 73 65.15
29 124 31.56
29 86 65.56
29 104 52.75
29 177 34.74
29 31 54.11
30 65 48
30 64 101.66
30 110 23.48
30 182 66.6
30 31 76.12
30 143 19.96
30 62 73.5
30 81 93.75
30 125 89.81
30 119 86.67
30 41 66.31
31 156 109.09
31 127 71.84
31 85 54.7
31 147 90.88
31 177 23.75
31 151 58.19
31 125 56.66
31 112 86.7
31 78 78.31
31 154 45.69
31 76 59.38
31 111 14.54
31 197 76.04
31 61 73.79
31 94 85.12
31 159 88.94
31 35 45.11
31 87 82.77
31 129 51.52
31 34 23.92
31 187 41.84
32 184 76.9
32 110 69.16
32 147 99.77
32 124 52.85
32 45 52.23
32 111 16.89
32 114 72.8
32 51 91.8
32 181 45.53
32 129 33.64
32 123 65.14
32 50 20.95
33 60 33.76
33 188 84.55
33 132 50.39
33 50 63.64
33 38 55.66
33 173 80.68
34 162 62.38
34 66 86.51
34 98 67.53
34 111 17.31
34 163 104.13
34 181 54.53
34 93 64.29
34 70 82.5
34 44 11.61
34 57 54.19
34 185 12.5
34 178 101.4
34 157 58.65
34 188 35.16
34 182 60.53
34 168 44.78
34 175 44.25
34 164 59.32
34 121 99.24
34 179 49.46
34 76 55.36
35 96 39.58
35 158 55.99
35 166 89.62
35 104 75.49
35 71 35.13
35 124 71.54
35 122 79.39
35 125 93.43
35 198 46.12
35 146 56.1
35 63 70.81
35 155 72.44
35 178 76.04
35 91 74.85
35 74 33.83
35 58 84.73
36 86 55.05
36 50 77.33
36 167 97.97
36 153 79.13
36 180 80.99
36 164 93.96
36 144 79.46
36 174 18.01
36 132 103.71
36 175 48.4
36 44 63.94
36 166 69.52
36 56 79.91
36 71 73.04
36 177 45.63
36 98 95.32
36 81 71.91
36 55 32.63
36 134 90.13
36 89 25.91
36 191 92.95
36 169 38.94
36 139 18.35
36 140 100.78
36 87 57.63
36 173 111.5
36 146 9.2
36 181 66.56
36 193 71.55
36 68 70.05
36 49 82.41
36 176 34.47
36 95 70.78
36 53 48.03
36 133 69.16
37 176 32.14
37 104 49.69
37 169 29.13
37 128 67.98
37 70 51.64
37 47 66.72
37 41 37.77
37 53 53.04
37 75 46.37
38 55 62.05
38 57 58.8
38 82 96.13
38 83 104.54
38 183 46.1
38 157 51.12
38 173 99.45
38 164 80.55
38 46 54.57
38 86 86.26
38 97 62.37
38 43 56.35
38 159 92.92
38 49 111.26
39 118 89.96
39 175 67.45
39 73 53.22
39 189 76.86
39 166 92.68
39 88 54.85
39 43 52.62
39 79 45.65
39 59 82.95
39 172 50.83
39 182 45.76
39 167 75.92
39 137 55.96
39 190 89.71
39 86 80.83
39 63 70
39 100 50.37
39 46 103
39 159 73.68
40 72 21.26
40 191 89.1
40 199 60.2
40 44 64.28
40 144 75.5
40 174 53.69
40 182 38.65
40 46 92.8
40 80 73.2
40 147 82.87
40 181 43.12
40 148 24.02
40 189 97.58
40 196 71.39
40 156 74.25
40 74 63
40 112 102.86
40 69 69.2
40 119 76.67
40 84 49.35
40 130 46.17
40 169 53.74
40 50 64.1
40 188 72.85
41 165 72.78
41 85 75.63
41 175 50.92
41 75 58.38
41 52 44.17
41 179 110.49
41 133 45.95
41 166 24.15
41 161 91.17
41 178 74.9
41 71 100.3
41 150 81.85
41 91 55.84
41 44 95.92
41 47 86.13
41 69 53.36
41 96 64.97
42 178 77.42
42 127 24.59
42 102 68.37
42 96 61.47
42 174 43.55
42 160 79.66
42 93 43.86
42 182 56.13
42 104 36.65
42 119 54.13
42 138 39.42
42 89 36.83
43 77 83.3
43 58 73.24
43 123 66.18
43 193 72.42
43 127 64.25
43 149 54.78
43 163 74.5
43 94 77.25
43 121 76.66
43 95 96.22
43 107 51.24
43 198 53.52
44 67 115.68
44 155 79.53
44 143 88.26
44 184 89.58
44 100 76.43
44 167 68.49
44 154 54.65
44 65 21.19
44 118 38.8
44 99 87.4
44 124 76.83
44 199 14.65
45 179 83.1
45 164 24.69
45 147 95.26
45 75 36.78
45 162 46.65
45 136 72.99
45 61 91.23
45 183 52.26
45 184 69.3
45 189 61.54
45 60 18.83
45 90 100.94
45 173 37.24
45 144 41.06
46 93 61.53
46 110 56.14
46 85 77.01
46 172 93.51
46 185 61.87
46 64 83.92
46 178 113.49
46 84 120.23
46 135 106.36
46 138 71.62
46 112 115.89
47 112 95.7
47 67 127.03
47 160 64.14
47 132 55.44
47 69 109.21
47 149 49.73
47 87 94.25
47 93 63.13
47 198 6.04
47 195 48.29
47 75 30.03
47 52 56.01
47 105 77.27
47 121 93.47
47 89 76.27
47 167 57.18
47 161 41.1
47 128 35.21
47 118 18.34
47 125 101.9
47 182 81.03
47 70 96.88
47 171 41.71
47 192 58.7
47 88 48.07
47 133 123.32
47 164 46.86
47 103 98.23
48 159 42.22
48 87 64.73
48 176 40.15
48 154 92.03
49 158 98.17
49 64 118.19
49 117 92.25
49 195 87.63
49 55 66.52
49 155 80.99
49 122 76.37
49 124 56.96
49 147 52.26
49 190 111.53
49 92 102.14
49 56 50.65
49 126 78.27
49 179 109.6
49 150 116.67
49 98 94.24
50 79 72.24
50 162 69.14
50 70 115.13
50 108 83.42
50 56 75.61
50 127 92.94
50 91 74.46
51 140 75.45
51 178 91.99
51 159 57.06
51 199 84.84
51 180 117.15
51 147 75.66
51 119 48.44
51 94 48.36
51 82 64.99
51 57 81.94
51 158 3.23
51 192 45.41
51 141 103.23
51 125 139.84
51 190 74.15
51 152 90.59
51 79 51.72
51 175 66.53
51 91 89.65
52 158 71.21
52 121 56.06
52 150 42.86
52 198 68.07
52 189 50.81
52 80 63.09
52 98 57.32
52 71 65.05
52 131 31.37
52 95 49.18
52 142 92.54
52 153 72.87
52 99 58.12
52 126 79.84
52 124 87.05
52 141 102.51
52 197 19.85
52 167 63.84
52 83 60.43
53 153 88.19
53 115 90.51
53 77 67.63
53 78 52.11
53 159 77.54
53 172 93.53
53 67 91.23
53 83 103.86
53 196 110.51
53 90 58.03
53 154 118.95
53 66 120.88
53 179 78.64
53 73 99.05
53 143 28.47
53 94 82.87
53 198 92.75
53 106 22.91
54 187 27.52
54 155 29.25
54 147 97.35
54 105 71.03
54 80 35.03
54 124 58.43
54 162 43.48
54 55 64.95
54 183 66.32
54 148 76.92
54 64 33.9
54 137 32.91
54 121 71.92
54 73 85.44
54 119 52.77
54 192 32.83
54 82 106.24
55 146 37.27
55 154 67.03
55 184 14.32
55 135 26.19
55 84 38.41
55 127 34.48
55 73 48.89
55 181 54.29
55 109 4.85
55 89 56.38
55 158 92.86
55 119 61.1
55 56 43.19
55 94 67.11
55 137 57.09
55 123 70.11
55 117 46.09
55 122 20.66
55 150 98.03
55 165 75.3
55 67 62.96
55 138 45.19
56 108 52.04
56 182 22.9
56 85 71.59
56 74 30.48
56 98 67.65
56 153 68.15
56 87 14.11
56 94 64.69
56 106 69.86
56 193 35.61
56 159 46.54
56 65 67.1
56 162 16
56 195 38.88
56 72 78.32
56 80 50.36
56 92 95.54
56 169 56.73
57 199 36.49
57 73 66.37
57 148 22.86
57 111 52.27
57 89 51.54
57 122 46.27
57 149 35.39
57 96 9.72
57 144 42.5
57 185 47.82
57 108 60.62
57 167 80.63
57 65 39.68
57 198 74.15
57 103 72.32
58 99 64.17
58 80 66.91
58 100 53.66
58 123 92.15
58 167 91.14
58 59 90.72
58 166 72.84
58 141 59.88
58 95 80.62
58 181 84.39
58 65 75.73
58 190 102.68
58 162 39.65
58 147 86.77
58 133 22.96
58 186 82.19
58 171 86.71
58 125 52.63
58 157 82.8
58 165 86.88
58 158 100.99
58 164 83.77
59 122 100.06
59 89 66.09
59 73 100.61
59 195 52.44
59 163 106.7
59 78 91.59
59 147 64.42
59 179 87.5
59 151 60.12
59 84 102.03
59 102 20.1
59 152 83.4
59 76 59.76
59 173 99.3
59 79 45.76
59 137 38.76
60 119 34.26
60 195 25.77
60 87 66.04
60 72 97.35
60 76 50.98
60 85 81.54
60 79 7.26
60 177 72.81
60 103 97.55
60 176 71.43
60 160 6.28
60 118 46.22
60 183 22.25
60 123 51.81
60 90 81.91
60 171 15.03
60 163 81.99
60 66 38.44
61 178 66.54
61 104 20.4
61 62 60.63
61 160 64.8
61 111 84.89
61 130 42.75
61 106 38.84
61 73 45.83
61 114 43.56
61 175 49.12
61 147 53.84
61 186 78.26
61 97 35.2
61 76 22.16
61 188 108.58
61 105 73.27
61 122 49.21
61 100 52.88
61 93 45.56
61 143 36.25
61 139 29.66
62 124 66.37
62 78 84.79
62 123 14.99
62 75 41.88
62 148 57.33
62 137 42.24
62 186 101.13
62 151 48.25
62 89 40.14
62 140 59.92
63 77 0.65
63 135 49.27
63 74 58.51
63 178 71.88
63 189 67.23
63 155 71.74
63 129 87.18
63 119 56.53
63 99 20
63 70 40.84
63 110 69.7
63 94 43.6
63 111 96.21
64 108 46.29
64 167 62
64 136 58.63
64 190 55.51
64 94 101.02
64 163 91.81
64 84 89.12
64 123 81.48
64 151 74.24
64 86 94.69
64 127 86.41
64 110 89.72
64 146 84.41
64 199 35.72
64 78 90.32
64 111 27.93
64 118 42.12
64 85 60.29
64 129 38.6
64 70 121.38
64 183 47.05
64 81 70.48
64 194 79.79
64 99 97.57
64 103 98.18
64 113 56.68
64 128 20.11
65 142 82.89
65 85 21.74
65 74 49.49
65 133 85.34
65 190 55.1
65 98 78.71
65 82 78.99
66 133 91.1
66 111 87.9
66 126 99.19
66 187 58.56
66 109 72.65
66 158 22.52
66 128 50.66
67 127 47.16
67 128 105.55
67 84 74.23
67 75 93.98
67 132 86.26
67 147 43.24
67 103 77.56
67 111 117.81
67 151 71.37
67 86 50.4
67 124 60.28
67 130 65.16
67 168 108.39
67 93 62.68
67 89 66.87
67 101 61.71
68 152 56.6
68 70 77.24
68 155 40.05
68 166 57.61
68 103 85.57
68 168 78.23
68 181 96.02
68 128 71.95
68 123 61.92
69 103 96.58
69 194 62.71
69 178 11.14
69 100 56.84
69 172 28.16
69 164 77.39
69 108 76.57
69 83 87.65
69 149 59.91
69 190 100.12
69 139 59.4
70 118 83.84
70 122 79.73
70 161 75.92
70 174 6.44
70 121 81.68
70 199 83.72
70 125 97.77
70 145 91.34
70 194 82.71
70 160 101.44
70 120 85.85
70 184 62.28
70 154 129.97
70 189 93.86
70 164 103.18
70 131 45.24
70 183 62.86
70 81 78.04
71 107 99.1
71 102 19.64
71 130 80.42
72 113 75.21
72 94 108.15
72 140 87.86
72 150 102.2
72 99 82.29
72 122 41.61
72 107 92.99
72 102 95.75
72 192 99.91
72 141 85.2
72 157 102.02
72 193 86.34
73 77 48.88
73 164 98.91
73 76 50.73
73 173 98.59
73 155 61.89
73 132 80.95
73 158 95.01
73 167 92.15
73 106 65.24
73 147 61.23
73 136 96.53
73 193 38.72
73 153 42.12
73 150 129.21
73 140 94.41
73 116 111.84
73 101 54.68
74 165 41.53
74 83 34.21
74 163 75.34
74 91 55.97
74 86 53.34
74 170 41.16
74 185 68.38
74 167 35.99
74 118 34.25
74 141 48.24
74 148 58.27
75 76 41.8
75 147 59.78
75 171 24.9
75 165 36.81
75 193 66.25
75 199 19.93
75 78 62.68
75 180 55.52
75 81 56.7
75 164 38.8
75 155 50.07
76 89 31.64
76 97 37.69
76 116 55.8
76 83 71.32
76 86 37.25
77 138 43.4
77 82 12.33
77 110 63.84
77 180 115.63
77 140 87.21
77 172 43.77
77 100 27.35
77 190 73.76
77 156 22.83
78 178 84.85
78 133 85.27
78 147 74.75
78 197 60.43
78 135 80
78 164 111.07
78 97 45.72
78 129 95.98
78 192 96.21
78 94 85.68
78 146 2.34
78 117 86.33
78 110 46.53
78 141 102.55
78 109 56.24
78 199 67.62
78 143 44.42
78 151 39.93
78 171 105.61
78 188 82.37
78 95 86.61
78 169 58.16
78 170 88.43
78 166 84.13
78 83 111.56
78 86 58.07
78 158 130.17
78 85 40.1
79 182 51.18
79 93 24.91
79 180 80.79
79 189 39.51
79 82 80.88
79 162 24.64
79 128 24.93
79 144 27.99
79 191 24.42
79 84 87.17
79 171 25.08
79 130 89.42
79 122 97.44
79 106 86.47
79 194 88.79
79 179 82.45
80 101 74.41
80 165 25.08
80 166 90.77
80 119 39.72
80 140 17.85
80 156 101.25
80 120 67.41
80 139 76.58
80 151 64.7
80 115 62.8
80 178 58.34
80 167 37.97
80 170 74.35
80 161 70.77
80 155 41.41
80 93 37.38
80 126 70.89
80 88 27.16
80 109 58.49
81 121 46.99
81 155 24.94
81 159 62.62
81 84 51.7
81 125 73.83
81 176 37.9
81 141 48.37
81 126 57.2
81 161 87.05
81 187 20.05
81 124 26.31
81 97 39.25
81 191 65.7
81 96 30.71
81 164 59.58
81 95 53.15
81 184 41.09
81 196 76.92
81 116 84.29
81 87 18.49
81 109 33.95
81 103 96.21
81 139 57.77
81 165 72.78
81 127 36.73
81 195 37.48
81 148 59.45
82 138 48.66
82 151 44.7
82 85 89.44
82 113 47.07
82 174 60.46
82 137 80.69
82 91 82.71
82 122 83.32
82 132 89.61
82 98 76.6
82 196 118.16
82 87 74.64
82 152 33.2
82 131 22.64
82 109 60.31
82 102 64.4
82 159 23.66
82 106 29.41
82 118 72.95
82 164 78.65
82 114 95.87
83 106 89.39
83 170 45.55
83 111 78.05
83 190 72.17
83 122 112.56
83 154 88.09
83 152 95.96
84 131 69.12
84 153 76.86
84 89 69.16
84 113 67.91
84 167 100.82
84 189 96.64
84 152 59.5
84 175 87.8
84 199 88.24
84 111 97.75
84 115 19.56
84 130 67.13
84 178 26.79
84 150 122.49
85 127 53.08
85 151 28.48
85 157 64.46
85 103 64.43
85 89 48.13
85 102 63.25
85 101 52.93
85 125 18.54
85 113 49.11
85 135 71.14
85 96 48.36
85 177 21.81
86 89 19.35
86 90 69.47
86 128 86.07
86 187 81.84
86 116 70.13
86 194 92.13
86 102 55
86 110 45.74
86 111 85.65
86 174 29.61
86 150 69.58
86 115 60.33
86 141 108.22
86 193 75.83
86 105 85.43
86 94 37.23
86 133 74.47
86 173 109.68
86 176 44.1
86 118 58.04
86 168 89.72
86 153 47.56
86 91 74.82
86 87 62.17
86 109 48.14
86 140 84.03
86 98 72.84
87 171 78.83
87 177 66.12
87 97 44.7
87 90 105.97
87 110 74.82
87 191 66.37
87 105 64.01
87 149 43.64
87 148 47.85
87 137 68.6
87 198 107.07
87 165 85
87 95 67.73
87 156 47.93
87 131 44.83
87 163 23.06
87 93 49.44
87 179 80.12
87 193 10.12
87 182 23.3
87 120 59.03
87 152 50.02
87 155 33.02
88 148 36.4
88 146 68.14
88 153 74.5
88 138 52.08
88 106 57.14
88 147 53.23
88 152 50.97
88 191 32.12
88 110 43.99
88 102 36.22
88 179 79.56
88 160 22.25
88 96 26.42
88 149 1.55
88 117 67.99
89 188 93.59
89 141 101.98
89 191 64.11
89 127 26.03
89 133 71.15
89 132 87.09
90 157 29.62
90 191 68
90 153 118.15
90 123 45.14
90 158 83.86
90 139 61.6
90 136 81.75
90 174 78.11
90 154 110.2
90 124 105.47
91 125 53.37
91 107 55.12
91 177 58.2
91 166 79.7
91 123 81.78
91 194 40.82
91 180 81.83
91 193 4.13
91 168 91.81
91 182 20.29
91 121 80.11
91 185 89.9
91 158 107.94
91 138 71.22
92 109 47.26
92 112 109.53
92 193 88.78
92 191 114.81
92 166 102.83
92 104 79.74
92 111 75
92 159 97.55
92 117 77.4
92 175 63.96
92 148 39.29
92 115 55.35
92 133 81.96
92 151 39.8
92 146 33.12
93 193 53.85
93 102 47.74
93 195 28.24
94 161 70.37
94 195 71.2
94 188 140.04
95 171 92.79
95 154 119.6
95 104 39.91
95 186 131.33
95 199 72.73
95 156 39.39
95 196 106.96
95 117 95.98
95 170 14.72
95 126 80.91
95 157 50.31
95 180 118.43
95 124 80.03
95 155 87.79
95 101 57.73
96 118 58.12
96 174 78.58
96 141 41.28
96 162 23.16
96 128 47.11
96 160 38.12
97 100 65.34
97 110 49.6
97 179 36.86
97 134 48.17
97 196 73.07
97 127 39.72
97 99 51.91
97 124 28.14
97 133 56.35
97 184 20.93
97 155 54.16
97 167 89.57
97 148 30.45
97 120 19.11
97 163 36.75
97 162 51.42
97 170 84.33
97 187 38.89
97 173 82.06
97 131 59.52
97 130 50.44
97 150 98.09
97 146 39.89
98 126 83.75
98 158 45.59
98 181 98.46
98 184 88.87
98 164 9.38
98 101 76.26
98 117 95.82
98 169 66.22
98 105 96.05
98 197 67.09
98 102 33.99
98 140 37.51
98 188 88.53
98 186 106.47
98 162 60.01
98 116 50.88
98 156 98.56
98 191 21.3
98 129 67.72
98 103 109.5
99 112 105.82
99 162 44.86
99 160 68.05
99 120 72.04
99 187 66.79
99 183 51.4
99 102 67.77
99 119 53.01
99 127 11.83
99 195 78.45
99 152 14.77
99 136 70.33
99 170 34.6
99 191 68.63
99 149 37.67
99 163 68.03
99 121 60.96
99 180 104.33
99 122 70.06
99 144 71.94
99 115 51.69
99 148 65.06
100 198 94.34
100 130 76.74
100 190 66.95
100 161 88.21
100 194 76.83
100 195 61.62
100 140 66.76
100 178 56.76
100 102 55.26
100 189 27.25
100 132 51.23
100 133 50.46
100 174 69.03
101 168 65.9
101 116 61.66
101 122 63.69
101 107 83.68
101 172 61.63
101 117 78.34
101 198 86.34
101 155 75.2
102 193 88.59
102 162 49.82
102 116 24.22
102 127 67.79
102 112 94.77
102 149 28.78
102 134 53.48
103 195 89.28
103 113 77.1
103 184 70.75
103 170 87.18
103 130 15.31
103 187 85.43
103 148 48.08
103 134 105.14
104 163 41.71
104 137 73.25
104 167 105.71
104 186 92.93
104 196 104.04
104 154 119.83
104 181 99.4
104 126 62.55
104 112 110.83
104 152 34.59
104 182 23.39
104 141 88.78
104 199 86.9
104 177 91.28
104 111 90.67
105 157 92.57
105 198 79.25
105 124 51.58
105 179 21.32
105 187 57.2
105 176 58.55
105 153 117.42
105 163 48.14
105 185 61.13
105 150 111.88
105 166 107.71
105 136 10.77
105 127 75.82
105 164 87.35
105 154 57.91
105 195 46.36
105 122 47.12
105 180 48.87
105 161 94.51
105 106 85.1
105 128 68.03
106 123 35.85
106 178 79.98
106 128 84.36
106 142 74.63
107 196 58.03
107 173 26.65
107 160 59.44
107 155 11.31
107 129 19.33
107 118 93.88
107 198 108.31
107 109 63.11
107 184 72.65
107 130 113.83
107 136 82.2
107 191 86.6
107 150 130.72
107 199 67.5
107 143 108.6
107 158 90.29
107 188 93.76
107 183 72.65
107 168 77.51
107 119 64.27
108 159 68.68
108 197 71.75
108 156 94.07
108 196 56.71
108 148 71.43
108 136 99.12
108 112 49.33
108 140 42.25
109 186 59.55
109 188 79.86
109 162 26.54
109 181 58.41
109 199 40.88
109 147 63.16
109 197 52.17
109 131 30.57
109 136 46.96
109 172 40.83
109 177 50.65
109 182 17.99
109 149 41.35
110 188 86.32
110 155 90.86
110 152 52.34
110 181 62.49
110 168 69.19
110 125 66.75
110 137 82.59
110 124 72.62
110 164 85.19
110 129 93.42
110 169 41.01
110 132 97.53
110 121 82.62
110 153 94.56
110 148 49.85
110 113 36.25
110 133 84.44
111 130 73.64
111 157 61.37
111 177 41.52
111 170 84.4
111 128 25.7
111 197 74.66
111 172 101.57
111 185 25.89
111 131 68.92
111 175 44.57
111 162 57.79
111 176 86.36
111 133 118.28
111 119 60.09
111 194 82.39
111 188 40.97
111 187 61.65
111 145 60.6
111 120 83.21
111 135 91.72
112 138 121.95
112 141 35.33
112 130 121.01
112 182 76.17
112 176 103.14
112 139 99.31
112 161 118.79
112 143 129.06
112 191 81.98
112 145 74.24
112 194 96.75
112 198 96.62
112 133 87.48
112 185 107.21
113 126 55.16
113 145 32.3
113 192 33.33
113 115 49.42
114 148 51.41
114 164 101.36
114 168 83.8
115 144 68.71
115 156 58.85
115 139 33.68
115 132 67.87
115 129 59.17
115 127 29
115 172 25.55
115 192 46.08
115 185 77.9
115 161 86.77
115 159 69.12
115 182 10.22
115 157 69.01
115 154 75.04
115 128 67.66
115 187 33.58
116 186 75.73
116 191 59.87
116 147 99.16
116 127 75.7
116 177 50.24
116 176 83.05
116 148 44.7
116 165 36.06
116 181 52.19
116 188 53.72
117 175 81.34
117 198 96.17
117 148 47.79
117 163 37.96
117 127 64.01
117 132 75.21
117 159 83.86
117 176 67.46
117 119 52.95
117 141 39.1
117 178 18.05
117 184 36.86
117 125 61.61
117 173 45.58
117 129 29.69
117 160 63.83
117 128 70.05
118 189 56.77
118 136 58.3
118 141 66.85
118 177 46.76
118 154 69.82
118 139 50.34
118 134 58.57
119 154 78.09
119 137 34.25
119 198 58.76
119 174 77.15
119 195 48.27
120 191 103.96
120 123 99.07
120 186 37.07
120 164 89.98
120 155 50.28
120 143 78.55
120 140 70.42
120 177 36.57
120 195 55.53
120 133 74.48
120 137 73.9
120 158 114.86
120 160 70.41
121 141 106.01
121 140 82.62
121 152 69.23
121 183 45.86
121 194 104.61
121 180 121.32
121 125 110.88
121 144 52.71
121 151 70.27
121 168 77.34
122 159 95.07
122 150 115.77
122 181 65.25
122 174 82.39
122 193 51.58
122 126 34.08
122 131 71.15
122 180 80.5
123 127 47.89
123 142 72.35
123 175 20.9
123 153 72.34
123 157 17.8
123 156 63.86
124 139 42.81
124 175 50.2
124 136 47.47
124 154 67.15
124 147 66.62
124 162 30.91
124 148 46.71
124 132 63.39
124 177 51.67
124 188 82.43
125 126 35.81
125 132 113.3
125 157 88.88
125 156 96.32
125 167 121.07
125 181 27.44
125 161 100.76
125 148 35.91
125 184 63.17
125 182 70.74
126 176 43.3
126 162 44.61
126 146 37.37
126 174 71.01
126 157 71.08
126 190 73.98
126 179 35.07
126 170 80.56
126 183 46.87
126 137 73.71
126 140 70.43
126 147 89.82
126 177 29.52
127 130 35.91
127 191 57.75
127 154 109.14
127 195 58.49
127 145 68.34
127 152 24.36
128 179 85.75
128 136 77.71
128 143 74.14
128 150 61.9
128 173 60.58
128 153 100.9
128 197 78.28
129 176 69.43
129 138 75.54
129 136 50.83
129 173 28.21
129 182 52.58
129 154 42.87
129 190 72.84
129 134 28.35
129 158 86.6
129 188 64.65
129 162 45.05
129 192 26.73
129 186 87.29
129 180 47.22
129 199 47.28
130 188 110.11
130 199 61.87
130 140 101.74
130 150 76.27
130 173 115.49
130 132 107.25
130 184 54.27
130 194 53.35
130 175 55.95
130 155 88.36
130 147 61.59
130 192 85.21
130 151 30.89
130 189 86.76
130 170 79.86
130 187 68.71
130 141 113.94
130 135 63.65
130 134 101.11
130 186 80.74
130 144 80.35
131 199 53.52
131 157 33.61
131 170 18.47
131 195 61.36
131 145 38.82
131 180 94.91
131 154 91.5
131 161 70.49
131 142 43.61
131 174 52.04
131 187 42.19
131 149 10.8
131 173 91.39
132 192 15.98
132 156 103.66
132 158 36.04
132 164 17.3
132 195 48.76
132 145 34.15
132 184 90.46
132 179 110.75
132 174 120.61
132 155 63.01
132 161 93.77
132 168 43.79
132 198 81.83
132 178 71.04
133 168 105.24
133 188 128.12
133 186 110.09
133 163 35.51
133 144 83.32
133 147 68
133 180 108.98
133 157 104.61
133 141 98.41
133 153 37.15
133 134 102.53
133 139 63.66
133 145 90.61
133 178 30.74
133 170 75.69
133 143 63.48
133 184 37.49
133 185 107.23
134 183 58.16
134 193 76.09
134 190 50.32
134 180 28.14
134 140 22.32
134 171 49.56
134 138 81.66
134 198 45.66
134 195 12.72
134 184 75.41
134 169 71.38
134 162 58.78
134 145 56.98
134 168 25.65
134 158 92.89
134 135 80.56
134 194 71.2
134 172 85.66
134 159 98.28
134 170 96.41
134 150 77.45
134 160 42.87
134 137 36.08
134 173 53.93
134 155 38.9
135 146 66.74
135 152 53.44
135 154 91.11
135 170 67.24
135 169 59.4
135 141 66.13
135 176 37.96
135 174 72.7
135 157 93.12
135 138 68.5
135 181 90.79
135 178 24.22
135 163 16.43
135 161 98.23
136 174 60.61
136 139 25.49
136 173 87.45
136 170 97.35
136 163 56.62
136 142 75.94
136 145 87.7
136 191 88.55
136 156 86.05
136 153 101.39
136 162 56.36
136 144 79.66
137 193 75.54
137 144 17.07
137 147 69.36
137 191 40.65
137 140 18.04
137 169 65.55
137 184 70.54
137 179 75.42
137 164 11.52
137 198 53.78
137 171 22.18
137 192 27.55
137 190 50.16
137 176 65.25
137 141 46.37
137 156 99.37
137 166 96.82
137 181 79.82
137 182 42.91
137 194 92.6
138 189 90.2
138 196 95.59
138 193 72.68
138 179 56.5
138 150 65.76
138 168 75.84
138 185 64.93
138 184 50.44
138 183 59.3
139 193 69.85
139 146 8.95
139 152 31.64
139 156 56.17
139 148 22.57
140 199 47.42
140 164 33.05
140 168 20.94
140 189 67.48
140 177 57.8
140 169 72.12
140 180 66.3
140 160 32.39
140 145 48.25
140 151 62.47
141 181 76.93
141 183 72.66
141 175 88.76
141 143 111.56
141 148 61.06
141 157 101.28
141 161 97.18
141 188 71.35
142 164 95.67
142 162 42.79
142 154 114.51
143 169 30.5
143 184 49.96
143 173 111.65
143 160 77.23
144 188 92.77
144 184 67
145 164 16.89
145 161 58.84
145 151 71.67
145 179 91.49
145 168 41.64
145 155 67.81
145 197 45.12
145 169 41.41
145 174 83.48
145 166 85.01
145 162 34.04
146 194 38.87
146 172 70.43
146 199 50.34
146 182 58.31
146 173 110.14
146 165 86.36
146 150 69.21
147 190 86.6
147 171 91.66
147 189 48.99
147 174 62.54
147 183 54.89
147 154 118.08
147 193 79.23
147 181 117.72
147 194 99.4
147 163 102.47
147 177 94.21
147 199 80.41
147 175 56.81
147 150 67.11
147 149 40.61
147 165 75.78
148 187 42.86
148 171 76.14
148 158 109.71
148 172 72.85
148 194 41.23
148 170 73.13
148 153 93.52
148 161 53.27
148 167 82.63
148 163 65.55
148 175 33.42
148 181 50.78
149 166 68.71
149 183 20.2
149 165 53.21
149 185 56.27
149 158 51.21
149 180 76.68
149 181 89.68
149 157 19.06
149 164 51.87
149 176 33.41
149 154 76.61
149 172 65.16
149 155 69.43
149 190 48.73
149 182 32.49
150 167 77.76
150 199 51.54
150 183 46.97
150 161 12.15
151 187 48.27
151 197 48.71
151 188 97.81
151 173 87.2
151 159 63.73
151 199 41.79
151 196 74.54
151 175 29.12
152 167 106.48
152 187 69.87
152 199 66.78
152 166 38.71
152 180 107.45
152 177 83.95
152 158 110.51
152 179 77.67
152 168 104.4
152 191 89.06
152 165 95.25
152 170 56.07
152 161 75.67
152 197 36.95
153 160 86.5
153 179 121.07
153 162 62.07
153 171 98.52
153 159 54.46
153 154 131.17
153 172 45.6
153 189 83.13
153 173 112.1
153 170 54.58
153 182 60.47
154 164 67.01
154 197 106.7
154 172 113.2
154 180 30.42
154 161 83.64
154 173 56
154 186 60.11
154 188 42.93
154 170 110.45
154 184 85.6
154 159 117.17
155 196 62.19
155 192 26.05
155 160 32.86
155 165 68.91
156 178 72.06
157 162 52.81
157 184 67.16
157 187 69.38
157 185 54.78
157 181 93.66
157 176 62.61
157 163 94.12
157 196 81.98
157 167 45.63
157 160 44.8
158 178 102.84
158 198 87.65
158 176 86.08
158 190 64.56
158 186 144.16
158 173 92.05
158 159 53.98
158 165 63.54
159 184 59.64
159 193 63.38
159 176 52.87
160 165 35.48
160 163 86.7
160 178 58.05
160 196 52.61
160 185 78.01
160 168 23.48
161 186 79.33
161 175 29.99
161 191 61.44
161 166 89.98
161 181 89.58
161 179 76.52
161 190 32.58
161 194 99.7
161 178 113.55
161 188 87.08
161 165 52.57
161 189 73.68
162 176 28.95
162 180 78.88
162 194 71.85
162 178 48.93
163 175 85.34
163 176 40.15
163 169 79.77
163 170 80.77
163 195 66.14
164 190 39.01
164 194 104.12
164 193 87.33
164 172 79.93
164 178 86.15
164 177 86
164 171 2.93
164 169 67.89
164 188 90.73
164 174 111.81
164 175 61.7
164 183 42.11
164 196 62.65
165 170 63.43
165 188 66.95
165 176 86.25
165 192 36.16
165 177 56.85
165 184 87.6
165 183 36.11
166 173 113.53
166 184 64.44
166 192 76.13
166 171 94.96
166 182 64.24
166 194 85.63
167 184 93.39
167 181 110.81
167 189 19.04
167 179 110.18
167 192 41.68
167 183 46.43
167 186 134.6
167 177 92.6
167 195 51.66
167 173 84.72
167 194 109.65
168 170 73.26
168 176 92.23
168 196 33.31
168 189 55.38
168 186 95.51
168 184 79.06
169 196 84.05
169 173 97.04
169 184 39.4
169 177 74.48
170 183 47.11
170 171 65.38
170 185 99.02
170 196 95.81
172 187 44.5
172 194 63.31
172 192 53.41
172 191 84.86
173 195 61.42
173 192 56.39
173 180 76.52
173 186 94.61
174 196 109.83
174 192 95.84
174 182 71.49
174 181 87.22
174 197 38.77
174 179 71.81
174 178 106.14
175 199 27.26
175 183 15.8
175 192 52.2
175 177 56.29
176 189 60.64
176 181 76.71
176 183 46.5
176 184 20.16
176 199 59.97
177 199 30.88
177 187 41.99
177 197 82.92
177 196 48
177 194 58.57
177 179 20.55
177 183 49.82
177 190 62.66
178 184 44.31
178 187 40.58
178 193 19.06
178 191 88.74
178 181 102.04
178 194 71.16
178 198 102.98
178 179 84.41
179 186 14.96
179 191 111.29
179 184 52.93
179 180 48.28
179 193 83.98
179 197 86.97
179 187 60.56
180 184 75.5
181 187 63.23
181 184 85.2
181 190 75.34
181 183 80.53
181 186 7.14
181 191 114.16
181 188 46.72
181 185 44.51
181 198 67.54
181 192 98.43
182 183 39.23
182 189 60.07
182 191 64.28
183 190 38.73
183 184 62.33
183 199 29.72
183 193 63.65
183 187 34.63
183 186 79.64
183 188 81.99
183 192 34.22
183 191 44.79
183 198 59.78
183 189 32.38
184 188 99.96
184 193 23.24
184 187 35.5
184 194 47.33
184 189 77.82
185 192 79.53
185 199 41.29
185 193 93.95
186 197 97.88
186 193 84.86
187 196 48.5
187 194 55.71
187 190 65.42
188 198 40.21
188 194 89.66
189 199 45.28
189 192 29.67
189 196 91.5
189 197 62.75
189 194 106.72
190 197 66.08
190 194 107.93
190 198 29.38
192 199 48.36
192 197 74.9
192 195 39.79
192 198 78.77
192 193 62.2
193 197 71.24
193 199 85.44
194 198 100.41
194 197 89.95
194 195 72.68
196 197 93.92
197 198 86.7
197 199 52.98
198 199 31.04
