0 95 53.73
0 26 25.14
0 38 27.61
0 117 50.17
0 31 53.17
0 156 18.48
0 127 29.2
0 58 44.29
0 14 35.77
0 150 71.22
0 131 49.04
0 158 26.96
0 48 75.26
0 73 56.85
0 129 22.59
0 123 47.96
0 96 38.46
0 166 64.78
0 110 15.69
0 191 67.99
0 87 61.9
0 151 57.21
0 100 75.54
0 84 67.7
0 72 51.2
0 1 57.9
0 39 59.14
0 54 31.31
0 168 63.89
0 155 81.54
1 10 28.28
1 83 49.56
1 52 64.5
1 196 106.18
1 128 39.44
1 73 102.18
1 139 61.66
1 66 82.23
1 85 53.6
1 44 56.81
1 152 39.67
1 127 49.42
1 122 29.7
1 101 95.76
1 110 60.9
1 173 64.8
1 17 47.96
1 170 81.46
1 63 76.08
1 40 42.84
1 165 27.5
1 6 86.47
1 197 37.79
1 47 91.52
2 128 51.91
2 68 9.47
2 180 40.35
2 118 60.61
2 41 54.56
2 97 22.2
2 5 45.55
2 157 64.01
2 113 12.98
3 193 83.77
3 25 100.02
3 6 54.78
3 44 45.75
3 104 66.01
3 98 42.45
3 72 55.77
3 40 30.3
3 29 39.52
3 178 42.4
4 103 100.58
4 45 5.6
4 120 74.53
4 109 62.47
4 93 63.2
4 42 40.35
4 176 20.09
4 189 54.25
4 32 68.83
4 53 52.75
4 190 82.73
4 80 47.04
4 61 90.85
4 181 63.18
4 54 74.92
4 127 61.1
4 58 104.91
4 26 74.48
5 179 96.26
5 128 62.33
5 163 13.37
5 199 83.28
5 147 28.89
5 138 100.67
5 36 77.21
5 102 54.84
5 194 66.7
5 154 96.49
6 11 96.2
6 68 83.72
6 162 71.47
6 78 58.35
6 85 65.02
6 130 53.49
6 144 39.49
6 147 78.58
6 51 70.8
7 19 56.65
7 78 38.97
7 141 30.91
7 142 45.89
7 35 32.03
7 171 44.23
7 173 62.38
7 91 63.53
7 120 70.62
7 157 55.12
7 106 65.46
7 24 72.2
7 155 50.51
7 114 43.27
7 165 63.29
7 124 34.09
7 144 40.95
7 76 51
7 176 66.72
7 105 43.81
7 79 51.17
7 12 50.87
7 137 57.08
7 104 32.51
7 139 10.03
7 98 5.1
7 198 59.21
7 13 60.92
7 170 20.49
7 37 57.63
8 67 101.6
8 45 103.18
8 98 67.65
8 164 98.31
8 186 108.68
8 123 59.86
8 17 96.45
8 79 87.08
8 185 64.17
8 40 73.71
8 127 79.32
8 151 113
8 92 88.78
8 20 83.33
8 65 122.28
8 133 101.99
8 140 76.41
8 112 94.77
8 178 42.84
8 62 76.49
8 152 93.86
8 43 29.13
8 193 59.54
8 154 41.6
8 64 77.53
8 44 90.61
8 78 53.78
8 16 53.63
8 131 75.59
8 22 115.04
8 188 78.38
8 88 106.94
8 170 97.09
8 101 122.5
9 168 23.62
9 41 59.85
9 77 81.63
9 56 74.34
9 105 90.57
9 29 106.72
9 28 68.85
9 71 87.12
9 145 32.05
10 144 62.47
10 98 15.58
10 162 60.17
10 47 60.5
10 56 56.52
10 19 40.76
10 171 31.14
10 145 56.19
10 114 58.47
10 188 31.93
10 65 66.19
10 17 49.57
10 115 39.89
10 192 61.21
10 174 49.84
10 160 29.64
10 193 25.8
10 55 52.28
10 139 30.27
10 182 47.33
11 187 57.27
11 107 39.64
11 119 16.83
11 158 49.22
11 144 90.6
11 124 42.53
11 149 46.25
11 110 47.96
11 75 83.32
11 47 91.65
11 191 54.22
11 79 97.47
11 61 46.14
11 87 64.07
11 93 53.58
11 168 79.21
11 50 59.15
11 178 68.46
11 30 80.23
11 23 38.16
11 91 85.45
11 58 74.55
11 141 87.24
11 100 58.23
12 61 58.91
12 139 60.54
12 20 25.03
12 14 76.32
12 60 101.26
12 102 38.6
12 44 45.32
12 72 76.8
12 142 101.57
12 101 53.73
12 48 84.35
12 69 45.95
12 53 66.67
12 180 51.58
12 160 72.29
12 47 116.05
12 23 55.11
12 31 71.69
12 100 68.34
12 113 71.39
12 120 14.6
12 117 59.73
12 82 98.28
12 173 17.79
12 63 62.92
12 109 37.92
12 185 46.53
13 127 59.26
13 21 91.62
13 189 47.7
13 68 55.48
13 116 33.3
13 135 49.82
13 67 25.97
13 108 78.81
13 183 37.84
13 72 60.99
13 168 33.47
13 84 16.97
13 77 89.59
13 105 94.13
13 170 19.03
14 178 45.31
14 35 64.58
14 63 33.91
14 74 60.53
14 79 26.92
14 93 67.87
14 112 34.73
14 85 65.5
14 172 27.49
14 21 72.16
14 87 72.25
14 194 65.95
14 199 12.87
14 160 47.53
14 73 74.96
14 28 65.55
14 175 92.99
14 177 93.71
14 34 77.06
14 78 51.71
14 60 53.18
14 116 44.05
14 86 13.42
15 101 71.18
15 28 42.06
15 62 52.49
15 84 43.92
15 157 67.91
15 19 103.44
15 199 65.95
15 43 88.43
15 52 59.92
15 64 67.98
15 189 27.15
15 140 58.13
15 92 65.74
15 46 56.96
15 171 83.64
15 66 48.94
15 17 48.06
15 94 35.05
15 182 49.12
15 119 75.19
15 112 95
15 145 27.66
15 167 62.2
15 67 22.23
15 107 62.56
15 36 26.28
15 51 101.47
15 121 32.94
15 183 28.61
15 34 37.98
15 135 53.12
15 118 62.23
15 154 67.1
15 196 54.87
16 42 89.8
16 178 43.96
17 196 100.1
17 63 90.35
17 75 64.8
17 80 73.61
17 179 67.94
17 113 54.32
17 167 73.82
17 44 42.54
17 73 99.53
17 121 29.3
17 64 95.8
17 103 86.17
17 77 19.33
17 84 72.13
17 170 77.14
17 199 76.65
17 142 63.47
17 193 36.88
18 118 16.83
18 156 60.99
18 176 48.09
18 50 53.55
18 150 89.56
18 61 88.54
18 117 53.39
18 20 48.81
18 107 77.24
18 195 86.46
18 98 62.16
18 184 103.7
18 127 52.7
18 158 36.45
18 88 75.44
18 87 72.46
18 23 65.15
18 91 112.49
18 95 71.35
18 58 93.32
18 84 41.44
18 33 100.73
18 110 49.03
18 92 33.58
19 90 41.65
19 130 36.17
19 118 83.33
19 79 84.63
19 135 47.59
19 113 98.62
19 155 91.75
19 159 79.85
19 88 91.97
19 112 65.65
20 160 75.06
20 23 76
20 167 35
20 77 109.9
20 30 73.54
20 59 84.3
20 130 27.93
20 115 109.1
20 34 65.54
20 78 89.45
20 132 102.05
20 25 115.26
20 114 73.55
20 82 92.09
20 101 71.99
20 37 108.5
20 195 80.79
21 167 82.61
21 180 32.84
21 129 55.11
21 199 75.56
21 29 87
21 57 62
22 76 88.98
22 82 120.74
22 176 46.65
22 167 63.29
22 108 76.57
22 59 122.23
22 114 69.76
22 32 68.46
22 62 46.36
22 31 77.24
22 135 83.28
22 190 88.48
22 68 85.26
22 197 98.38
22 118 58.34
22 138 82.12
22 185 79.01
22 113 75.59
22 60 120.04
22 74 90.88
22 96 69.44
22 142 116.28
23 66 27.91
23 197 82.01
23 113 10.28
23 87 36.19
23 196 72.9
23 52 43.74
23 44 22.3
23 108 60.08
23 136 60.74
23 122 40.75
23 156 70.34
23 24 45.08
23 141 83.8
23 166 48.27
23 68 22.09
23 155 58.08
23 115 61.81
23 178 79.75
23 188 48.56
23 179 87.22
23 189 52.78
23 199 94.23
23 160 48.61
23 126 90.57
23 105 54.9
24 79 119.84
24 42 73.48
24 101 70.87
24 70 66.69
24 185 68.19
24 110 72.23
24 169 50.25
24 89 104.12
24 114 85.19
24 121 28.67
24 135 76.55
24 54 63.97
24 86 120.89
24 119 63.71
24 69 97.64
24 66 85.01
24 160 72.39
24 155 27.53
24 142 99.99
25 98 62.37
25 162 84.95
25 99 35.24
25 44 65.62
25 149 73.17
25 29 78.78
25 129 55.66
25 188 54.48
25 101 98.97
25 154 54.58
25 30 55.86
26 165 37.5
26 54 12.57
26 128 47.88
26 27 29.69
26 171 5.66
26 116 72.09
27 164 50.72
27 73 89.96
27 74 94.71
27 133 61.53
27 28 119.11
27 107 32.85
27 38 64.43
27 195 71.77
27 60 94.07
27 138 89.62
27 166 26.78
27 75 71.28
27 30 66.83
27 139 56.29
27 160 48.04
27 125 20.89
27 187 74.62
27 33 78.02
27 135 52.82
27 197 48.02
27 39 76
27 104 21.28
28 151 93.25
28 86 54.82
28 153 98.61
28 186 111.6
28 112 98.21
28 45 85.26
28 130 100.02
28 97 57.46
28 103 110.24
28 102 111.91
28 174 107.15
28 58 126.41
28 190 85.12
29 175 82.51
29 159 80.25
29 117 77.22
29 185 47.67
29 134 65.28
29 109 52.72
29 135 49.17
29 132 92.27
30 73 103.35
30 109 52.5
30 83 17.16
30 177 89.66
30 101 104.55
30 116 81.91
30 39 44.32
30 133 76.55
30 95 75.68
30 33 39.6
30 46 84.18
30 80 66.52
30 97 105.73
30 192 58.99
30 125 85.03
31 123 87.66
31 88 37.44
31 43 91.77
31 114 28.34
31 100 77.15
31 39 78.83
31 107 77.22
32 159 55.92
32 43 58.89
32 35 82.25
32 120 79.41
32 195 43.37
32 194 56.69
32 53 9.41
32 136 75.02
32 178 42.16
32 57 103.35
32 112 28.73
32 156 31.79
32 100 95.67
32 166 100.79
32 52 41.84
32 81 62.49
32 142 59.77
32 89 29.66
32 40 60.67
32 144 68.08
32 140 103.12
32 80 63.94
32 41 81.18
33 124 78.13
33 125 85.13
33 53 50.84
33 198 62.65
33 55 80.32
33 194 115.66
33 38 49.01
33 182 51.22
33 135 37.14
33 82 62.83
33 81 36.29
33 147 79.63
33 148 19.68
33 155 64.94
33 162 64.44
33 99 7.47
33 187 81.37
33 118 70.19
33 80 63.02
33 94 58.19
33 128 38.76
33 196 86.56
33 184 67.76
33 62 79.53
33 167 58.92
33 134 52.87
33 106 85.23
33 153 38.75
33 74 76.57
33 105 71.93
33 107 37.7
33 156 57.25
33 113 70.77
33 102 81.46
33 188 57.36
33 48 40.25
33 193 28.77
33 54 63.05
33 199 49.23
33 127 60.79
33 100 58.54
34 134 30.08
34 41 76.3
34 117 36.21
34 62 46.48
34 103 79.98
35 115 34.51
35 155 39.63
35 46 33.23
35 171 61.18
35 52 56.92
36 120 95.96
36 185 33.35
36 125 98.32
36 140 61.88
36 174 79.74
36 102 80.19
36 115 70.46
36 191 56.49
36 62 35.13
37 161 64.92
37 114 84.84
37 73 81.84
37 93 36.01
37 133 64.14
37 77 9.17
37 122 27.29
37 139 52.93
37 181 46.4
37 158 70.77
37 101 85.04
37 172 58.58
37 145 65.95
37 42 80.74
37 189 75.78
37 141 68.94
37 178 91.94
37 106 83.85
37 173 85.57
37 89 83.31
37 65 62.88
37 126 136.12
37 155 1.81
37 40 52.22
37 142 77.28
37 95 86.18
38 53 33.57
38 131 40.91
38 155 87.15
38 156 26.56
38 47 60.41
38 55 54.56
38 80 63.9
38 73 94.2
38 93 73.6
38 189 56.65
38 191 74.44
38 118 53.3
38 115 61.73
38 150 67.48
38 169 50.59
38 197 17.45
38 63 56.06
38 167 28.35
38 84 81.08
38 71 49.23
39 80 66.7
39 91 33.78
39 129 43.71
39 138 63.71
39 167 64.58
39 118 82.09
39 166 71.45
39 121 49.3
39 115 43.24
39 101 102.83
39 177 91.82
39 55 94.51
39 145 42.94
39 133 69.89
39 141 35.99
39 144 43.09
39 160 39.54
40 180 39.36
40 89 50.16
40 160 29.63
40 139 37.56
40 178 54.41
40 70 54.32
40 181 46.45
40 196 62.89
40 121 46.04
40 64 43.09
40 95 67.09
40 111 87.4
40 112 74.24
40 113 36.5
40 142 60.62
40 75 48.72
40 42 71.41
40 72 66.58
40 169 19.52
40 69 22.75
41 141 52.79
41 195 94.88
41 166 106.78
41 123 136.01
41 109 97.18
41 144 30.83
41 67 44.26
41 155 94.79
41 101 88.88
41 124 87.55
41 70 123.69
41 126 80.19
41 58 114.24
41 106 125.6
41 131 51.03
41 62 71.42
41 146 69.26
41 174 114.17
41 175 122.81
41 192 76.84
41 117 57.07
41 134 73.99
41 122 89.75
41 79 36.22
41 59 79.51
41 72 98.6
41 182 74.15
42 57 83.73
42 64 90.22
42 65 18.91
42 104 69.27
42 98 73.54
42 43 119.62
42 163 8.13
43 177 75.94
43 72 88.5
43 179 63.71
43 91 18.69
43 96 87.94
43 192 86.1
43 84 108.82
43 128 34.6
43 168 85.88
43 161 47.36
43 113 85.49
43 185 39.29
43 105 49.85
43 55 71.88
43 191 74.86
43 45 102.27
43 109 71.24
43 188 46
43 95 72.13
43 145 75
43 50 91.05
43 79 82.14
43 187 99.36
44 50 23.09
44 164 21.19
44 117 32.18
44 161 57.75
44 188 30.54
44 78 69.5
44 192 65.93
44 139 42
44 131 50.78
45 112 51.24
45 136 39.44
45 96 62.23
45 194 62.19
45 85 67.19
45 153 90.41
45 126 56.59
45 103 83.45
46 100 29.14
46 161 83.54
46 122 33.08
46 184 34.03
46 52 80.04
46 127 65.88
46 93 47.18
46 72 136.05
46 131 46.93
46 73 101.88
46 171 66.72
46 154 81.07
46 70 79.3
46 71 43.62
46 123 93.31
46 94 75.83
46 89 88.37
46 195 77.88
46 144 82.02
46 156 86.36
47 92 86.07
47 70 112.76
47 122 70.15
47 75 50.57
48 83 49.08
48 174 39.97
48 55 89.48
48 50 73.76
48 175 122.16
48 182 32.48
48 119 75.59
48 97 100.61
48 89 74.63
48 112 111.41
48 149 67.96
48 187 66.57
48 120 100.17
48 157 87.68
48 125 53.94
48 170 70.76
48 92 89.82
48 134 35.59
48 135 48.33
48 60 70.59
48 163 96.85
48 122 37.2
48 108 64.26
48 99 47.28
48 140 38.75
48 76 75.16
48 100 44.1
48 71 41.13
48 184 29.12
49 54 70.96
49 198 100.67
49 58 101.04
49 65 49.22
49 189 33.4
49 134 47.72
49 98 49.62
49 104 47.69
49 140 45.33
49 55 87.79
50 62 52.13
50 125 78.63
50 83 75.53
51 123 45.13
51 103 46.17
51 54 37.12
51 184 61.67
51 141 79.38
51 182 94.42
51 90 70.59
51 167 72.86
51 115 88.51
51 139 69.98
51 131 80.49
51 117 112.48
51 107 38.5
52 144 48.45
52 83 59.71
52 163 43.18
53 91 65.8
53 159 46.88
53 137 82.47
54 160 66.78
54 199 71.44
54 194 64.83
54 116 72.89
54 128 43.5
54 80 47.08
54 119 41.76
54 76 82.07
54 109 31.2
54 155 56.68
54 157 42.12
54 92 77.61
54 78 59.15
54 100 58.46
54 67 71.34
54 196 80.76
54 81 80.83
54 149 73.35
54 87 59.24
54 93 65.11
54 164 63.49
54 108 5.89
54 162 40.82
54 84 78.57
54 142 73.1
54 117 70.86
54 145 64.8
54 133 56.02
54 127 34.64
55 92 49.91
55 195 71.87
55 76 67.02
55 159 37.03
55 158 34.61
55 127 25.7
55 197 66.52
56 83 68.58
56 192 7.17
56 91 89.28
56 106 62.83
56 184 91.48
56 57 84.47
56 196 41.31
56 127 40.46
56 105 80.95
56 197 53.22
56 115 101.69
56 123 60.68
56 130 27.6
56 152 89.32
56 177 56.31
56 142 65.16
56 144 75.18
56 133 52.04
56 119 42.14
56 88 67.34
56 190 73.7
56 120 46.23
57 185 45.3
57 163 80.09
57 109 28.42
57 181 66.12
57 151 63.44
57 180 34.94
57 141 71.04
57 162 75.92
57 78 69.88
57 130 70.63
58 173 74.18
58 151 103.07
58 68 95.7
58 86 88.49
58 184 67.61
58 146 75.56
58 112 79.83
58 79 93.03
58 124 96.04
58 193 41.6
58 188 53.82
58 170 73.8
59 147 84.23
59 74 78.75
59 174 70.33
59 65 83.39
59 139 29.31
59 123 83.64
59 145 61.54
59 94 70.15
59 144 58.45
59 79 71.52
59 135 41.45
59 143 75.85
59 194 107.27
59 83 6.4
59 169 42.06
59 122 58.82
60 75 29.59
60 171 92.54
60 168 52.26
60 101 92.58
60 145 32.93
60 169 57.11
60 152 54.54
60 134 66.63
61 116 94.17
61 178 50.1
62 122 75.73
62 147 55.41
62 96 32.43
63 115 100.74
63 149 79.91
63 103 55.53
63 196 20.73
63 177 66.45
63 92 9.8
63 119 51.79
63 160 39.49
63 187 68.11
63 124 46.58
63 140 91.92
63 96 36.91
63 65 79.74
63 69 9.43
63 94 57.02
63 171 73.01
63 68 54.73
63 118 20.93
63 195 58.15
64 165 80.15
64 106 57.85
64 172 54.16
64 192 7.13
64 158 27.03
64 159 54.89
64 81 65.85
64 142 87.43
64 163 72.94
64 70 76.47
64 78 81.69
64 140 102.78
65 91 111
65 162 119.3
65 149 11.3
65 114 49.84
65 174 71.71
65 82 130.38
65 154 103.5
65 150 56.57
65 128 69.76
65 66 38.35
65 103 113.06
65 141 79.35
65 142 81.97
65 125 75.8
65 165 90.19
65 71 85.55
65 101 33.2
65 151 33.1
65 84 42.95
65 94 76.29
65 173 61.31
66 82 111.03
66 125 86.96
66 135 53.39
66 89 75.44
67 152 45.82
67 157 65.41
67 89 67.3
67 108 53.11
67 97 36.83
67 137 22.34
67 147 12.14
67 123 91.17
67 107 54.49
67 112 69.2
67 124 41.12
68 148 55.86
68 125 63.9
68 119 47.72
68 167 61.93
68 175 68.95
68 192 75.01
68 182 25.67
68 171 68.15
68 146 66.14
68 101 48.48
68 88 48.03
68 124 24.72
68 133 31.68
68 195 93.47
68 159 35.73
68 187 24.65
68 102 48.53
69 194 24.02
69 115 98.85
69 106 66.04
69 105 64.65
69 109 49.47
69 168 61.12
69 78 68
69 148 83.75
69 147 50.98
69 177 56.64
69 71 82.83
69 182 83.62
69 192 21.25
69 185 39.75
69 117 45.37
69 184 85.56
69 72 38.08
69 160 55.75
69 141 55.15
69 73 46.8
69 145 45.46
69 95 69.99
69 161 44.98
69 150 71.91
69 79 51.73
69 121 81.8
69 125 78.52
69 120 58.49
69 126 50.56
69 146 21.81
69 188 67.13
69 136 67.16
70 90 68.68
70 145 93.58
70 153 67.17
70 179 97.31
70 137 99
70 160 81.26
70 194 70.18
70 89 64.53
70 73 99.35
70 188 26.78
70 78 59.36
70 114 101.93
70 109 29.96
70 105 28.77
70 176 107.26
70 127 40.79
70 158 76.79
70 91 83.53
70 173 65.34
70 166 44.14
70 144 102.9
70 147 84.17
70 119 50.34
70 128 46.73
70 161 28.26
71 133 76.15
71 162 91.91
71 114 76.02
71 116 97.38
71 171 85.46
71 108 72.75
71 92 88.07
71 122 66.78
71 106 85.21
71 148 20.75
71 151 98.57
71 141 32.68
71 101 113.79
71 157 91.6
72 105 102.27
72 173 75.35
72 181 92.19
72 127 80.63
72 112 5.32
72 129 46.22
72 184 109.86
72 104 91.14
72 169 73.77
72 132 93.19
72 88 83.96
72 153 80.08
72 81 74.01
72 79 60.47
73 145 44.99
73 102 87.28
73 194 70.82
73 135 62.8
73 108 73.36
73 81 82.71
73 170 38.34
73 158 42.9
74 171 99.14
74 139 63.28
74 107 86.43
74 104 84.21
74 110 72.27
74 127 75.16
74 132 36.59
74 182 79.4
74 105 110.9
75 114 46.68
75 162 95.83
75 157 75.05
75 96 79.01
75 161 89.23
75 152 48.49
75 160 16.93
76 190 64.31
76 163 28.29
76 84 38.36
76 117 30.86
76 99 94.4
76 161 89.44
77 124 57.65
77 101 94.34
77 174 30.6
77 183 75.48
77 125 30.69
77 118 106.29
77 172 75.12
77 79 93.26
77 92 106.06
77 179 86.07
77 163 90.43
77 137 94.03
77 134 42.18
77 170 78.25
77 128 36.19
77 185 63.92
77 103 90.45
78 186 87.58
78 93 65.49
78 125 81.01
78 138 62.13
78 109 62.9
78 155 56.43
78 147 84.4
78 171 52.7
78 199 57.67
78 100 62.15
78 168 85.03
78 179 47.95
78 144 66.22
78 156 51.21
78 110 63.82
78 87 49.28
78 173 91.37
78 119 74.55
78 137 94.84
78 163 98.56
78 104 31.16
78 113 86.41
78 174 70.99
78 118 75.07
78 115 57.27
78 177 86.85
79 130 69.33
79 152 86.18
79 103 81.13
79 153 75.93
79 100 75.4
79 167 49.35
79 196 26.74
79 147 63.36
79 181 60.49
79 177 87.61
79 83 75.47
80 138 66.48
80 84 47.67
80 130 32.88
80 199 52.9
80 180 41.16
80 194 45.37
80 91 79.41
80 162 78.57
80 196 49.27
80 116 54.82
80 195 61.24
81 139 26.24
81 114 52.95
81 110 59.82
81 165 99.76
81 160 33.99
81 154 39.57
81 134 63.04
81 195 71.77
81 88 24.27
81 196 59.95
82 169 80.22
82 92 84.64
82 136 118.55
82 180 82.14
83 95 47.37
83 192 62.2
83 134 39.18
83 130 62.37
83 106 43.75
83 135 39.79
83 98 29.95
83 148 36.08
84 115 79.28
84 179 67.65
84 197 92.82
84 86 46.99
84 153 94.28
84 143 86.91
84 111 90.88
84 129 59.71
84 97 1.79
84 180 60.35
84 135 59.07
84 98 51.65
84 145 22.07
84 106 103.37
84 139 60
84 134 76.57
84 193 87
84 161 79.57
84 132 18.25
84 100 65.14
84 186 76.31
84 154 77.78
84 133 24.7
85 164 65.14
85 113 53.32
86 197 83.18
86 128 62.13
86 158 49.2
86 131 67.55
86 139 48.95
86 175 80.64
86 161 67.9
86 162 90.15
86 134 87.1
86 125 110.88
86 148 71.66
86 100 85.55
86 172 43.32
86 90 54.78
86 95 29.51
86 91 74.5
86 126 37.44
86 157 86.59
86 102 109.77
86 179 29.63
86 140 96.34
87 110 40.34
87 101 64.49
87 154 55.44
87 182 17.42
87 104 19.21
87 183 57.52
87 95 53.96
87 106 79.76
87 128 18.87
87 181 17.7
87 134 20.76
87 117 39.62
87 186 43.57
87 105 47.71
87 124 33.9
87 90 22.62
87 178 80.38
87 142 48.02
87 170 54.96
88 140 59.81
88 181 31.48
88 183 47.56
88 130 87.95
88 179 34.24
88 189 19.41
88 169 45.84
88 111 93.49
88 178 97.61
88 157 74.27
88 93 41.29
88 192 75.86
88 193 83.14
88 145 27.69
88 125 92.4
88 97 32.96
88 112 88.52
88 163 63.14
88 152 65.52
88 128 56.55
88 113 45.57
88 199 55.78
89 98 45.19
89 162 32.21
89 177 69.97
89 180 68.66
89 138 53.14
89 174 90.79
89 90 49.16
89 110 31.11
89 143 27.39
89 185 33.15
89 161 29.29
89 196 64.89
90 123 66.57
90 118 52.81
90 178 50.99
90 115 52.56
90 148 45.21
90 186 69.51
90 135 16.05
90 166 54.53
90 174 57.15
90 176 67.22
90 139 22.22
90 194 68.3
90 196 50.84
90 149 62.19
90 110 24.66
90 95 36.24
90 116 62.54
90 103 46.91
90 177 54.31
90 168 49.77
90 161 35.34
90 141 21.27
90 92 48.47
90 155 58.37
91 179 62.72
91 191 72.84
91 193 43.47
91 170 87.58
91 130 74.65
91 199 57.95
91 190 64.33
91 129 53.76
91 95 70.35
91 136 91.88
91 158 67.5
92 136 43.81
92 124 57.41
93 110 33.94
93 141 45.09
93 167 62.61
93 179 63.39
93 140 70.61
93 177 49.48
93 181 28.62
93 102 46.35
93 132 29.14
93 160 19.62
93 194 93.44
93 185 33.52
93 101 55.69
93 164 42
93 165 68.26
93 118 61.19
93 115 42.74
93 117 21
93 133 24.64
94 106 110.64
94 179 34.83
94 193 84.47
94 119 97.25
94 199 43.63
95 119 90.97
95 192 57.8
95 126 70.1
95 100 70.13
95 106 92.49
95 166 83.38
95 197 73.12
95 184 90.56
95 190 73.94
95 155 92.69
95 174 80.38
95 180 62.43
95 168 56.37
95 123 108.98
95 134 66.72
95 114 58.22
96 175 92.55
96 161 55.81
96 159 73.02
96 165 105.61
96 182 112.93
96 125 127.31
96 150 88.07
96 190 88.88
96 128 68.61
96 116 48.81
96 180 77.4
96 163 77.48
96 184 112.12
96 122 110.59
96 183 73.87
96 153 65.34
96 140 105.97
96 142 77.84
96 114 75.4
97 103 110.05
97 114 3.86
97 188 84.85
97 168 20.71
97 197 86.17
97 155 88.93
97 150 64.29
97 124 53.2
97 98 54.55
97 196 45.24
97 117 26.35
97 133 32.15
97 121 61.43
97 162 125.7
97 191 63.11
97 158 45.95
97 198 103.13
97 105 89.58
98 132 57.79
98 104 48.64
98 152 46.72
98 173 66.71
98 158 18.31
98 137 68.08
98 139 18.67
98 181 43.51
98 162 56.86
99 101 114.04
99 181 69.6
99 102 83.61
99 129 42.42
99 192 75.74
99 151 88.84
99 126 80.6
99 139 46.38
100 122 19.18
100 175 97.46
100 147 58.18
100 110 69.98
100 109 42.87
100 111 127.8
100 167 67.76
100 155 26.94
100 193 61.47
100 190 42.51
101 191 64.95
101 180 68.15
101 121 71.82
101 160 73.24
102 173 47.3
102 117 76.05
102 196 96.88
102 128 47.11
102 191 39.81
102 160 56.25
102 163 81.53
102 174 9.13
102 166 16.48
102 158 71.43
102 141 80.13
102 161 55.08
102 185 36.24
102 127 47.57
103 193 42.09
103 177 80.91
103 112 73.48
103 140 89.28
103 181 96.18
103 129 35.18
103 184 69.61
103 118 68.02
103 167 51.21
103 165 78.63
103 106 24.7
103 134 52.7
103 133 75.27
104 116 86.02
104 107 16.7
104 125 47.91
104 149 48.81
104 163 63.43
104 119 43.92
104 146 81.33
104 174 22.21
105 156 47.4
105 125 32.79
105 127 49.67
105 106 51.63
105 192 88.14
105 116 97.79
106 143 73.62
106 172 55.11
106 159 89.43
106 137 116.21
106 117 87.11
106 160 73.05
106 133 72.73
106 166 79.5
107 113 68.44
107 112 83.8
107 155 57.27
107 197 20.8
107 114 73.53
107 164 61.4
107 144 70.83
107 198 44.11
107 151 69.71
107 150 76.26
107 118 76.28
107 111 83.33
107 126 88.78
107 192 69.3
107 187 76.57
107 175 82.04
107 108 30.65
107 138 66.21
107 140 70.76
108 182 66.1
108 127 23.78
108 195 42.45
108 132 90.33
109 130 40.51
109 116 77.41
109 117 46.75
109 189 58.19
109 114 66.9
109 143 74.57
109 155 56.53
109 193 39.71
109 135 48.5
109 175 61.99
109 122 26.01
109 163 59.75
109 125 33.94
109 147 55.74
109 128 42.73
110 142 60.22
110 112 49
110 156 32.07
110 153 54.35
110 159 22.4
110 198 72.85
110 148 56.73
110 171 34.47
110 194 53.73
110 137 49.56
110 192 24.12
110 179 58.13
110 141 49.57
110 152 69.37
110 176 61.5
110 125 71.43
110 160 36.8
110 158 12.13
110 128 33.83
110 173 44.22
110 166 53.09
110 147 46.89
110 131 49.96
110 162 68.03
110 186 70.74
110 139 39.57
110 149 62.77
110 132 54.3
111 158 56.77
111 140 116.34
111 195 63.22
111 145 76.15
111 157 79.24
111 198 88.57
111 124 99.27
112 140 114.98
112 165 104.56
112 141 71.67
112 174 125.07
112 159 68.12
112 139 77.19
112 173 74.43
112 197 71.95
112 120 71.96
112 151 80
112 154 85.81
113 150 56.14
113 159 26.52
113 133 23.44
113 145 25.57
113 180 45.15
113 122 38.64
113 139 33.55
113 132 40.13
113 131 66.14
113 166 51.27
113 177 41.52
113 149 14.86
113 136 40.5
113 114 28.09
114 190 78.14
114 170 22.25
114 181 43.99
114 161 95.07
114 148 86.06
114 118 43.89
114 168 34.08
114 135 58.07
115 164 64.72
115 176 89.15
115 157 83.86
115 175 120.65
115 163 97.69
115 185 49.99
115 156 80.71
115 122 25.97
115 128 39.63
115 148 27.26
115 135 60.05
115 136 82.04
115 197 70.55
115 193 31.24
115 167 91.07
115 189 70.87
115 172 57.01
115 141 65.79
115 184 18.16
116 140 104.93
116 145 47.7
116 119 56.55
116 159 41.56
116 173 65.35
116 180 83.44
116 194 43.36
116 198 104.42
116 167 42.66
116 166 105.94
117 176 28.34
117 188 63.5
117 145 17.13
117 151 26.12
117 133 24.97
117 184 73.74
117 158 42.47
117 124 40.25
117 183 13.85
117 161 65.09
117 120 88.16
117 195 77.72
117 131 56.84
117 139 33.53
117 172 41.8
117 150 38.57
117 159 17.61
118 156 47.88
118 123 83.9
118 159 41.11
118 152 85.81
118 157 55.36
118 182 94.28
118 130 65.21
118 191 97.71
118 132 44.49
118 190 84.55
119 140 94.91
119 156 37.13
119 149 51.01
119 165 38.32
119 182 70.28
119 172 59.98
119 144 84.03
120 162 88.36
120 152 100.8
120 158 53.34
120 184 72.88
120 150 105.27
120 197 68.55
120 183 66.67
120 145 92.44
120 129 69.1
120 166 67.94
120 187 73.09
120 168 100.35
120 195 85.04
120 144 99.38
120 148 110.04
120 196 82.13
120 191 90.5
120 143 96.56
120 151 68.46
120 182 95.38
121 159 55.19
121 198 98.92
121 128 47.39
121 181 27.19
121 175 97.2
121 191 7.17
121 124 48.74
121 129 72.61
121 186 40.59
121 131 59.26
121 125 38.07
122 164 41.05
122 139 49.05
122 150 55.65
122 149 38.88
122 136 76.49
122 192 93.63
122 123 61.42
122 155 28.56
122 186 30.71
122 134 11.24
122 183 46.56
123 144 98.21
123 159 68.65
123 152 76.45
123 139 79.17
123 160 68.03
123 137 99.94
123 198 65.67
123 182 88.51
123 156 28.58
123 167 64.39
123 185 49.66
123 189 86.98
124 195 79.8
124 183 14.89
124 172 53.33
124 193 61.96
124 175 49.82
124 190 34.17
124 177 34.08
124 130 65.76
124 146 55.9
124 169 29.29
124 152 47.28
124 185 31.37
124 180 42.81
124 199 67.36
125 128 59.1
125 166 24.31
125 164 61.91
125 185 56.98
125 136 88.64
125 175 98.91
125 133 84.23
125 193 58.61
125 176 98.11
126 153 76.65
126 158 49.86
126 140 125.14
126 194 52.13
126 184 119.95
126 155 123.94
126 179 60.21
127 198 60.96
127 170 32.51
127 199 67.31
127 176 51.61
127 188 35.24
127 151 44.15
127 183 33.39
127 167 28.48
127 148 63.19
127 162 63.45
127 156 42.98
127 143 63.58
127 173 33.2
127 182 48
127 154 76.07
127 174 50.59
127 195 62.37
127 186 46.03
128 130 50.01
128 189 47.94
128 188 33.35
128 129 39.65
128 178 69.09
128 173 72.57
128 182 35.09
128 195 45.55
128 137 66.63
128 169 18.5
129 197 37.38
129 186 87.92
129 196 37.57
129 138 21.63
129 154 44.32
129 131 44.95
129 143 48.6
129 191 65.17
129 166 74.61
129 194 64.11
129 140 60.83
129 152 63.76
130 192 42.7
130 146 50.72
130 199 64.92
130 182 76.73
130 176 81.84
130 135 52.17
130 155 88.43
130 177 44.52
130 175 66.93
130 166 65.06
130 132 75.01
130 157 28.08
131 177 78.37
131 135 35.12
131 189 30.36
131 158 48.29
131 198 65.96
131 169 40.19
131 181 49.6
131 165 71.39
132 137 20.13
132 199 59.1
132 160 40.98
132 159 44.08
132 175 82.27
132 136 2.7
132 176 44.47
132 184 96.35
133 188 44.22
133 162 94.28
133 187 31.43
133 168 38.56
133 147 24.02
133 167 25.65
133 169 32.52
133 159 8.59
133 154 64.7
133 150 50.67
134 196 80.69
134 163 72.19
134 145 50.8
134 151 59.92
134 149 57.27
134 159 59.99
134 153 61.64
134 141 58.01
134 195 54.59
135 188 44.52
135 161 41.9
135 182 62.51
136 166 84.58
136 188 72.54
136 150 25.26
136 174 75.38
136 140 74.15
136 145 11.35
136 193 75.68
136 144 19.64
136 181 24.78
136 154 66.43
136 147 23.9
136 143 89.29
136 172 48.23
136 198 100.06
136 171 85.05
136 151 43.11
136 187 40.91
137 172 73.66
137 199 68.29
137 184 96.19
137 142 84.62
137 149 41.32
137 180 75.13
137 138 84.52
137 139 56.37
137 171 88.61
137 145 44.99
137 151 32.43
138 183 79
138 171 88.02
138 175 100.64
138 141 22.71
138 152 90.11
139 155 62.49
139 183 40.91
139 143 63.52
139 182 47.51
139 146 46.95
139 164 46.5
140 173 128.66
140 142 39.88
140 181 48.69
140 198 90.56
140 191 61.3
140 196 98.73
140 179 49.96
140 153 74.73
140 154 52.89
140 182 52.37
140 141 57.08
140 184 73.44
140 183 87.6
140 150 50.61
140 166 70.69
140 156 78.23
140 145 62.12
141 155 84.12
141 179 27.18
141 171 60.17
141 186 80.46
141 149 83.15
142 196 63.56
142 170 61.33
142 199 48.75
142 161 76.94
142 194 107.64
143 197 52.25
143 180 95.72
143 182 113.61
143 188 89.99
144 156 77.21
144 187 63.45
144 177 93.05
144 197 76.13
144 171 89.22
144 190 73.43
144 166 95.71
144 169 58.51
144 176 69.37
144 149 68.54
144 181 37.47
145 199 52.23
145 198 81.78
145 181 32.34
145 175 81.08
145 146 40.22
145 147 34.67
145 187 45.41
145 177 71.66
145 195 74.97
145 150 33.25
145 167 44.37
145 176 53.84
145 193 78.15
145 154 66.58
145 179 34.83
145 165 85.8
145 149 51.64
146 176 41.19
146 195 76.04
146 190 72.63
146 149 72.53
146 158 27.74
146 152 77.31
146 153 74.03
146 172 50.31
146 160 56.27
146 189 44.57
146 183 48.39
146 162 93.51
147 188 60.19
147 181 43.64
147 172 67.22
147 194 72.52
148 183 74.15
148 170 62.98
148 169 55.13
149 157 62.42
149 156 81.74
149 178 92.58
149 181 43.67
149 180 43.69
149 179 89.82
149 191 38.43
149 166 54.28
150 169 57.15
150 180 54.07
150 198 99.72
150 190 68.26
150 189 41.69
151 191 69.01
151 199 88.23
151 188 61.18
151 177 46.44
151 172 63.51
151 163 2.21
151 162 110.04
151 198 104.41
151 159 28.97
151 186 62.08
151 156 78.13
151 171 64.21
151 183 13.54
152 184 43.5
152 188 52.19
152 163 67.44
152 182 22.75
153 158 65.63
153 183 101.07
153 157 69.53
153 186 89.97
153 197 34.79
153 179 66.2
153 162 33.5
153 170 80.52
153 194 86.72
153 184 72.27
154 183 81.81
154 157 86.45
154 199 26.27
154 185 45.93
154 159 81.81
154 186 99.61
154 161 60.05
154 192 58.62
154 195 46.71
154 168 72.82
154 174 88.98
154 172 18.82
154 197 43.58
154 194 87.83
154 163 109.71
155 175 105.04
155 165 45.71
155 181 53.93
155 161 85.7
155 177 50.37
155 163 92.56
155 156 82.65
155 197 74.3
156 198 25.57
156 160 52.69
156 193 43.02
156 191 66.08
156 196 57.04
156 159 63.47
156 195 28.41
156 199 55.65
156 180 52.66
156 171 36.49
156 177 49.84
156 178 16.84
156 158 30.81
157 185 45.18
157 161 39.89
157 186 53.89
157 194 25.62
157 182 70.88
157 184 76.36
157 162 73.07
157 177 36.1
158 177 47.95
158 170 24.39
158 164 46.72
158 167 10.17
158 159 40.41
158 186 84.27
158 168 58.41
159 187 29.39
159 179 71.9
159 199 52.15
159 160 35.4
159 180 44.53
159 170 13.44
160 164 49.78
160 192 51.74
160 161 67.4
160 186 58.24
160 173 80.89
160 169 27.81
161 194 54.09
161 163 87.8
161 196 70.5
161 183 85.85
161 169 53.96
161 193 44.34
161 167 28.42
162 172 60.67
162 171 47.45
162 179 94.23
162 196 97.19
162 167 55.7
162 186 88.83
163 173 63.05
163 192 73.79
163 196 55.23
163 198 116.39
163 190 71
163 168 33.28
163 185 65.27
164 180 44.12
164 165 62.85
164 183 29.7
164 172 55.81
164 181 53.56
164 184 62.61
164 188 49.56
164 199 80.33
164 197 73.42
164 193 81.01
164 186 47.88
165 188 30.31
165 191 47.42
165 198 62.74
165 193 54.5
165 186 41.23
165 177 39.81
165 194 88.79
165 197 64.03
165 195 74.52
166 171 55.77
166 176 76.34
166 179 94.96
166 169 48.7
166 193 55.24
167 168 60.34
167 187 73.88
167 181 63
167 174 73.28
167 179 51.76
168 178 90.94
168 199 65.95
168 172 50.09
168 174 70.27
168 193 76.31
169 173 62.44
169 175 80.22
169 199 53.08
169 196 54.51
169 197 38.4
170 177 53.18
170 180 41.34
171 194 59.39
171 187 79.26
171 173 40.07
171 186 59.15
171 174 41.25
171 172 51.38
171 195 57.37
172 178 51.37
172 182 61.42
172 193 37.12
172 198 54.01
172 175 102.43
173 174 70.81
173 199 92.22
173 188 44.5
173 192 68.14
173 176 58.6
174 192 103.93
174 179 93.78
174 195 81.32
174 182 28.15
174 184 17.84
174 181 55.06
174 175 101.9
174 177 43.64
174 176 79.57
174 180 35.41
175 193 120.22
175 198 105.39
175 195 99.06
175 185 68.54
175 177 53.65
175 179 107.99
175 196 77.64
175 199 90.99
175 182 92.25
175 180 88.62
175 187 75.92
176 197 97.37
177 184 44.91
177 192 72.52
178 194 58.07
178 183 95.38
178 188 53.6
178 179 78.2
178 190 76.64
178 182 99.54
178 199 57.57
179 196 57.66
179 189 31.73
179 185 48.96
179 190 78.79
179 183 73.13
180 193 31.17
180 190 11.35
180 182 20.7
181 184 75.93
181 196 80.44
181 197 74.94
181 195 94.33
181 189 31.41
182 195 100.22
182 185 47.6
182 194 114.8
182 190 33.74
182 186 45.4
183 187 14.79
183 193 90.84
183 192 57.16
183 196 60.73
184 196 99.22
184 197 57.39
184 188 33.35
184 192 100.56
185 193 43.36
185 195 50.05
185 194 58.3
185 197 36.61
186 199 110.13
186 187 53.37
186 196 107.59
186 195 101.91
186 194 99.08
186 192 99.55
186 190 26.31
186 188 41.06
187 194 81.53
187 188 52.96
187 191 43.8
187 197 81.89
187 190 46.83
188 195 57.23
188 196 92.55
188 199 68.79
188 190 22.17
189 192 53.52
189 199 28.6
189 191 69.1
189 195 73.72
190 191 11.24
190 193 38.56
190 198 57.6
190 194 87.52
191 193 43.67
191 196 95.69
191 192 91.24
191 198 90.1
192 196 35.51
192 199 44.65
193 197 40.22
194 199 69.26
194 196 55.47
195 196 68.08
195 198 5.18
196 199 30.56
196 198 88.59
