3.562329 -32.889507 13.598228
20.978462 -38.828182 -47.520691
11.930295 -69.514000 17.717173
44.081882 -29.927616 -38.921516
64.219963 -24.466854 -55.637711
40.480541 13.916132 -45.724510
6.220326 -75.546402 -62.215218
51.917370 -36.899551 -79.222618
36.871361 -3.000467 -28.229601
51.662472 -40.405666 -5.027843
-9.194348 10.019789 -12.545463
47.295086 -55.844658 -35.079052
13.710670 -30.862761 7.092883
-17.137241 8.213597 -43.599693
14.873006 3.992977 -30.196093
-30.641026 -50.075130 -30.445158
8.168979 -41.861023 -65.597534
-20.061119 -51.303196 -45.651371
21.505857 -8.393049 -75.578590
56.835350 -31.557421 -26.262222
39.843063 -12.947850 -22.621490
28.632029 9.013893 -33.805462
2.403589 33.290054 -59.878777
-1.300579 1.290604 -73.445549
-9.462917 30.637451 -48.148823
8.732730 -55.673500 -27.772865
-4.223115 15.131732 -61.560894
17.824450 40.064583 -62.077305
-0.127773 28.914297 -59.250290
-31.767618 -14.398979 -35.272968
-13.353369 -28.614868 -72.527115
13.849406 4.515792 -40.602962
36.282074 -59.954742 -43.089619
-59.828617 -8.075184 -4.004449
51.131306 -18.900503 21.518585
-49.063854 11.308283 -5.100577
0.952778 -57.192368 -56.793030
-22.909250 -13.246338 3.372623
-23.476776 -49.791420 3.571420
-4.802190 26.802691 -25.487091
-11.414273 -27.525761 11.424324
27.361267 4.336171 -2.049923
-21.202353 39.155525 -49.068836
-5.458702 -51.596748 -7.776144
26.035994 -1.877863 10.363641
3.468468 -62.328323 -40.623295
10.763841 46.565304 -17.175100
24.420868 -35.608627 -23.574890
-3.853309 -18.613396 -21.804495
-30.821842 7.101992 -75.168625
