0 13 52.06
1 10 23.85
1 2 18.19
1 14 61.03
1 9 60
1 17 68.97
2 16 56.4
2 13 46.13
2 18 67.23
2 6 80.35
3 8 79.88
3 12 58.81
3 9 90.87
4 5 64.21
4 13 54.94
5 9 43.12
5 11 95.17
5 15 80.92
5 16 61.73
5 18 33.79
5 17 62.91
5 8 64.12
6 19 22.19
6 12 53.03
7 17 6.49
7 9 5.1
7 10 75.68
8 9 61.5
8 14 48.12
8 18 51.89
8 13 42.74
8 11 117.49
9 14 24.22
9 10 63.73
9 17 24.16
9 11 107.13
10 13 47.28
10 15 23.37
11 16 102.92
11 14 101.03
12 19 64.93
12 14 72.38
12 15 47.01
12 13 62.92
13 14 49.62
13 15 62.45
13 16 51.94
13 19 27.53
14 18 16.19
14 15 86.69
14 17 41.43
15 17 99.68
15 16 81.92
15 18 88.82
15 19 91.81
16 19 72.41
