0 91 6.73
0 9 21.92
0 90 33.71
0 98 67.81
0 44 63.93
0 7 24.47
0 67 96.73
0 86 90.08
0 48 45.16
1 92 45.72
1 12 55.63
1 62 85.42
1 57 96.18
1 45 79.9
1 43 95.16
1 33 66.15
1 78 49.91
1 8 33.27
1 66 99.95
1 36 93.75
1 11 99.08
1 60 77.34
2 94 86.97
2 35 82.8
2 53 68.86
3 64 50.3
3 89 38.19
3 94 88.47
3 55 65.97
3 37 110.85
3 9 69.64
3 17 89.64
3 6 114.48
3 60 88.78
3 12 83.93
3 71 83.05
3 92 65.91
3 11 116.56
3 25 89.51
3 57 96.66
3 66 70.48
3 72 68.74
4 54 58.01
4 83 5.85
4 15 58.97
4 57 75.09
4 97 75.12
4 9 40.93
4 16 32.71
4 25 35.32
4 45 70.24
4 29 40.46
4 52 64.13
5 50 72.34
5 45 74.91
5 62 39.09
5 85 109.97
5 33 94.69
5 47 107.49
5 32 95.87
5 52 126.24
5 67 74.11
6 46 113.69
6 75 52.64
6 40 61.35
6 98 11.65
6 74 39.65
6 93 97.42
6 25 32.76
6 17 35.52
6 95 99.54
6 71 49.26
6 7 31.65
6 36 89.94
6 61 59.44
6 19 46.02
6 58 93
7 89 61.49
7 39 62.07
7 76 68.89
7 43 62.94
7 23 41.63
7 96 52.16
7 53 63.54
7 34 47.04
7 19 38.94
7 41 87.5
8 30 83.89
8 83 40.95
8 48 52.29
8 40 70.22
8 9 45.74
8 88 72.73
8 46 94.87
8 10 61.26
8 60 66.2
8 71 50.04
9 88 41.72
9 40 64.17
9 77 51.65
9 49 33.87
9 81 64.31
9 17 29.14
9 62 32.9
9 76 60.62
9 65 17.28
9 63 50.59
9 92 6.48
9 39 60.76
10 52 55.89
10 99 24.61
10 24 39.62
10 17 38.54
10 14 74.27
10 78 29.35
10 61 28.18
10 90 36.08
10 75 10.43
10 80 56.8
10 83 47.96
10 56 54.89
10 73 30.16
10 68 72.06
11 21 74.09
11 56 71.64
11 41 126.42
11 87 53
11 43 96.92
11 37 103.98
11 34 30.69
11 69 100.27
11 52 112.71
11 78 102.57
11 74 99.33
12 57 52.21
12 61 27.21
12 16 35.91
12 13 48.6
12 82 52.85
12 15 67.92
12 50 81.29
12 46 64.66
13 77 100.2
13 87 55.92
13 76 13.26
13 70 70.71
13 99 32.4
13 38 67.92
13 27 66.73
13 75 27.06
13 85 100.88
14 90 30.55
14 44 110.6
14 15 34.54
14 87 62.62
14 75 71.74
14 55 52.48
14 85 82.29
14 98 97.23
14 62 28.8
14 42 44.5
14 22 78.86
14 52 112.62
14 81 56.88
14 28 72.56
14 17 63.72
14 38 64.14
14 68 59.43
14 80 86.37
14 30 25.36
14 23 89.61
14 74 102.7
14 21 61.9
14 37 102.39
14 83 60.83
14 64 54.74
15 99 40.11
15 45 37.24
15 60 64.96
16 90 53.4
16 68 48.71
16 27 9.88
16 49 36.13
16 77 65.68
16 94 21.02
17 92 23.25
17 36 71.97
18 34 74.22
18 29 32.68
18 38 50.71
18 74 67.22
19 64 40.02
19 97 93.73
19 28 14.47
19 48 43.76
19 85 57.03
19 37 49.71
19 41 91.97
19 55 79.38
19 65 70.13
19 54 4.83
19 86 71.14
19 63 67.31
20 93 138.93
20 81 82.18
20 69 77.29
20 64 66.5
20 65 61.09
20 74 90.22
20 96 98.88
20 28 88.1
20 71 74.29
20 98 90.31
20 47 106.66
20 22 58.47
20 52 93.27
20 92 34.32
21 42 71.73
21 47 19.88
21 59 18.88
21 44 52.07
21 54 17.37
21 74 36.14
21 36 62.37
21 29 67.75
21 64 17.69
21 86 79.38
22 29 61.59
22 70 43.66
22 92 23.02
22 81 61.63
22 30 60.38
22 61 34.71
22 58 68.45
22 23 34.83
22 25 23.78
22 66 72.13
22 67 83.69
22 53 65.28
22 26 76.69
22 57 75.44
22 79 44.72
22 85 101.33
22 45 65.21
22 60 59.27
23 40 97.36
23 94 40.06
23 97 101.42
23 89 60.42
23 95 99.51
23 55 79.19
23 46 103.05
23 99 49.35
23 85 65.45
23 34 66.02
24 60 76.25
24 42 97.67
24 69 58.13
24 68 104.67
24 43 114.95
24 26 111.5
24 82 47.1
24 52 34.81
25 88 70.48
25 78 29.92
25 98 42.79
25 79 37.54
25 51 80.26
25 61 47.55
25 74 47.89
25 41 100.58
25 38 76.19
25 35 91.13
25 42 92
25 92 50.8
25 89 80.36
26 71 94.53
26 61 68.67
26 88 96.85
26 79 66
26 47 99.35
26 37 61.56
27 44 35.81
27 85 75.26
27 60 54.11
27 39 92.13
27 59 35.79
27 32 57.73
27 69 33.04
27 54 23.71
28 72 20.2
28 73 45.61
28 86 61.59
28 84 70.25
28 36 60.27
29 64 52.81
29 37 93.61
29 63 51.55
29 93 141.63
29 81 35.62
29 74 75.44
29 53 49.33
29 84 111
29 44 97.47
29 56 52.2
30 79 62.96
30 66 30.03
30 99 36.33
30 91 39.89
30 43 63.01
30 72 68.97
30 38 59.91
31 97 44.5
32 73 78.93
32 68 99.33
32 38 108.69
32 81 92.74
32 76 97.19
32 42 67.52
32 65 60.85
32 91 74.64
32 55 96.07
32 80 85.55
32 41 98.03
32 36 87.29
32 61 72.8
32 67 87.47
32 71 82.46
32 95 84.64
33 52 73.63
33 64 31.51
33 86 83.38
33 44 69.03
33 88 8.68
33 61 45.26
33 99 40.92
34 62 70.83
34 99 73.43
34 43 96.22
34 61 71.15
34 93 34.75
34 59 74.78
34 73 65.88
34 60 39.66
34 49 56.2
34 46 92.67
34 57 77.56
34 71 85.73
34 63 83.5
35 36 86.35
35 39 91.18
35 60 22.76
35 91 73.6
35 62 57.43
35 65 58.8
35 73 72.95
35 43 97.99
35 84 59.41
35 41 106.47
35 52 67.63
35 50 27.98
35 55 97.17
36 41 36.17
36 96 86.47
36 75 43.58
36 73 70.65
36 43 96.44
36 51 110.25
36 61 43.63
36 83 63.51
36 71 66
36 72 57.63
36 97 62.93
36 40 107.45
36 84 65.3
36 37 106.91
36 81 10.17
37 71 40.79
37 68 67.07
37 61 51.86
37 85 106.94
37 55 80.16
37 69 19.27
38 83 43.77
38 74 90.29
38 64 68.98
38 50 89.34
38 76 80.44
38 59 87.87
38 97 41.41
38 53 89.56
39 79 76.35
39 80 77.21
39 97 24.82
39 87 70.75
39 61 48.33
39 58 20.18
39 59 81.69
39 45 56.92
39 52 114.97
39 77 58.95
39 93 94.94
39 57 50.85
39 76 68.58
39 89 64.11
39 65 45.38
39 48 56.58
40 45 100.73
40 41 132.04
40 42 40.95
40 64 73.54
40 94 61.27
40 66 89.67
40 56 75.55
40 59 107.9
40 57 43.04
40 98 85.79
40 88 92.96
41 91 69.4
41 71 75.81
41 60 105.16
41 88 45.12
41 56 56.78
41 92 79.75
41 83 78.59
41 61 62.52
41 85 113.7
41 66 73.54
41 67 147.55
41 86 139.94
41 54 102.19
41 59 65.4
41 78 53.55
41 93 128.64
42 46 34.56
42 97 30.61
43 94 42.88
43 84 98.63
43 86 78.43
43 66 77.77
43 46 55.45
43 59 102.8
43 74 100.88
43 53 83.59
43 69 81.25
43 71 80.26
43 52 107.98
43 54 91.93
43 50 81.18
44 77 96.78
44 76 84.15
44 50 68.44
44 96 99.27
44 54 24.24
44 86 77.91
44 71 35.67
44 95 105.45
44 91 61.16
44 99 57.91
44 70 61.75
45 82 27.82
45 81 56.06
45 74 65.17
45 73 70.18
45 98 84.31
45 71 84.22
45 84 34.95
46 48 55.79
46 57 53.23
46 51 110.94
46 81 57.41
46 66 31.92
46 93 95.88
46 86 103.33
46 67 112.76
46 53 57.93
46 97 25.89
46 52 118.36
47 92 49.29
47 96 71.79
47 77 95.82
47 60 65.14
47 91 50.04
47 87 23.71
47 83 54.96
47 95 66.4
47 81 67.99
47 88 43.32
48 63 69.07
48 54 60.78
48 88 39.68
48 89 46.36
48 72 53.12
48 64 33.11
48 76 77.08
48 62 27.73
48 49 45.18
48 79 61.36
49 82 50.36
49 68 61.01
49 90 67.13
49 64 51.48
49 89 91.15
49 96 66.99
49 77 33.27
49 97 76.1
50 87 40.06
50 93 46.99
50 63 77.45
50 73 66.24
50 54 51.31
50 76 105.21
50 81 115.12
50 56 76.48
50 92 56.82
51 67 28.21
51 74 86.4
51 81 130.36
51 73 94.94
51 52 94.53
51 88 88.56
51 94 68.56
51 59 103.71
51 78 89.11
51 61 82.52
51 79 93.3
52 96 106.81
52 86 85.7
52 59 64.91
52 77 108.56
52 71 32.55
53 78 48.05
53 72 43.12
53 63 71.69
53 71 66.29
53 81 32.4
53 70 79
53 74 65.78
53 87 50.62
53 80 80.54
53 58 37.07
53 62 48.97
53 60 68.19
54 75 44.91
54 80 48.22
54 55 86.68
54 84 94.21
54 81 80.22
54 98 28.99
54 92 46.55
54 63 51.02
54 64 39.47
54 96 67.29
55 77 72.74
55 80 68.08
55 78 44.21
55 64 42.35
55 99 26.04
55 57 49.27
55 79 36.99
55 84 82.9
55 88 42.94
56 64 22.33
56 81 40.39
56 89 43.95
56 67 117.04
56 97 48.86
56 71 65.44
56 79 57.21
57 96 69.13
57 64 67.87
57 72 85.74
58 80 77.25
58 96 73.23
58 84 71.38
58 92 38.27
58 98 100.37
58 69 107.66
58 64 53.1
58 89 60.07
59 69 74.22
59 98 63.2
59 76 42.12
59 84 83.17
59 70 71.5
60 75 56.71
60 68 72.6
60 74 70.31
60 98 65.48
60 79 80.23
61 67 85.93
61 63 34.99
61 80 51.94
61 62 36.46
61 76 45.47
61 79 47.42
61 82 26.45
61 99 8.84
61 66 51.46
61 90 29.84
61 88 37.57
62 95 61.93
62 70 67.77
62 79 63.22
62 88 55.56
62 89 61.54
62 75 74.65
62 66 28.9
62 76 65.87
62 67 88.57
62 94 50.03
62 91 52.03
62 71 85.71
63 73 38.32
64 86 83.45
64 94 26.13
64 68 49.55
64 81 39.12
64 71 47.07
64 85 63.89
64 87 21.3
64 76 52.2
65 81 83.69
65 76 72.89
65 88 54.32
65 67 79.93
65 69 71.21
65 92 31.55
65 87 42.45
65 95 74.6
65 98 75.83
65 68 54.89
65 86 58.25
66 98 100.86
66 74 81.11
66 70 89.82
66 82 47.99
66 87 47.3
66 67 99.2
66 71 76.74
66 92 52.94
67 75 112.38
67 92 85.41
67 88 108.64
67 68 98.92
67 77 56.2
67 86 34.8
68 71 61.49
68 79 26.95
68 81 71.6
68 72 95.55
68 78 52.77
68 92 24.68
68 87 73.18
69 84 107.82
69 71 43.6
69 94 43.55
69 89 88.3
69 81 114.86
69 82 71.38
69 76 97.56
69 90 99.55
70 92 35.14
70 80 34.28
70 83 14.73
70 79 21.68
70 93 117.85
70 75 55.25
70 73 51.74
71 93 122.78
71 95 83.18
71 77 75.79
71 91 44.06
72 74 36.53
72 81 71.33
72 84 66
73 83 48.22
73 81 64.84
74 84 98.66
74 88 54.94
74 92 62.8
74 75 36.17
74 80 63.26
74 95 80.9
74 85 78.84
74 89 71.55
74 91 57.25
75 98 55.2
75 94 35.13
75 95 62.3
75 77 83.75
75 87 41.56
75 86 97.01
76 90 41.26
76 92 37.76
76 95 28.85
76 84 94.06
76 85 103.57
77 91 71.9
77 89 101.37
77 79 49.6
77 98 76.09
77 84 90.39
78 90 53.41
78 81 40.2
78 96 89.31
79 80 57.15
79 91 32.29
79 87 56.81
79 89 81.03
79 98 56.98
79 93 124.8
79 82 74.15
79 99 48.22
79 84 111.6
80 95 99.87
80 97 67.42
80 84 93.77
80 81 90.1
81 85 114.53
82 83 43.8
83 84 86.61
83 94 7.02
83 88 52.17
83 91 23.45
84 97 75.83
84 93 51.78
84 86 71.25
84 98 93.71
84 99 84.21
84 90 60.44
84 87 71.42
84 95 79.19
85 93 31.56
85 90 82.03
85 94 88.02
85 87 64.65
85 91 82.3
85 88 62.97
86 99 81.77
86 91 82.88
87 96 48.23
87 92 43.28
87 95 79.04
88 92 42.43
88 96 61.49
88 95 50.8
88 91 26.54
88 99 36.64
89 99 39.68
89 93 91.04
89 94 61.42
90 91 36.68
90 94 53.47
90 97 53.42
91 96 79.76
92 94 18.88
92 93 93.83
92 99 28.16
93 99 101.23
94 96 64.56
94 97 62.18
95 99 41.17
95 96 80.9
96 97 68.38
97 99 59.49
