0 8 50.45
0 12 61.93
0 17 44.2
0 11 50.84
1 16 69.26
1 7 45.65
1 17 62.21
1 11 46.22
1 9 34.35
1 4 63.68
2 8 88.51
2 5 94.27
2 10 66.48
2 16 70.89
2 6 110.52
2 17 45.01
2 14 101.66
3 18 25.74
3 16 28.15
3 4 43.67
3 8 63.16
3 12 54.03
3 13 72.49
4 8 95.92
4 17 70.35
4 19 98.55
4 14 56.87
4 16 46.08
4 18 22.33
5 17 58.31
5 16 40.13
5 7 79.59
5 6 64
5 15 51.63
5 19 74.57
6 15 22.72
6 16 60.97
6 11 56.35
6 18 72
6 9 78.48
7 8 93.55
7 18 61
7 16 84.58
7 14 106.57
7 10 45.78
7 12 44.87
8 18 79.29
8 14 77.51
8 9 59.74
8 13 22.48
9 13 55.62
9 19 33.61
9 17 62.67
9 15 67.3
9 14 67.56
10 15 84.97
11 14 56.56
11 18 75.79
11 16 54.07
11 15 60.47
11 19 57.15
12 13 85.14
12 16 44.96
13 18 92.56
13 16 51.9
13 19 88.18
13 15 44.4
14 16 57.38
15 19 93.76
16 18 49.01
16 17 47.23
17 19 46.07
