0 10 100.34
0 19 84.8
0 15 77.34
0 1 35.89
0 2 35.79
0 18 105.35
1 11 36.89
1 15 58.73
1 5 42.64
2 13 84.15
2 16 30.62
2 5 61.41
2 17 63.1
3 9 88.45
3 17 43.45
4 7 30.85
4 14 63.35
4 10 38.28
4 15 39.97
5 13 34.17
5 7 31.46
5 12 97.59
6 12 57.46
6 9 87.42
7 11 72.84
7 18 81.26
8 15 44.06
8 12 79.75
8 11 82.59
8 17 34.42
9 14 52.28
9 19 71.67
10 18 33.45
10 13 35.36
10 15 13.45
11 19 73.38
11 13 91.62
11 16 96.41
11 12 98.07
12 16 75.75
12 14 53.98
12 17 73.09
12 15 61.66
13 19 50.27
13 16 82.97
13 15 29.64
14 16 59.5
14 15 56.89
14 17 67.28
15 17 26.92
15 18 30.08
15 19 54.56
15 16 70.55
16 19 87.48
