0 5 41.14
0 8 88.64
0 2 98.84
0 9 77.6
1 2 72.07
1 10 71.84
1 19 79.69
1 11 51.83
2 14 81.23
2 16 91.12
2 10 97.77
2 7 47.21
2 5 94.82
2 12 81.45
3 4 84.91
3 9 70.03
3 12 59.28
3 8 18.05
3 6 32.89
4 16 38.99
4 19 67.65
5 19 59.95
5 8 56
5 16 60.88
5 13 63.17
5 11 80.09
6 14 101.27
6 10 48.13
6 16 78.72
6 11 43.59
6 13 34.22
6 18 78.86
6 7 69.63
7 9 45.61
7 13 57.86
7 19 125.93
7 8 94.37
8 16 54.84
8 12 56.58
8 13 26.9
8 17 69.19
8 10 36.03
9 13 43.8
9 18 69.61
9 15 68.76
9 11 26.03
9 16 116.29
9 19 122.03
9 10 96.83
10 14 75.85
10 13 54.68
10 11 98.38
11 13 38.48
11 18 60.52
11 19 120.45
11 16 117.1
12 18 107.8
12 17 119.15
13 17 61.2
13 16 83.2
13 15 47.87
14 15 31.39
14 17 21.5
15 16 79.37
16 17 68.03
16 19 32.89
17 19 73.7
