0 8 62.5
0 15 70.76
0 7 35.04
0 18 64.76
0 13 6.89
0 9 74.6
1 17 22.03
1 15 29.39
1 3 79.91
1 16 30.61
1 5 59.13
2 12 58.38
2 18 90.51
2 11 44.45
3 5 108.23
3 11 72.76
4 9 52.71
4 16 70.39
4 15 56.71
4 7 66.24
4 8 35.38
4 17 54.73
5 16 69.29
5 18 99.47
5 8 79.68
6 19 65.92
6 8 57.55
6 18 89.4
7 13 42.02
7 18 76.92
7 10 30.68
8 17 43.96
8 11 88.04
9 11 35.45
9 14 69.87
9 13 82.6
10 12 42.97
10 11 36.84
11 13 52.22
12 17 47.64
12 15 57.81
12 16 71.39
12 19 83.83
12 18 91.06
13 16 53.75
13 14 79.25
13 17 34.22
14 19 41.9
14 18 86.24
15 16 45.68
16 17 25.18
16 19 14.96
17 19 32.4
17 18 70.07
