0 5 30.38
0 17 52.45
1 19 99.3
2 3 32.18
3 11 55.68
3 19 72.64
4 12 58.25
4 8 40.98
4 14 60.15
4 5 11.92
4 6 43.96
5 7 37.48
5 14 66.37
5 15 58.43
5 19 82.79
5 18 78.07
5 12 74.98
5 10 40.46
6 14 38.78
6 9 104.52
6 15 78.54
6 10 83.22
7 8 82.71
7 12 85.41
8 16 21.12
8 12 65.45
9 15 87.98
9 14 92.39
9 18 117.98
9 11 86.84
9 17 53.9
10 16 45.43
10 13 51.7
11 18 83.23
11 12 38.59
11 13 74.59
12 19 67.99
13 18 69.71
13 17 60.24
13 19 90.01
13 14 50.45
14 19 85.38
14 16 31.23
15 17 90.29
15 18 82.43
16 18 76.45
16 19 99.57
17 19 69.71
