0 43 8.27
0 17 63.09
0 35 56.43
0 38 43.13
0 31 55.33
0 41 61.54
0 44 61.81
0 12 65.89
0 19 71.73
0 26 46.7
0 15 56.6
0 49 68.86
0 30 58.68
1 18 41.72
1 33 81.57
1 36 84.46
1 9 54.24
1 40 17.66
1 16 24.62
1 42 29.16
1 3 62.82
1 10 82.28
1 13 24.78
2 12 47.41
2 46 115.58
2 11 85.42
2 28 94.48
2 16 20.83
2 38 82.31
2 39 83.1
2 34 60.96
2 33 55.76
2 13 75.93
3 10 90.39
3 46 57.09
3 34 103.13
3 38 33.91
3 48 85.12
3 45 56.26
3 27 43.78
4 37 93.81
4 11 29.78
4 22 60.53
4 44 55.64
4 20 84.7
4 31 50.18
4 27 98.07
4 35 84.2
4 42 57.41
4 24 28.87
4 9 69.29
5 15 134.26
5 28 114.4
5 26 68.12
5 31 48.73
5 27 82.64
5 41 117.6
5 6 31.63
5 38 113.03
5 20 81.53
6 42 53.16
6 12 31.51
6 22 35.61
6 29 78.43
6 39 88.11
6 31 21.53
6 10 57.37
7 28 92.96
8 33 34.9
8 38 95.48
8 42 87.95
9 48 53.01
9 46 89.14
9 34 59.75
9 14 50.83
9 23 68.88
10 22 48.48
10 44 60.89
10 20 30.48
10 23 101.65
10 33 80.87
10 29 105.37
10 12 69.4
10 35 51.17
10 46 91.3
10 45 117.77
10 13 63.18
10 31 56.23
10 19 93.62
10 39 79.61
11 18 73.76
11 23 117.52
11 48 39.7
11 19 95.49
11 22 65.95
12 44 54.3
12 18 73.26
12 30 47.44
12 20 80.72
12 48 100.02
12 36 53.99
12 41 93.65
13 20 60.94
13 21 74.67
13 16 58.71
13 38 60.47
13 40 35.26
14 22 63.65
14 40 78.69
14 32 40.93
14 47 67.49
14 46 58.21
15 49 85.38
15 20 78.65
15 42 84.2
15 41 39.61
15 26 79.79
15 36 89.66
15 19 97.8
16 35 95.38
16 42 47.07
16 30 65.6
16 41 78.74
16 26 12.94
16 28 96.49
16 27 37.28
16 23 78.91
16 47 32.86
17 33 89.35
17 24 71.76
17 45 116.83
17 35 41.55
17 27 92.48
17 28 73.42
17 31 62.99
17 18 63.2
17 36 75.16
18 36 94.27
18 26 61.17
18 46 92.35
18 47 43.35
18 30 71.03
18 33 98.25
18 37 24.06
19 22 68.42
19 35 89.15
19 38 95.18
19 34 95.26
19 48 91.14
19 43 74.78
19 44 26.85
19 27 59.88
19 49 95.49
19 25 107.2
20 35 23.63
20 23 79.36
20 46 63.11
20 38 31.37
20 49 17.47
20 48 19.01
20 28 67.07
21 32 77.7
21 37 73.87
21 30 34.29
21 26 30.77
21 41 52.81
21 29 61.63
21 39 83.29
21 24 58.28
22 25 68.98
22 49 43.09
22 48 58.37
22 33 73.8
22 26 42.08
22 36 59.99
22 32 58.62
22 44 49.02
22 35 62.82
22 29 60.1
23 46 72.22
23 41 33.68
23 32 22.59
23 28 70.45
23 40 74.15
23 38 37.87
23 36 81.24
23 49 94.09
23 48 96.02
23 33 81.34
23 44 84.58
23 39 40.85
24 33 91.08
24 37 90.36
25 47 74.73
25 38 27.47
25 29 62.53
25 33 114.91
25 45 95.89
25 36 97.91
26 43 26.97
26 42 47.44
26 45 29.6
26 48 103.24
26 37 54.57
26 36 71.65
26 38 72.88
27 31 53.57
27 42 57.53
27 47 25.86
27 36 66.19
27 33 53.62
27 38 51.62
27 48 105.31
27 34 91.48
28 43 82.72
28 38 81.78
28 45 86.65
28 48 68.99
28 33 69.24
28 42 95.32
28 39 96.63
29 33 76.39
29 32 32.84
29 44 75.33
29 38 60.21
30 32 85.22
30 49 49.56
30 40 78.15
30 44 16.3
30 38 83.46
30 45 87.77
31 47 20.82
31 40 70.99
31 35 68.57
31 45 63.09
31 42 56.16
32 48 95.65
32 34 107.45
33 40 82.71
33 39 88.96
33 41 53.88
33 46 86.37
33 37 105.06
33 42 79.19
34 49 89.43
34 43 62.98
34 47 64.01
34 38 98.92
34 35 93.32
34 48 85.27
34 41 117.72
34 37 67.52
35 48 29.11
35 40 82.52
35 38 56.06
35 39 65.04
35 42 70.15
35 45 111.11
36 44 12.27
37 39 34.29
37 42 35.35
37 46 111.2
37 38 48.69
38 44 96.55
38 40 76.72
38 47 60.24
38 45 88.97
38 39 18.71
39 49 62.83
40 47 50.86
40 48 101.23
41 42 95.05
41 49 82.89
41 46 40.61
41 47 46.42
42 46 97.74
42 43 40.66
42 45 85.72
43 47 20.27
43 44 56.51
44 46 73.55
44 47 33.45
45 47 43.89
45 49 112.68
47 49 57.35
