0 2 61.57
0 13 29.36
0 39 92.24
0 41 19.88
0 49 67.59
0 8 25.84
0 4 36.13
0 30 33.69
1 29 74.12
1 32 53.4
1 34 76.73
1 27 63.63
1 16 50.34
1 23 13.25
1 43 37.22
1 12 46.16
1 20 57.84
1 2 35.86
1 18 113.33
1 26 92.1
1 9 58.77
2 33 29.8
2 47 40.3
2 13 64.31
2 11 86.52
2 35 64.96
2 7 81.95
2 16 68.92
2 25 69.21
2 29 42.77
2 48 88.94
3 36 45.77
3 8 41.65
3 20 94.43
3 26 57.15
3 7 56.27
3 23 39.93
3 49 42.41
3 29 51.2
4 13 39.28
4 27 57.87
4 39 53.08
4 23 55.59
4 22 49.64
4 41 51.83
5 16 52.62
5 46 63.09
5 15 58.25
5 9 29.61
5 40 73.24
5 8 47.9
5 17 43.11
5 24 22.23
5 22 33.74
6 39 62.7
6 48 62.26
6 29 107.6
6 21 16.37
6 14 43.24
6 11 56.86
6 27 89.7
6 44 43.79
6 42 81.42
6 47 93.57
6 8 78.72
6 38 72.47
7 20 124.56
7 18 55.81
7 40 91.68
7 29 63.72
7 19 51.05
7 45 63.22
7 11 94.75
8 29 53.97
8 45 40.02
8 19 102.05
8 25 42.86
8 16 4.18
9 18 118.2
9 33 46.51
9 13 56.8
10 46 25.65
10 37 72.54
10 11 56.98
10 23 31.65
10 17 21.18
11 15 81.15
11 38 59.43
11 39 76.4
11 23 67.96
11 16 58.61
12 35 93.25
12 20 97.1
12 32 63.79
13 49 98.52
13 43 60.53
13 37 65.36
13 34 53.6
13 48 102.91
13 22 44.38
13 19 80.22
13 36 59.12
14 40 69.86
14 30 35.22
14 16 38.6
14 31 71
14 15 59.4
14 26 78.31
14 33 62.92
14 32 83.47
14 39 93.35
14 42 84.49
14 19 98.47
14 21 15.11
15 24 69.62
15 42 58.19
15 36 68.93
15 18 93.08
15 25 55
15 30 50.36
15 44 85.68
15 20 50.27
16 45 39.5
16 37 97.01
16 17 49.22
16 38 32.9
16 25 59.32
16 28 53.04
16 20 37.48
16 35 87.74
16 19 108.77
16 49 93.01
17 46 57.85
17 48 48.65
17 27 51.45
17 19 57.21
17 47 28.07
17 35 46.46
17 41 55.95
17 33 21.31
17 45 41.57
17 18 86.84
18 33 88.68
18 29 113.42
18 44 79.52
18 27 104.2
18 37 111.68
18 45 93.19
18 42 94.69
18 31 119.99
18 23 125.01
18 47 102.55
18 39 96.04
19 34 37.25
19 27 92.35
19 42 105.69
19 21 73.07
20 37 120.76
20 27 102.5
20 43 42.3
20 41 60.31
20 46 54.42
20 38 43.97
20 45 68.52
20 48 133.29
21 46 74.23
21 23 69.45
21 35 66.72
21 40 75.75
21 43 73.34
22 49 125.99
22 25 39.02
22 30 106.85
22 38 82.48
22 40 120.15
23 31 34.26
23 33 35.78
23 46 43.47
24 45 7.02
24 26 88.17
24 32 26.04
24 25 52.68
24 43 66.75
25 31 61.03
25 33 36.8
25 47 64.15
25 45 33.69
25 32 51.23
25 28 88.69
25 35 32.89
26 28 99.38
27 49 106.07
27 32 26.63
27 31 70.83
27 34 42.99
28 29 96.25
28 43 34.61
29 42 9.28
29 37 40.03
29 43 85.28
29 34 53.22
29 44 115.34
29 33 54.81
30 47 86.67
31 44 90.22
31 32 73.58
31 45 48.78
31 48 111.05
31 47 87.36
31 38 32.16
32 47 25.16
32 36 72.13
32 45 24.51
32 43 69.46
32 44 104.77
33 34 34.07
33 46 67.8
33 38 42.87
34 44 95.94
34 42 46.69
34 45 64.7
34 36 82.26
35 49 96.18
35 48 89.24
35 41 50.08
35 44 102.19
36 39 79.59
36 44 32.47
36 42 80.88
36 46 48.19
36 43 40.28
36 41 47.22
37 46 101.48
37 44 121.16
37 47 11.11
37 49 95.06
38 48 80.16
38 40 71.06
38 45 35.2
38 43 20.37
39 49 58.17
39 46 109.75
40 46 53.52
40 48 32.87
40 43 64.85
40 42 94.58
40 47 69.97
40 45 92.37
41 42 34.58
42 49 99.07
42 43 66.07
43 46 20.59
43 49 94.29
44 47 104.73
45 48 100.63
46 47 89.17
47 48 77.62
48 49 21.64
