0 22 105.7
0 44 22.73
0 10 47.82
0 20 71.55
0 36 40.95
0 24 95.25
0 13 79.84
0 45 77.27
1 34 97.02
1 39 61.06
1 5 75.95
1 13 54.6
1 17 39.05
1 43 50.06
1 19 13.24
2 15 69.66
2 22 129.87
2 44 61.98
2 14 95.18
2 19 75.75
2 48 65.31
2 3 78.48
2 42 134.88
2 36 70.12
3 40 77.73
3 33 111.23
3 16 32.19
3 23 74.37
3 25 44.14
3 36 53.71
3 8 26.14
3 49 93.16
3 9 30.5
3 5 35.84
4 37 106.09
4 34 77.91
4 43 88.66
4 20 47.18
4 47 49.94
4 27 76
4 23 76.15
4 15 100.24
4 18 50.18
5 16 69.48
5 21 16.1
5 6 97.66
5 30 71.62
5 18 36.81
5 7 65.36
5 32 72.32
5 39 56.36
5 33 104.3
6 25 40.65
6 15 54.25
6 19 75.11
7 30 68.65
7 47 48.85
7 23 69.41
7 11 60.22
8 44 41.86
8 27 63.78
8 18 52.35
8 21 6.28
8 30 72.89
9 48 72.21
9 14 70.5
9 32 39.1
9 42 114.55
9 34 26.99
9 37 76.1
9 18 84.43
9 17 84.67
9 35 108.53
9 47 28.11
10 18 73.6
10 16 72.2
10 31 29.36
10 19 89.31
10 44 38.75
10 26 52.8
10 12 55.24
11 12 54.14
11 21 86.61
11 18 62.28
11 27 103.77
11 23 68.21
11 44 86.99
11 19 6.44
11 45 42.15
12 43 35.25
12 35 73.62
12 32 53.03
12 21 77.67
12 19 47.45
12 13 60.59
12 15 69.4
12 16 73.57
12 29 72.83
12 39 53.52
12 14 57.99
12 40 18.36
13 14 39.57
13 36 65.69
13 20 74.54
13 22 29.31
13 44 62.1
13 18 55.94
13 25 72.63
13 37 53.78
14 43 63.55
14 46 47.77
14 38 71.97
14 34 61.79
14 45 65.04
14 40 53.73
15 30 47.73
15 47 54.97
15 38 26.47
15 17 17.46
16 46 67.41
16 32 30.44
16 19 98.83
16 43 67
16 42 117.44
17 18 69.91
17 30 33.32
17 42 84.89
17 48 46.67
17 24 76.65
17 28 82.82
17 39 82.33
17 44 88.36
17 49 74.48
18 43 80.43
18 46 74.76
18 41 79.29
18 20 60.16
18 30 37.11
19 39 78.1
19 22 82.83
19 24 71.07
19 46 105.42
19 36 86.24
19 26 77.11
19 27 90.67
20 33 109.16
20 32 61.05
20 29 49.86
20 27 76.36
20 36 63.81
20 24 73.87
20 47 23.55
21 40 74.63
21 44 43.93
21 33 116.43
21 35 78.21
21 38 69.53
21 47 27.88
21 32 73.49
21 42 54.41
21 48 44.73
22 27 18.52
22 25 107.89
22 32 103.73
22 36 84.24
22 39 31.21
22 42 29.83
23 38 99.09
23 28 29.21
24 29 60.42
24 42 4.24
24 27 38.28
24 26 20.79
25 42 99.79
25 26 68.31
25 49 88.46
26 30 51.86
26 27 32.81
26 47 72.29
26 42 26.02
26 40 76.32
26 28 15.38
26 36 83.07
26 46 69.04
26 39 40.06
27 32 93.83
27 46 39.48
27 49 62.26
27 48 69.33
27 30 73.59
27 47 96.82
27 29 76.36
27 31 37.64
28 42 26.49
28 39 31.61
28 34 108.16
28 43 97.31
29 44 78.9
29 40 61.68
29 49 44.2
29 31 55.23
29 35 40.4
29 41 62.18
29 38 47.79
29 43 49.74
29 32 92.86
30 33 97.16
30 38 70.49
30 49 36.1
30 47 67.22
30 39 69.75
31 49 56.04
31 36 56.14
31 33 91.9
31 39 33.86
31 47 42.96
31 35 62.47
31 45 68.32
31 38 82.64
32 48 60.92
33 43 76.25
33 48 58.02
33 44 88.84
33 46 74.74
33 37 33.36
33 36 71.61
34 40 66.01
34 43 69.23
34 48 65.92
35 42 62.76
35 48 55.54
35 47 69.89
35 41 89.8
35 44 89.89
35 36 119.95
36 38 94.83
37 43 41.31
37 49 88.49
37 42 64.75
37 47 60.14
37 45 68.2
38 45 44.58
38 47 53.03
38 44 69.54
38 41 66.35
38 46 123.34
38 49 95.31
39 47 78.02
39 44 56.77
39 45 98.69
40 44 52.12
40 41 53.72
40 46 78.32
41 42 85.78
41 48 35.53
41 43 68.25
41 46 36.16
41 44 12.96
41 45 82.21
42 48 65.04
42 47 92.72
42 49 37.45
43 45 36.13
43 48 32.5
43 44 62.97
44 49 96.29
44 48 45.61
45 47 33.13
45 48 44.86
46 48 73.05
46 49 89.2
48 49 61.74
