0 38 42.58
0 17 45.77
0 76 71.42
0 60 79.21
0 13 58.39
0 20 62.1
0 23 57.34
0 4 59.46
0 5 42.55
0 82 45.52
0 48 44.18
0 61 60.82
0 90 57.27
1 11 50.87
1 42 31
1 87 64.83
1 37 40.71
1 8 80.72
1 96 18.55
1 58 39.31
1 22 59.51
2 56 87.47
2 84 103.2
2 64 68.79
2 50 37.19
2 34 72.73
2 91 29.58
2 42 60.42
2 65 51.93
2 63 30.7
2 32 19.99
2 60 23.88
2 37 32.01
2 79 46.88
2 95 29.72
2 11 77.08
2 51 29.57
2 29 69.78
2 8 90.37
2 7 48.66
3 72 14.9
3 73 55.23
4 83 103.23
4 87 93.31
4 96 72.92
4 93 32.95
4 16 59.25
4 76 72.82
4 10 100.9
4 14 67.27
4 12 46.6
4 48 39.02
5 74 45.41
5 80 59.72
5 85 19.58
5 17 52.84
5 77 15.88
5 92 53.72
5 22 34.55
5 48 73.24
5 75 69.37
5 76 59.79
6 42 61.96
6 38 100.72
6 36 86.05
6 37 109.7
6 59 66.11
6 30 43.7
6 24 22.89
6 8 66.38
6 72 58.03
6 43 97.54
6 87 65
6 18 70.46
6 88 73.31
6 67 24.42
6 17 101.38
6 12 76.98
6 55 79.43
6 19 104.27
6 25 38.59
6 74 50.73
6 80 85.53
6 47 83.63
6 71 86.05
6 73 103.33
6 62 82.63
7 52 101.48
7 20 95.38
8 46 99.19
8 48 72.67
8 33 54.48
8 49 41.33
9 89 82.73
9 38 94.19
9 34 50.51
10 82 106.64
10 92 45.38
10 19 41.38
10 35 106.23
10 42 27.28
10 41 80.76
10 21 102.43
10 69 53.97
10 90 82.1
10 33 101.6
10 52 89.29
11 42 22.09
11 29 26.18
11 47 48.09
11 63 63.61
12 75 41.33
12 26 47.63
12 28 37.16
12 44 38.51
12 57 59.58
12 60 24.34
12 62 13.17
12 24 78.86
12 40 99.39
13 71 51.77
13 56 56.76
13 48 99.97
13 46 94.35
13 81 33
13 38 98.7
13 62 89.54
13 22 27.73
13 86 47.86
13 92 65.81
13 99 29.86
13 34 74.49
13 69 46.45
13 37 94.88
13 78 23.62
13 42 38.36
14 27 59.19
14 72 58.22
14 52 32.95
14 51 108.5
14 35 63.61
14 49 41.57
14 59 70.88
14 83 110.38
14 23 105.79
14 75 51.21
14 85 82.02
14 97 63.11
14 22 44.19
14 32 82.06
14 54 57.93
15 31 70.07
15 26 61.91
15 57 85.74
15 46 90.12
15 47 57.85
15 63 78.66
15 21 40.32
15 33 42.93
15 75 71.63
15 78 27.48
15 32 91.53
15 50 69.84
15 97 36.27
15 64 39.36
16 63 53.76
16 23 47.21
16 69 81.18
16 44 48.07
16 47 53.42
16 51 84.52
16 80 19.79
16 53 37.79
16 21 35.37
16 30 57.15
16 61 61.03
16 54 40.26
16 79 45.01
16 93 42.4
17 78 53.12
17 53 66.11
17 98 49.73
17 70 65.42
17 82 82.32
17 52 85.5
17 20 60.01
17 40 94.28
17 90 52.16
17 34 8.39
17 73 60.5
17 48 33.28
17 95 38.46
17 83 61.02
17 37 45.73
17 79 53.18
18 99 95.05
18 79 16.03
18 38 45.14
19 93 106.81
19 58 81.51
19 99 119.53
19 44 48.49
19 84 106.83
19 77 62.19
19 57 87.13
20 89 43.8
20 76 84.36
20 27 63.83
20 96 84.84
20 77 98.98
20 39 90.57
20 79 16.66
20 59 39.98
20 30 91.94
20 71 117.92
20 83 114.05
20 73 20.54
20 69 116.71
20 90 24.43
21 41 61.62
21 68 81.76
21 27 35.68
21 33 29.63
21 94 80.66
21 65 59.68
21 93 19.23
21 90 31.21
21 25 47.19
21 37 93.05
21 86 42.37
21 81 100.14
21 91 80.63
21 75 78.38
21 48 54.41
21 56 96.6
21 36 78.59
21 38 38.09
21 85 99.18
22 87 37
22 99 38.67
22 38 72.26
22 88 45.08
22 78 16.18
22 52 22.45
22 85 37.38
22 35 56.64
22 54 35.86
22 59 60.42
22 34 44.92
22 71 49.92
22 51 75.59
22 76 54.59
23 45 53.66
23 61 103.28
23 96 76.96
23 51 100.35
23 86 86.39
23 83 12.6
23 74 104.68
23 62 109.98
23 67 65.53
23 65 99.63
23 49 64.08
24 77 89.96
24 87 82.81
24 64 65.15
24 66 91.1
24 50 84.17
24 95 91.71
24 57 94.91
24 65 54.36
24 89 28.94
24 96 79.36
24 54 74.81
24 78 67.83
24 82 67.39
25 73 84.54
25 63 88.21
25 82 27.52
25 79 68.17
25 89 63.69
25 29 56.51
25 36 83.33
25 85 48.22
25 72 37.37
25 93 66.03
26 39 77.67
26 91 30.63
26 75 55.45
26 41 68.1
26 34 49.96
26 79 69.84
26 53 88.48
26 44 56.72
26 90 71.62
26 40 81.87
26 47 58.94
26 28 88.12
26 32 83.73
27 81 63.99
27 42 75.85
27 91 71.1
27 34 51.22
27 57 70.21
27 93 43.07
28 31 106.54
28 40 140.34
28 85 114.75
29 95 81.38
29 78 40.95
29 37 47.7
29 91 48.31
29 64 12.01
29 99 58.27
29 82 76
29 40 79.59
29 41 70.98
29 69 42.64
29 88 54.97
29 67 43.76
29 60 84.15
29 56 49.54
29 97 48.44
30 73 90.18
30 33 85.56
30 92 21.04
30 79 59.53
30 34 71.53
30 32 96.29
30 48 94.74
30 55 38.98
31 65 102.42
31 42 42.91
31 69 68.16
31 90 79.12
31 32 89.32
31 61 78.39
31 79 78.64
31 84 77.15
31 38 70.44
31 70 93.56
31 78 60.38
31 68 47.5
32 62 52.25
32 83 109.42
32 51 54.07
32 53 67.11
32 33 84.07
32 35 71.45
33 56 101.61
33 74 71.81
33 61 76.11
33 91 79.05
33 71 63.06
33 60 87.68
33 43 50.27
34 36 53
34 93 74.18
34 57 67.59
34 66 71.94
35 78 67.76
35 52 61.14
35 92 78.52
35 72 55.98
35 80 53.52
35 53 30.83
35 45 55.79
35 97 98.03
35 86 47.37
35 39 60.36
35 44 65.84
35 57 32.41
35 40 97.64
35 77 95.05
36 44 11.96
36 66 91.48
36 89 74.78
36 70 55.07
36 46 63.15
36 86 85.62
36 73 48.11
37 66 113.26
37 65 67.1
37 89 94.39
37 71 117.53
37 44 48.23
37 64 60.4
37 82 125.08
37 94 94.8
37 40 121.74
37 52 107.04
37 59 98.58
37 84 101.76
37 91 49.94
37 99 115.66
37 83 101.17
38 74 82.67
38 93 11.69
38 47 85.01
38 99 81.82
38 91 82.84
39 82 61.29
39 72 28.97
39 56 102.97
39 77 47.52
39 67 47.72
40 64 77.96
40 91 101.82
40 55 98.56
41 71 101.53
42 73 76.93
42 52 54.72
42 46 69.77
42 97 46.01
42 66 76.34
42 85 60.07
42 71 75.13
42 94 55.66
42 64 7.11
43 61 102.58
43 57 40.11
43 60 89.14
43 78 112.18
43 88 73.94
43 53 43.15
43 74 102.25
43 69 139.95
43 71 117.06
44 89 71.34
44 64 45.32
44 86 73.95
44 74 62.78
44 82 91.78
44 68 86.37
44 88 67.42
44 59 65.26
44 48 19.64
45 46 94.4
45 85 74.37
45 98 27.94
45 81 81.31
45 63 86.27
46 61 46.18
46 75 30.84
46 76 40.03
46 68 95.15
46 84 100.13
46 90 51.18
46 58 35.99
46 97 114.17
46 63 39.24
46 64 72.75
46 92 26.9
46 53 94.81
47 70 115.6
47 89 98.58
47 96 77.15
47 83 56.25
47 54 78.7
47 61 73.53
47 68 31.53
47 98 63.91
47 81 38.9
47 91 81.85
47 85 16.29
48 81 96.13
48 97 101.32
48 77 84.97
48 62 55.05
48 50 51.04
48 89 68.93
49 95 64.8
49 78 35.4
49 68 57.35
49 52 37.59
49 89 61.8
49 80 39.7
49 75 56
49 61 47.16
49 55 47.54
49 64 28.23
49 53 46.52
49 59 49.32
49 67 20.57
50 87 61.3
50 98 80.56
51 75 81.43
51 57 74.28
51 73 73.21
51 66 104.16
51 60 56.79
51 90 76.07
51 82 126.92
52 71 60.9
52 79 78.34
52 86 16.94
52 54 61.31
52 57 97.65
52 70 82.13
52 64 46.07
53 92 84.63
53 94 98.72
53 81 81.43
54 81 60.55
54 85 79.79
54 68 56.29
54 71 98.17
54 58 42.48
55 70 39.76
55 83 106.1
55 59 105.21
55 69 55.81
55 82 96.4
55 85 77.49
55 96 14.89
55 76 17.86
55 57 90.69
55 61 60.69
55 68 39.11
55 67 63.92
55 80 72.82
55 71 84.36
55 77 39.54
55 87 53.6
55 89 59.33
55 79 63.87
55 98 99.22
56 72 79.08
56 90 80.55
56 98 109.29
56 62 50.27
56 78 49.14
56 70 52.19
56 57 97.06
57 58 45.37
57 99 102.65
57 77 90.68
57 62 65.43
57 98 58.63
57 82 102.47
57 95 27.88
57 80 36.44
57 86 77.95
57 76 84.93
58 98 82.21
58 63 37.82
58 87 69.96
58 89 31.53
58 97 91.24
58 88 53.18
58 99 74.39
58 75 35.46
58 66 88.04
58 60 35.7
59 79 46.71
59 80 40.59
59 95 53.68
59 90 26.36
59 64 79.33
60 76 51.61
60 97 126.46
60 70 22.66
60 83 119.35
60 86 101.33
61 90 49.82
61 76 47.05
61 78 36.53
61 63 50.14
61 72 44.38
61 88 57.32
61 65 63.99
61 96 45.86
61 64 41.88
61 75 38.31
61 91 45.79
61 74 40.59
61 67 31.24
61 66 71.44
61 80 80.88
61 83 100.27
61 95 88.71
61 82 73.12
62 77 77.82
62 83 113.55
62 91 21.27
62 80 62.99
62 69 88.4
62 87 66.91
62 64 49.56
63 97 100.89
63 77 86.64
63 76 30.93
63 99 91.86
63 96 35.16
63 69 98.18
63 88 73.59
63 95 24.25
63 93 74.9
63 89 51.04
63 82 89.9
64 98 82.46
64 73 82.16
64 97 56.2
64 77 40.98
64 74 27.4
64 89 62.96
64 86 44.27
65 95 38.51
65 88 83.36
65 75 44.86
65 87 98.14
65 91 42.48
65 97 97.36
65 84 63.58
65 93 57.34
65 80 69.97
65 74 44.11
66 73 106.98
66 68 57.97
66 83 55.71
66 94 87.08
66 77 48.23
66 86 34.5
66 74 90
66 82 43.23
66 81 46.56
66 76 102.82
67 74 56.08
67 69 79.91
67 84 42.52
68 83 77.64
68 90 82.14
68 96 40.9
68 94 77.61
68 74 51.46
68 92 62.94
68 69 27.12
68 71 55.51
68 87 26.76
68 98 91.55
68 75 73.05
68 72 59.48
69 72 70.85
69 90 106.36
69 81 17.26
69 74 78.97
69 98 104.44
69 82 98.3
69 91 81.37
69 86 74.03
69 70 96.89
69 93 114.37
70 80 73.99
70 97 97.65
70 75 38.69
70 92 29.71
70 78 74.56
70 86 82.37
70 72 64.52
71 94 112.69
71 80 70.36
71 74 96.17
71 99 36.39
71 89 111.48
71 82 56.84
72 95 63.51
73 86 90.92
73 83 100.45
73 89 56.53
73 78 96.43
73 99 115.81
73 95 29.78
73 92 62.97
74 94 55.33
74 75 30.69
74 85 76.72
74 77 66.83
74 90 55.71
74 89 44.21
75 85 94.51
76 78 66.31
77 84 93.57
77 82 81.76
77 94 90.51
77 98 76.34
77 96 33.01
77 90 93.96
77 79 93.93
77 81 3.55
78 94 68.24
78 98 73.22
78 85 46.18
78 97 18.23
78 93 68.01
78 83 75.39
78 90 78.35
78 95 79.35
79 97 91.4
79 83 95.94
79 92 38.17
80 99 80.73
81 95 101.46
81 91 75.08
81 85 25.98
81 83 68.08
81 97 29.56
81 87 19.06
82 93 57.89
82 89 75.28
83 98 32.87
84 88 26.5
84 87 75.99
84 98 45.46
84 96 78.82
84 95 70.51
85 89 102.95
85 91 88.3
85 92 86.76
86 99 34.82
86 89 48.98
86 87 69.92
86 94 54.62
87 94 93.78
87 93 83.72
87 98 59.8
87 88 44.7
88 92 86.35
88 96 69.57
88 89 78.61
88 93 38.53
88 97 58.22
89 97 93.02
89 96 68.78
89 90 49.32
90 96 70.25
90 95 27.33
90 98 66.72
90 93 40.11
90 97 86.03
91 97 74.25
91 96 17.6
92 95 52.93
92 96 30.87
92 94 56.23
93 97 91.73
93 95 65.63
93 94 111.59
94 96 60.99
95 99 114.96
95 98 85.34
95 96 58.64
96 97 70.71
97 99 15.98
