0 87 48.66
0 106 62.15
0 46 81.92
0 103 57.91
0 166 67.78
0 57 56.2
0 102 22.41
0 186 70.98
0 84 46.73
0 5 37.03
0 40 61.98
0 24 82.02
0 71 58.02
0 185 41.2
0 170 57.05
1 140 85.6
1 27 77.87
1 66 88.69
1 116 66.07
1 190 87.42
1 106 43.77
1 92 18.11
1 132 100.42
1 180 75.22
2 19 46.99
2 187 68.36
2 28 19.55
2 169 84.36
2 155 88.09
2 71 132.6
2 63 18.54
2 87 88.12
2 136 78.78
2 67 93.55
2 161 24.34
2 192 81.89
2 98 102.01
2 14 100.65
3 192 57.06
3 25 63.1
3 132 47.87
3 116 46.84
3 82 62.48
3 97 72.26
3 48 38.33
3 190 52.81
3 65 68.22
3 5 61.07
3 186 55.48
3 152 24.36
3 166 46.47
3 64 39.23
3 14 61.1
3 105 37.77
3 32 63.55
3 80 10.48
3 140 72.07
3 177 77.32
3 60 67.58
4 190 67.43
4 92 60.11
4 55 91.01
4 136 77.53
4 145 20.7
4 95 42.89
4 40 112.17
4 199 71.66
4 29 79.92
5 148 21.1
5 26 32.47
5 115 9.48
5 80 52.75
5 182 45.17
5 41 77.89
5 68 21.55
5 35 95.62
5 124 77.45
5 87 11.13
5 106 82.07
5 156 37
5 153 76.83
5 147 37.5
6 62 69.61
6 37 109.09
6 89 28.74
6 127 99.86
6 23 100.78
6 140 78.31
6 60 87.78
6 198 61.74
6 36 86.65
6 79 72.79
6 19 120.62
6 148 75.85
6 149 100.72
6 143 41.15
6 147 78.98
6 114 49.32
6 38 85.74
6 20 76.72
6 98 98.02
6 84 65.85
6 9 91
6 172 53.55
6 181 80.53
7 173 107.61
7 170 102.51
7 152 75.5
7 77 72.73
7 30 74.53
7 41 62.96
7 84 104.8
8 152 79.37
8 94 87.97
8 78 24.45
8 10 53.49
8 170 31.11
8 42 50.25
8 199 43.13
8 110 67.2
8 89 81.63
8 118 89.51
8 174 83.36
8 117 80.35
8 79 88.7
8 63 82.75
8 18 71.08
8 46 100.19
8 62 90.8
8 104 63.59
8 88 40.02
8 71 27.06
8 122 117.35
8 197 84.7
8 67 42.39
9 50 26.16
9 177 59.27
9 166 87.58
9 11 26.89
9 87 51.19
9 145 110.41
9 169 72.77
9 176 22.23
9 138 56.38
9 146 97.43
9 108 54.83
9 47 81.26
9 13 68.48
10 101 43.35
10 96 34.78
10 111 81.14
10 73 104.28
10 194 112.4
10 171 75.24
10 198 59.09
10 126 77.52
10 150 51.94
10 99 88.67
10 24 89.34
10 123 120.97
10 50 31.56
11 121 81.98
11 97 45.8
11 12 54.08
11 39 77.56
11 186 89.19
11 99 60.07
11 18 85.06
11 34 64.19
11 135 66.44
11 133 54.8
11 137 34.75
11 171 49.67
11 162 65.01
11 27 69.1
11 48 91.68
11 122 105.52
11 26 13.18
11 16 63.2
11 126 80.24
11 130 66.67
11 116 40.03
11 100 62.45
11 72 54.9
11 74 51.34
11 119 14.73
12 141 47.73
12 98 73.4
12 40 101.43
12 144 70.79
12 160 66.59
12 81 66.79
12 73 40.66
12 157 92.6
12 145 69.27
12 134 81.84
13 92 73.12
13 108 33.16
13 57 115.48
13 111 90.2
13 74 71.17
13 28 116.49
13 107 90.24
13 45 73.93
13 65 104.04
13 178 53.32
13 42 35.91
13 90 85.31
13 143 39.61
13 196 95.87
13 41 107.39
13 23 88.26
13 142 53.33
14 32 81.18
14 193 85.59
14 134 79.59
14 159 81.08
14 42 47.35
14 86 31.59
14 53 54.99
14 140 90.24
14 128 85.33
14 92 38.2
14 76 66.54
14 155 92.62
14 85 86.46
14 160 111.05
15 43 88.3
15 74 49.47
15 35 60.4
15 32 83.38
15 113 37.26
15 68 55.88
15 67 4.86
15 92 61.94
15 125 51.58
15 46 71.49
15 90 54.1
15 123 66.95
15 57 82.57
15 80 63.69
15 106 50.23
15 119 55.67
15 121 74.79
15 18 55.9
15 61 41.53
15 114 67.26
15 184 58.72
15 40 55.41
15 124 51.49
15 37 89.52
15 176 57.28
15 38 69.45
16 107 49.43
16 61 62.07
16 102 24.25
16 116 35.31
16 190 31.25
16 70 66.08
16 114 73.01
16 28 73.96
16 22 17.17
16 125 46.3
16 53 37.29
17 199 81.45
17 114 99.64
17 184 58.92
17 136 43.42
17 141 60.33
17 105 39.35
17 140 74.47
17 150 64.91
17 104 75.4
17 51 50.19
17 188 40.63
17 113 96.42
17 91 47.11
17 30 72.01
17 58 67.29
17 52 72.81
17 190 63.37
17 90 55.05
17 27 56.08
17 160 32.83
17 159 10.84
17 33 43.41
17 18 39.93
17 68 69.24
17 77 56.39
17 79 67.14
17 25 83.19
17 98 59.18
17 55 45.83
17 125 50.84
17 44 17.23
17 129 50.86
17 192 81.74
17 70 75.46
17 116 40.27
17 110 38.76
17 53 64.5
17 193 74.59
18 29 72.84
18 109 34.3
18 21 45.38
18 55 70.41
18 114 62.11
18 73 23.96
18 121 28.55
18 144 50.64
18 146 44.44
18 139 92.25
18 157 97.66
18 122 57.55
18 189 18.76
18 185 32.94
18 130 70.88
18 188 21.88
18 38 39.63
18 172 35
18 101 88.34
18 26 69.57
18 74 41.23
19 24 109.01
19 181 96.13
19 95 49.49
19 150 53.42
19 34 35.33
19 40 123.48
19 90 87.53
19 151 71.73
19 169 66.02
19 93 108.08
19 177 17.08
19 71 111.58
19 162 94.13
19 47 99.87
19 180 86.73
19 157 90.21
19 172 93.63
19 20 83.32
19 121 69.63
19 140 79.04
19 80 70.22
19 131 99.19
19 86 107.57
19 89 101.71
19 179 69.97
20 144 45.35
20 52 89.73
20 130 71.73
20 141 17.36
20 194 84.3
20 185 37.69
20 76 74.77
20 36 47.54
20 31 100.2
20 170 97.02
20 174 50.18
20 143 98.88
21 85 98.19
21 130 49.92
21 31 89.41
21 27 34.11
21 99 63.79
21 107 48.68
21 161 96.19
22 82 43.46
22 141 78.76
22 172 28.69
22 133 34.56
22 65 65.35
22 43 83.12
22 86 25.06
22 177 90.08
22 24 66.2
22 125 34.92
22 168 52.51
22 37 80.11
22 146 43.27
22 180 53.27
22 171 34.11
22 170 31.64
22 179 68.18
22 44 50.52
22 187 55.96
22 77 47.42
22 67 23.02
22 167 78.95
22 156 29.24
22 129 60.57
22 59 67.46
22 48 60.76
22 153 81.6
22 135 47.38
22 76 64.32
22 173 40.46
22 157 41.11
22 131 54.08
22 49 20.62
22 130 46.43
22 158 25.28
22 178 33.15
22 25 28.92
22 112 41.35
22 101 53.71
23 147 67.37
23 84 67.41
23 140 90.24
23 141 94.25
23 70 108.04
23 103 106.82
23 89 108.97
23 109 44.33
23 171 93.13
23 35 75.5
23 113 93.23
24 190 81.44
24 191 66.24
24 57 94.52
24 75 48.09
24 56 55.93
24 150 79.31
24 133 37.16
24 189 101.13
24 120 79.25
24 141 89.28
24 111 54.67
24 152 99.6
24 47 101.23
24 55 81.21
24 88 91.93
24 70 76.75
24 109 85.11
24 192 93
24 144 76.6
24 127 126.29
24 198 72.87
24 67 56.19
24 27 78.85
24 118 77.71
24 149 124.09
24 119 78.34
24 86 47.62
24 50 90.13
24 43 109.31
24 76 69.38
24 165 86.33
24 58 43.3
24 156 48.97
24 148 102.62
24 121 62.07
24 98 121.29
24 182 66.08
24 173 35.63
24 151 65.06
24 51 119.25
24 72 69.35
24 179 65.94
24 174 51.65
25 35 63.71
26 55 17.94
26 148 40.67
26 74 42.99
26 102 77.91
26 184 41.31
26 138 69.46
26 177 73.32
26 181 77.9
26 187 81.56
26 91 41.71
26 111 67.69
26 95 73.16
26 132 98.18
26 186 64.24
26 156 28.35
26 107 69.03
26 71 74.8
26 198 50.17
26 185 85.35
26 33 79.88
27 156 69.75
28 121 25.67
28 144 82.13
28 115 91.35
28 150 16.71
28 184 117.52
28 63 28.83
28 183 137.9
28 99 128.44
28 96 68.35
28 193 89.89
28 34 84.05
28 71 137.7
28 72 67.39
28 134 90.16
28 79 35.64
28 106 35.21
28 191 84.9
28 182 88.31
29 55 36.08
29 80 54.72
29 96 15.3
29 130 79.21
29 141 84.39
29 53 64.18
29 124 69
30 39 92.76
30 133 66.18
30 169 83.58
30 132 99.14
30 188 55.29
30 170 56.8
30 83 102.85
30 88 78.23
30 106 61.72
30 68 36.57
30 102 87.92
30 145 96.42
30 110 63.18
30 34 76.3
30 185 75.93
30 91 33.09
31 140 52.58
31 193 90.83
31 36 56.39
31 195 79.86
31 84 87.18
31 65 93.28
31 73 98.54
31 107 91.83
31 41 65.96
31 182 74.8
31 131 50.36
31 88 61.49
31 118 91.03
31 57 71.89
32 188 33.84
32 107 34.95
32 129 7.19
32 114 70.8
32 62 52.61
32 50 46.4
32 181 78.2
32 113 101.05
32 179 30.6
32 168 88.96
32 98 92.54
32 147 75.37
32 165 10.1
33 130 67.94
33 109 14.31
33 159 42.92
33 153 87.91
33 36 56.18
33 183 65.8
33 140 90.67
33 53 21.35
33 161 90.18
34 74 62.42
34 57 58.09
34 77 32.21
34 133 67.31
35 93 18.41
35 148 100.47
35 133 47.58
35 66 81.53
35 159 48.56
35 183 92.17
35 82 72.94
36 148 51.38
36 172 60.3
36 42 49.94
36 58 40.46
36 188 18.03
36 64 58.51
36 183 97.96
36 44 9.83
36 87 78.61
36 49 37.04
36 136 69.1
36 41 21
36 104 65.74
36 39 75.7
36 103 95.05
36 108 44.63
36 189 48.05
36 78 76.08
36 90 45.9
36 73 46.5
36 177 43.07
36 190 84.45
36 88 71.22
36 135 91.3
36 192 66.18
37 173 106.74
37 144 111.65
37 119 81.88
37 167 22.9
37 197 35.57
38 50 66.85
38 128 59.32
38 162 38.68
38 39 43.79
38 80 21.92
38 199 87.06
38 144 36.48
38 148 62.96
38 194 99.45
38 86 63.36
38 67 71.5
38 182 103.02
38 89 81.77
38 170 89.94
38 94 116.01
38 57 24.27
38 88 33.4
38 181 44.04
38 193 43.78
38 131 92.11
38 180 115.76
38 113 61.7
38 141 47.63
38 190 66.96
38 183 88.65
38 40 99.5
38 186 71.72
38 75 103.07
38 179 78.53
39 187 76.75
39 150 87.3
39 125 70.11
39 42 73.52
39 60 105.65
39 163 82.83
39 177 90.82
39 123 63.19
39 168 99.01
40 144 72.54
40 100 56.4
40 188 108.33
40 173 55.26
40 89 94.79
40 110 117.22
40 191 51.95
40 146 99.83
40 93 86.29
40 138 104.27
40 155 72.1
40 163 114.79
40 52 59.93
40 41 108.51
41 77 81.82
41 178 64.03
41 52 78.16
41 75 73.07
41 141 10.53
41 133 83.88
41 60 47.83
41 147 55.98
41 42 61.25
41 124 54.2
41 131 118.08
41 80 37.85
41 93 44.3
42 46 70.27
42 43 113.72
42 126 67.78
42 198 41.25
42 54 36.58
42 191 17.19
42 150 47.4
42 92 35.58
42 180 41.15
42 169 72.74
42 119 34.99
42 182 24.49
42 164 46.95
42 143 21.33
42 113 93.39
42 93 80.85
42 167 61.8
42 152 79.28
43 154 77.35
43 73 43.67
43 91 92.83
43 80 61.74
43 116 101.29
43 134 68.5
43 157 101.81
43 174 63.94
43 98 55.31
43 176 117.27
43 130 88.16
43 128 96.9
43 162 79.69
44 186 36.95
44 133 62.28
44 131 85.68
44 101 85.66
44 168 79.21
44 199 68.03
44 184 68.61
44 152 37.51
44 92 50.32
44 84 57.28
44 79 44.13
44 154 63.38
44 111 64.16
44 51 35.05
44 121 49.9
44 189 33.16
44 56 82.64
44 76 49.66
44 185 54.08
44 190 59.75
45 183 52.27
45 61 77.26
45 128 76.74
45 156 82.4
45 146 54.02
45 113 52.34
45 173 35.9
45 118 87.79
45 126 66.01
45 58 69.35
45 52 36.4
45 135 17.52
45 149 67.18
45 131 72.99
45 69 88.37
45 86 30.89
45 174 36.69
46 176 80.25
46 61 60.78
46 124 82.79
46 97 102.04
46 132 107.57
46 116 104.61
46 67 77.43
46 165 66.55
46 103 89.34
46 174 69.64
46 117 63.05
46 90 48.44
47 111 110.26
47 124 81.51
47 125 70.46
47 85 8.8
47 145 99.84
47 184 19.19
47 56 78.78
47 142 62.63
47 64 50.87
47 68 35.4
47 92 85.51
47 154 98.39
47 176 59.77
47 149 55.19
47 151 54.89
47 99 38.63
48 117 51.88
48 97 103.48
48 59 42.57
48 151 94.42
48 193 45.49
48 188 38.99
48 138 37.61
48 101 101.37
48 64 66.97
48 137 81.36
48 129 47.7
48 116 85.65
48 127 70.13
48 56 106.31
48 175 66.93
48 152 10.21
48 131 100.03
48 161 66.53
48 176 91.89
48 154 62.58
48 84 58.5
48 172 46.67
48 189 17.32
49 193 60.06
49 131 65.2
49 113 62.74
49 63 51.62
49 168 51.11
49 136 39.41
50 115 44.82
50 114 61.26
50 164 31.31
50 162 76.37
50 73 63.59
50 118 61.67
50 59 95.28
50 74 25.65
50 55 13.65
50 183 88.28
50 151 64.47
50 171 76.41
50 130 84.32
50 126 45.05
50 156 59.85
50 78 63.55
50 104 42.63
50 113 113
50 185 74.22
50 67 58.63
50 143 48.33
50 61 54.3
50 63 36.67
50 57 58.32
50 137 31.97
50 54 25.04
51 110 25.34
51 101 91.8
51 133 101.94
51 162 94.98
51 94 103.64
51 147 29.47
51 132 89.89
51 151 87.17
51 66 105.35
51 116 83.03
51 93 88.21
51 177 29.27
51 161 55.19
51 157 100.14
51 197 29.63
51 98 105.67
51 176 70.36
51 168 68.78
51 63 33.81
52 177 112.78
52 67 6.1
52 146 56.69
52 151 35.47
52 150 86.52
52 156 47.47
52 99 27.14
53 55 91.9
53 177 96.23
53 176 89.35
53 108 39.36
53 98 42.95
53 194 58.99
53 143 87.07
53 80 35.65
53 133 40.25
53 139 85.73
53 172 33.36
53 130 59.81
53 159 47.22
54 56 53.72
54 173 65.79
54 161 54.49
54 194 93.9
54 110 25.03
54 129 40.14
54 119 66.61
54 69 65.97
54 111 33.84
54 82 94.98
54 114 62.83
55 85 77.65
55 151 41.57
55 140 62.89
55 102 96.89
55 110 33.51
55 98 86.62
55 86 73.33
55 71 92.58
55 74 18.43
55 119 40.6
55 124 81.19
55 148 32.36
55 160 66.74
55 139 43.29
55 186 58.8
55 136 76.44
55 113 115.66
55 189 92.04
55 118 62.71
55 142 21.4
55 171 73.14
55 175 52.2
55 164 51.48
55 190 73.35
56 64 48.53
56 184 71.62
56 59 104.34
56 74 28.01
56 195 64.28
56 127 73.6
56 166 77.2
56 176 33.4
56 112 78.84
56 193 115.73
56 145 96.8
56 167 78.51
56 160 105.94
56 148 63.39
56 130 68.77
56 119 32.57
57 105 43.55
57 175 75.73
57 143 87.31
57 67 84.37
57 165 25.41
57 113 82.75
57 110 74.85
57 169 59.64
57 187 25.79
57 167 67.09
57 99 100.27
57 64 88.39
57 186 39.99
57 61 93.49
57 124 44.82
57 123 50.04
57 134 63.62
57 136 65.65
57 146 37.23
57 160 82.45
57 188 49.42
57 97 110.82
57 77 102.53
57 132 45.64
58 197 97.49
58 74 37.23
58 146 30.96
58 72 36.76
58 183 97.61
58 118 19.86
58 135 55.45
58 153 75.13
58 171 58.4
58 134 60.59
58 65 26.06
58 172 20.9
58 162 55.38
58 95 53.02
59 81 107.02
59 151 81.65
59 159 54.57
59 101 99.13
59 156 94.82
59 105 68.83
59 154 46.54
59 115 107.15
59 107 42.34
59 67 68.16
59 108 70.91
59 60 71.17
59 127 104.05
59 165 56.98
59 150 79.19
60 93 81.15
60 175 73.12
60 158 102.91
60 69 118.67
60 126 30.8
60 124 81.27
60 140 112.19
60 119 101.43
60 120 87.46
61 192 80.52
61 159 72.34
61 109 78.8
61 161 81.01
61 108 32.16
61 94 29.77
61 118 64.49
61 89 35.06
61 194 59.63
61 93 79.25
61 97 68.26
61 81 67.91
61 115 54.16
62 156 41.21
62 168 53.49
62 90 41.44
62 199 73.82
62 154 48.53
62 192 76.37
62 99 94.81
62 186 36.28
62 144 86.44
62 166 54.18
62 93 84.3
63 90 34.69
63 170 81.48
63 101 69.87
63 102 74.78
63 114 47.12
63 76 36.5
63 84 69.39
63 86 80.59
63 157 105.51
63 178 64.35
63 162 84.13
63 131 114.22
63 77 81.36
63 69 103
63 180 85.03
63 186 14.09
64 187 75.19
64 189 71.37
64 81 24.77
64 149 46.83
64 194 77.92
64 157 65.21
64 90 53.11
64 165 75.87
64 125 21.55
64 94 64.25
64 92 40.02
64 101 38.08
64 150 45.47
64 168 31.09
65 104 43.19
65 74 52.01
65 99 111.16
65 168 67.23
65 184 100.59
65 199 82.72
65 119 109.8
65 89 33.69
65 91 32.96
66 178 49.41
66 129 109.53
66 116 40.65
66 110 104.57
66 135 44.97
66 184 37.41
66 106 88.73
66 166 95.61
66 194 62.48
67 166 56.34
67 133 12.67
67 115 56.51
67 82 35.73
67 139 54.01
67 125 37.51
67 141 74.53
67 149 71.2
67 154 50.35
67 75 55.14
68 128 48.95
68 97 37.22
68 104 47.82
68 103 18.48
68 76 54.16
69 191 51.26
69 85 44.08
69 154 105.85
69 81 16.07
69 88 95.37
69 79 98.51
69 126 108.45
69 97 55.44
69 73 135.14
69 146 112.94
69 110 73.83
69 184 45.41
69 190 66.26
69 144 120.39
69 186 105.92
69 92 84.64
69 127 73.92
69 117 81.88
69 120 82.43
70 72 56.64
70 95 53.82
70 145 61.67
70 162 86.83
70 124 84.98
70 93 96.33
70 171 69.52
70 138 53.11
70 122 29.06
70 83 111.66
71 86 60.73
71 126 111.58
71 195 122.91
71 122 150.89
71 74 92.67
71 135 61.08
71 88 50.78
71 95 119.06
72 92 55.16
72 133 29.86
72 117 60.21
72 128 37.82
72 123 60.15
72 118 59.37
72 127 51.59
72 182 68.12
72 136 35.65
72 84 41.84
72 76 69.3
72 103 64.83
72 130 61.31
72 75 68.42
72 134 34.97
72 193 73.07
72 169 37.42
72 187 44.5
72 107 59.51
72 191 21.18
72 166 56.45
72 131 64.88
72 158 34.81
72 159 32.83
72 95 68.75
73 165 8.34
73 116 104.8
73 196 73.96
73 173 88.52
73 132 71.85
73 118 26.9
73 198 111.12
73 163 95.91
73 109 63.38
73 103 117.93
73 104 73.14
73 93 50.84
73 83 116.96
73 170 116.23
73 113 79.87
73 179 46.21
73 195 38.95
73 147 67.94
73 90 30.2
74 82 91.1
74 83 101.21
74 144 76.74
74 180 54.97
74 137 22.79
74 104 16.34
74 143 41.16
74 189 75.03
74 106 31.69
74 190 67.97
74 105 31.01
74 80 61.17
74 77 55.04
74 166 57.01
74 157 81.1
74 99 89.67
75 150 42.83
75 122 70.34
75 119 74.56
75 80 80.43
75 140 87.7
75 134 107.89
76 198 68.87
76 87 64.82
76 176 31.13
76 97 82.45
76 197 54.65
76 80 78.27
76 84 98.51
76 94 74.5
77 141 87.77
77 143 42.93
77 142 32.62
77 144 78.14
77 167 74.4
77 145 105.02
77 80 64.32
77 170 49.07
77 146 93.4
77 188 68.8
77 185 92.34
77 190 61.13
77 189 104.78
77 165 114.63
77 178 29.87
77 157 51.8
77 82 71.09
77 83 52.74
78 174 57.16
78 160 88.08
78 117 68.65
78 111 82.29
78 96 45.46
78 95 81.76
78 115 36.9
78 83 80.02
79 89 40.1
79 106 25.86
79 190 80.89
79 186 28.39
79 118 18.19
79 170 92.86
79 90 9.68
79 132 70.46
79 130 51.45
79 161 48.7
79 141 23.41
80 142 64.17
80 149 44.64
80 109 8.2
80 97 81.91
80 82 71.92
80 118 58.08
80 156 67.99
80 186 56.89
80 135 55.53
80 103 85.54
80 111 70.53
80 108 34.14
80 130 79.76
80 107 51.5
80 199 78.67
80 183 78.47
80 175 64.89
81 114 88.77
81 116 20.53
81 189 98.55
81 143 53.75
81 180 31.19
81 122 119.39
81 187 105.15
81 98 88.37
81 138 73.77
81 158 47.02
81 167 94.21
81 84 92.04
81 160 84.25
81 168 52.66
81 115 13.79
81 179 93.45
81 97 27.39
81 154 86.73
81 109 67.46
81 118 108.51
81 173 74.67
81 199 57.5
81 194 106.5
82 125 79.68
82 175 123.31
82 155 84.47
82 197 144.66
82 99 26.9
82 87 62.85
82 163 118.99
82 159 96.13
82 158 37.02
83 197 105.92
83 192 103.95
83 166 114.42
83 115 65.6
83 180 107.4
83 168 102.68
83 160 79.56
83 190 61.6
83 188 100.93
83 89 125.39
83 91 93.86
83 146 97.56
83 156 111.36
83 148 67.76
83 140 77.72
83 125 103.54
84 101 107.24
84 165 63.95
84 87 85.45
84 166 57.58
84 85 101.62
84 86 41.8
84 147 93.92
84 122 98.18
84 150 84.61
84 173 36.48
84 153 110.64
84 198 81.66
84 114 91.66
84 143 82.89
85 123 122.68
85 184 20.9
85 153 93.73
85 116 24.57
85 121 98.43
85 115 25.93
85 89 90.67
85 113 108.82
85 139 20.7
85 182 67.66
85 134 77.48
85 104 80.62
85 95 108.72
85 122 131.86
85 198 21.84
85 181 49.71
85 172 76.46
85 180 47.24
86 195 86.33
86 121 61.19
86 156 49.35
86 196 90.06
86 123 79.02
87 88 60
87 105 59.27
87 192 96.3
87 146 88.13
88 178 44.2
88 142 78.57
88 168 76.69
89 120 50.8
89 188 53.3
89 172 39.85
90 156 77.47
90 110 62.57
90 169 67.71
90 185 12.39
90 159 45.38
90 93 49.97
90 98 68.55
90 99 101.23
90 160 96.28
90 149 75.33
90 181 58.11
90 152 23.08
90 136 63.51
90 107 4.69
90 153 73.56
90 92 44.56
90 177 80.19
90 165 17.72
91 122 48.07
91 92 8.73
91 144 75.12
91 159 40.42
91 139 69.13
91 135 86.78
91 152 60.49
91 115 61.08
91 162 80.05
91 172 44.44
92 153 69.41
92 166 46.8
92 150 25.5
92 179 19.12
92 149 92.82
92 114 18.56
92 196 65.34
92 102 94.59
92 120 71.09
92 95 59.65
92 180 63.02
92 151 53.95
92 141 65.2
92 106 42.55
92 190 80.29
92 100 59.74
92 109 73.33
92 194 84.2
92 192 81.64
92 138 58.3
92 184 80.28
92 173 63.1
93 191 75.02
93 192 17.69
93 122 97
93 132 32.94
93 139 110
93 136 67.08
93 165 50.08
93 162 45.53
93 190 64.63
93 161 78.69
94 119 83.36
94 99 76.04
94 160 122.44
94 102 97.17
94 155 123.86
94 145 78.09
95 178 62.69
95 179 40.31
95 121 43.95
95 100 72.13
95 139 108.68
95 149 82.14
95 140 111.74
95 191 73.57
95 120 76.48
95 117 24.04
95 185 49.85
95 170 108.99
95 198 97.31
95 184 98.87
95 99 109.18
95 165 35.98
95 154 60.09
95 127 45.95
95 130 92.93
95 133 91.18
96 165 74.76
96 106 58.4
96 179 45.28
96 97 61.69
96 159 48.44
96 114 55.53
96 115 24.18
96 145 83.49
96 188 53.19
96 183 76.46
96 144 91.48
96 140 60.7
96 154 56.62
96 105 20.98
96 174 70.43
97 190 27.55
97 189 113.45
97 195 100.84
97 159 79.79
97 118 117.19
97 115 47.27
97 134 57.72
97 124 77.57
97 177 115.88
98 109 41.15
98 133 63.18
98 185 48.21
98 138 66.93
98 187 64.25
98 104 86.56
98 169 13.34
98 158 54
98 174 76.78
98 112 68.47
98 191 73.1
98 154 91.8
98 179 93.1
98 188 83.64
98 170 74.25
98 99 77.12
98 161 104.75
98 130 93.78
98 198 65.19
98 156 107.12
98 100 40
98 129 79.71
99 160 108.52
99 119 70.83
99 100 43.63
99 172 56.11
99 186 112.75
99 130 58.63
99 113 67.09
99 122 142
99 128 75.52
99 124 77.78
99 191 57.15
99 112 21.16
99 198 24.7
99 148 71.19
99 109 69.88
99 152 79.34
100 142 71.95
100 141 72.53
100 128 54.78
100 179 56.83
100 122 100.2
100 174 17.82
100 158 27.72
100 136 62.04
100 139 71.87
100 151 55.59
100 198 45.42
100 156 58.25
100 110 82.37
100 117 83.07
101 140 63.09
101 191 52.44
101 188 76.37
101 170 57.51
101 186 76.18
101 161 89.57
101 184 65.63
101 189 101.62
101 147 66.83
101 173 74.23
101 148 69.64
101 196 99.13
101 137 32.53
101 171 61.25
101 102 104.42
101 106 63.24
101 120 83.75
101 121 61.1
102 196 72.94
102 183 52.2
102 135 38.29
102 139 94.99
103 152 89.62
103 182 21.89
103 109 83.22
103 196 101.46
103 128 57.1
103 125 39.07
104 198 66.3
104 153 63.81
104 109 56.38
104 137 21.96
104 182 42.92
104 120 54.4
104 128 51.53
104 183 97.28
104 138 76.48
104 142 44.71
105 192 76.46
105 171 55.08
105 146 45.84
105 163 59.24
105 120 57.23
105 151 53.27
105 144 55.42
105 133 53.69
106 186 46.66
106 159 54.67
106 152 53.32
106 117 48.19
106 167 62.28
106 124 51.83
107 143 81.37
107 165 34.82
107 197 102.35
107 196 76.99
107 191 74.71
107 113 61.83
107 176 86.72
108 121 52.54
108 119 56.12
108 153 72.36
108 140 44.16
108 167 76.77
108 198 37.6
108 197 89.45
108 160 73.37
108 171 42.12
108 148 38.01
108 128 31.98
109 140 80.26
109 164 65.55
109 159 23.67
109 178 27.52
109 132 29.11
109 177 81.62
109 126 39.99
109 199 65.17
109 194 96.1
109 156 80.93
109 116 44.73
109 146 37.21
109 151 74.16
109 134 24.02
109 171 67.02
109 163 85.25
109 127 53.3
109 186 61.81
109 111 78.7
109 145 51.55
110 192 108.2
110 195 47.23
110 125 58.33
110 131 91.42
110 139 65.61
110 117 18.43
110 190 82.7
110 137 32.54
110 167 38.46
110 160 43.79
110 140 78.47
111 150 23.77
111 151 63.19
111 174 65.4
111 114 22.94
111 172 64.79
111 148 89.04
111 130 49.56
111 135 81.51
111 143 65.68
111 153 75.05
111 132 116.06
112 119 46.33
112 164 110.99
112 173 43.83
112 191 46.06
112 124 74.17
112 131 22.56
112 159 86.31
113 179 101.35
113 185 39.66
113 195 107.75
113 114 84.1
113 118 81.59
113 154 58.7
113 115 93.27
113 136 90.81
113 199 63.36
113 181 59.5
113 141 77.46
114 132 128.94
114 149 107.72
114 128 84.34
114 148 93.26
114 155 114.15
114 133 64.87
114 139 105.98
114 122 55.86
115 118 91.46
115 198 30.08
115 139 20.84
115 135 70.08
115 180 34.37
115 195 89.54
115 133 67.79
115 197 64.97
115 188 59.83
115 190 48.77
115 156 53.24
115 182 44.88
115 131 39.79
115 158 41.79
115 164 88.42
116 164 72.12
116 177 73
116 194 80.47
116 182 49.92
116 198 28.06
116 150 73.49
117 199 78.55
117 133 88.69
117 165 63.57
117 186 13.93
117 127 30.32
117 171 94.4
117 126 47.49
117 149 64.49
117 162 78.92
117 168 56.74
117 121 49.42
117 128 37.15
117 178 56.95
117 183 108.18
117 140 92
118 143 72.94
118 167 56.21
118 195 25.98
118 196 74.08
118 141 26.37
118 155 112.17
118 129 15.32
118 152 58.33
118 121 12.57
118 148 89.18
119 136 80.13
119 177 102.08
119 171 56.08
119 185 102.95
120 187 62.17
120 146 33.85
120 170 35.09
120 197 110.3
120 141 77.07
120 198 43.62
120 194 48.9
121 150 31.28
121 130 46.86
121 132 98.26
121 187 27.53
121 191 64.4
121 142 70.03
122 184 130.07
122 159 72.44
122 172 86.43
123 159 54.86
123 149 87.08
123 163 137.64
123 183 112.19
123 126 62.25
123 131 124.77
123 169 73.18
124 196 56.43
124 141 49.16
124 187 52.42
124 194 93.54
124 166 64.37
124 173 57.06
124 134 23.11
125 156 32.22
125 182 45.86
125 153 71.24
125 157 82.4
125 158 46.67
125 133 38.38
125 147 42.73
125 199 32.53
125 198 49.63
125 149 76.73
125 178 58.99
126 159 34.56
126 131 109.82
126 155 91.76
126 181 78.37
126 184 92.15
126 158 74.72
126 140 97.46
126 169 73.13
126 134 75.25
126 197 95.36
127 199 86.41
127 147 30.14
127 158 79.35
127 187 84.18
128 191 45.98
128 151 58.27
128 134 58.76
128 166 68.04
128 183 81.58
128 187 62.3
129 187 40.12
129 198 95.59
129 173 85.01
129 164 9.33
129 166 41.78
129 158 82.17
129 162 69.99
129 157 112.56
129 142 66.11
129 168 81.15
129 186 5.92
130 167 97.06
130 199 23.3
130 176 76.21
130 181 67.93
130 131 80.51
130 135 40.83
130 153 95.04
130 155 100.09
131 186 121.38
131 157 34.55
131 144 100.36
131 166 119.59
131 132 101.56
131 145 115.29
131 167 127.77
131 161 133.41
131 193 113.92
131 192 112.26
132 191 84.32
132 141 72.87
132 169 29.9
132 171 95.66
132 190 71.88
132 150 102.12
132 178 44.12
132 146 61.79
132 151 89.82
132 165 83.42
132 140 104.27
132 142 88.97
132 158 77.73
132 157 61.5
133 144 33.64
133 169 71.96
133 164 59.01
133 168 59.92
133 154 39.14
134 151 69.5
134 195 93.1
134 173 46.41
134 199 57.63
134 196 65.01
134 156 86.12
135 176 90.01
135 138 82.43
135 151 65.79
135 192 60.47
135 193 59.82
135 191 53.94
135 168 87.05
135 170 48.87
135 160 108.99
135 144 22.76
136 139 64.19
136 181 39.32
136 152 49.88
136 158 38.33
136 186 80.31
136 143 86.89
136 168 85.87
137 179 53.03
137 148 48.62
137 182 36.74
137 169 62.79
137 165 74.29
137 150 43.69
137 180 54.77
137 175 66.24
137 155 73.72
137 143 21.7
137 167 58.15
137 144 89.74
137 187 78.07
137 141 66.4
137 160 80.47
138 188 25.43
138 185 65.95
138 176 70.78
138 156 74.17
138 142 52.92
138 178 44.56
138 141 49.43
138 193 78.64
138 183 83.17
139 183 46.47
139 140 1.28
139 169 69.82
139 181 61.68
139 197 85.86
139 148 32.05
139 149 44.45
139 165 113.89
139 144 96.2
139 172 77.38
139 160 80.28
140 181 63.16
140 150 101.49
140 143 48.68
140 153 72.65
140 151 29.87
140 156 58.64
140 188 85.17
140 163 61.7
140 170 36.88
141 178 80.68
141 172 43.33
141 173 88.24
141 166 32.51
141 162 70.83
141 159 28.43
141 155 87.83
141 191 77.23
141 185 43.7
142 157 68.51
142 165 89.18
142 196 45.35
142 178 55.65
142 143 37.53
142 176 2.73
142 159 49.34
142 153 47.02
142 193 110.99
142 180 33.92
142 169 70.8
142 171 66.38
142 199 56.49
143 183 89.13
143 187 83.77
143 148 59.46
143 199 39.06
143 170 37.5
143 175 78.38
143 156 0.48
143 191 21.16
143 173 49.94
143 184 68.24
143 198 47.17
143 147 56.48
143 197 84.19
143 195 63.77
143 149 81.81
143 189 102.52
144 191 73.55
144 190 54.08
144 195 88.91
144 162 29.1
144 163 119.42
144 183 84.32
144 175 98.34
144 149 79.24
144 196 92.06
144 153 102
144 192 45.71
144 164 75.63
145 156 76.74
145 151 92.08
145 164 63.34
145 153 101.88
145 181 69.22
145 194 63.54
145 146 16.6
145 158 75.46
145 149 97.34
145 172 33.71
145 160 118.23
145 188 57.66
145 174 32.15
145 168 98.58
145 152 43.73
146 197 110.45
146 179 53.19
146 183 94.17
146 162 41.3
146 160 107.7
146 163 102.6
146 180 114.45
146 199 62.79
146 156 66.34
146 149 76.82
147 188 43.51
147 165 85.63
147 185 78.51
147 151 43.92
147 172 52.65
147 197 36.28
147 194 115.48
148 154 73.32
148 199 61.11
148 159 46.31
148 173 67.88
148 183 41.77
148 184 20.05
148 180 53.04
148 188 67.24
148 175 47.64
148 192 93.26
149 192 87.31
149 177 82.18
149 179 89.73
149 188 78.4
149 190 59.34
149 163 71.93
149 157 43.32
150 156 62.26
150 151 74.66
150 173 83.94
150 195 25.51
150 185 72.37
150 153 62.39
150 169 79.57
151 161 96.13
151 183 69.78
151 163 64.34
151 192 104.03
151 174 59.93
151 176 41.14
151 169 71.71
151 194 72.17
151 160 78.92
151 182 23.47
151 162 64.93
151 155 80.65
151 190 59.07
152 169 29.42
152 179 61.36
152 168 82.7
153 163 23.27
153 168 70.17
153 196 36.54
153 157 98.99
153 158 87.21
153 193 115.7
153 160 21
153 190 100.36
153 199 98.5
154 168 63.07
154 166 24.96
154 188 47.17
155 158 51.88
155 169 23.11
155 199 87.75
155 172 77.6
155 160 62.56
155 182 87.65
155 196 53.98
155 197 78.34
156 165 94.69
156 177 97.22
156 173 53.46
156 157 70.44
156 184 65.95
156 188 56.17
156 169 77.57
156 199 32.73
157 170 39.69
157 168 95.99
157 173 67.45
157 183 7.95
158 178 47.51
158 170 34.67
158 163 97.54
158 189 81.53
158 182 62.53
158 176 65.2
158 162 38.78
158 195 92.76
159 171 87.55
159 188 24.63
159 191 57.84
159 178 36.02
159 164 39.05
159 180 98.02
159 175 50.9
159 176 68.45
160 178 63.1
160 175 7.69
160 180 98.4
160 164 67.48
160 163 39.2
161 169 89.13
161 172 66.29
161 199 109.73
161 191 87.86
161 195 15.83
161 179 39.5
161 188 39.08
161 174 86.85
161 193 71.68
161 171 107.96
161 186 15.12
162 196 79.25
162 172 32.37
162 171 58.02
162 199 59.82
162 195 96.7
163 180 61.74
163 188 48.57
163 193 128.38
163 179 71.95
163 198 78.16
164 185 54.22
164 194 93
164 183 121.82
164 181 70.37
164 172 47.22
164 196 66.21
164 182 87.31
164 190 94.19
164 171 69.07
164 176 69.52
165 177 96.14
165 178 90.1
166 172 32.67
166 188 52.38
167 171 97.6
167 178 82.35
167 193 92.72
167 184 88.14
167 180 97.63
167 177 45
167 176 76.42
167 194 119.89
167 173 107.97
168 184 69.06
168 190 84.34
168 187 88.54
168 196 87.95
168 173 68.85
168 192 104.52
169 190 47.89
170 197 118.47
170 171 28.71
171 190 43.96
171 199 11.93
171 196 90.69
171 194 30.25
171 180 82.36
171 189 87.37
171 187 71.49
172 199 48.77
172 187 35.69
172 182 73.54
172 175 81.15
172 173 29.36
173 186 93.8
173 193 53.68
173 181 43.47
173 177 109.28
173 182 73.09
173 189 77.74
173 190 41.01
173 180 89.25
173 188 78.12
173 191 53.57
173 178 65.2
173 196 104.31
173 184 64.83
173 179 78.35
173 194 20.12
173 192 64.83
173 175 108.15
173 185 39.6
174 182 94.85
174 181 51.42
174 194 37.48
174 192 38.47
174 195 72.84
175 185 81.65
175 177 16.11
175 176 54.25
176 196 67.47
176 192 102.65
176 193 113.85
176 181 63.36
176 197 66.77
176 199 51.25
176 182 38.59
176 195 65.54
177 190 109.78
177 179 84.96
177 180 88.23
177 185 110.63
177 181 106.57
178 192 90.55
178 194 98.08
178 184 36.48
178 179 79.52
178 199 63.54
178 180 76.01
178 186 75.15
178 185 64.39
178 181 30.56
178 196 35.81
179 186 32.33
179 190 92.47
179 187 43.88
179 199 77.86
180 181 83.63
181 194 81.38
181 198 35.56
182 183 79.61
182 194 98.24
182 184 62.96
182 185 97.59
182 197 88.5
183 189 118.88
183 197 105.55
183 187 110.8
183 195 124.56
183 190 45.35
183 185 93.81
183 199 75.15
183 193 114.55
184 185 88.29
184 196 76.33
184 190 43.27
184 189 96.56
184 198 15.45
184 199 55.92
185 186 59.29
185 191 62.2
185 198 65.46
186 199 84.39
186 187 54.31
187 197 99.83
187 199 62.24
187 195 46.25
188 195 13.9
189 192 29.81
189 197 99.27
189 196 72.18
190 191 40.17
190 197 101.78
190 193 72.03
191 198 29.8
191 196 67.2
192 195 75.71
192 197 122.46
192 199 90.03
192 194 81.63
192 193 4.29
193 196 78.87
193 195 84.16
193 197 133.85
194 195 104.27
194 198 83.94
194 199 42
195 196 63.36
195 198 102.95
196 199 90.51
196 198 71.51
